{"prediction": [[[0.9950224004417905, 0.0009955199116420117, 0.0009955199116420117, 0.0009955199116420117, 0.0009955199116420117, 0.0009955199116420117], [0.9950224004417905, 0.0009955199116420117, 0.0009955199116420117, 0.0009955199116420117, 0.0009955199116420117, 0.0009955199116420117], [0.9950224004417905, 0.0009955199116420117, 0.0009955199116420117, 0.0009955199116420117, 0.0009955199116420117, 0.0009955199116420117], [0.9950224004417905, 0.0009955199116420117, 0.0009955199116420117, 0.0009955199116420117, 0.0009955199116420117, 0.0009955199116420117], [0.9950224004417905, 0.0009955199116420117, 0.0009955199116420117, 0.0009955199116420117, 0.0009955199116420117, 0.0009955199116420117], [0.9950224004417905, 0.0009955199116420117, 0.0009955199116420117, 0.0009955199116420117, 0.0009955199116420117, 0.0009955199116420117], [0.9950224004417905, 0.0009955199116420117, 0.0009955199116420117, 0.0009955199116420117, 0.0009955199116420117, 0.0009955199116420117], [0.9950224004417905, 0.0009955199116420117, 0.0009955199116420117, 0.0009955199116420117, 0.0009955199116420117, 0.0009955199116420117], [0.9950224004417905, 0.0009955199116420117, 0.0009955199116420117, 0.0009955199116420117, 0.0009955199116420117, 0.0009955199116420117], [0.9950224004417905, 0.0009955199116420117, 0.0009955199116420117, 0.0009955199116420117, 0.0009955199116420117, 0.0009955199116420117], [0.9950224004417905, 0.0009955199116420117, 0.0009955199116420117, 0.0009955199116420117, 0.0009955199116420117, 0.0009955199116420117], [0.9950224004417905, 0.0009955199116420117, 0.0009955199116420117, 0.0009955199116420117, 0.0009955199116420117, 0.0009955199116420117], [0.9950224004417905, 0.0009955199116420117, 0.0009955199116420117, 0.0009955199116420117, 0.0009955199116420117, 0.0009955199116420117], [0.9950224004417905, 0.0009955199116420117, 0.0009955199116420117, 0.0009955199116420117, 0.0009955199116420117, 0.0009955199116420117], [0.9950224004417905, 0.0009955199116420117, 0.0009955199116420117, 0.0009955199116420117, 0.0009955199116420117, 0.0009955199116420117], [0.9950224004417905, 0.0009955199116420117, 0.0009955199116420117, 0.0009955199116420117, 0.0009955199116420117, 0.0009955199116420117], [0.9950224004417905, 0.0009955199116420117, 0.0009955199116420117, 0.0009955199116420117, 0.0009955199116420117, 0.0009955199116420117], [0.9950224004417905, 0.0009955199116420117, 0.0009955199116420117, 0.0009955199116420117, 0.0009955199116420117, 0.0009955199116420117], [0.9950224004417905, 0.0009955199116420117, 0.0009955199116420117, 0.0009955199116420117, 0.0009955199116420117, 0.0009955199116420117], [0.9950224004417905, 0.0009955199116420117, 0.0009955199116420117, 0.0009955199116420117, 0.0009955199116420117, 0.0009955199116420117], [0.9950224004417905, 0.0009955199116420117, 0.0009955199116420117, 0.0009955199116420117, 0.0009955199116420117, 0.0009955199116420117], [0.9950224004417905, 0.0009955199116420117, 0.0009955199116420117, 0.0009955199116420117, 0.0009955199116420117, 0.0009955199116420117], [0.9950224004417905, 0.0009955199116420117, 0.0009955199116420117, 0.0009955199116420117, 0.0009955199116420117, 0.0009955199116420117], [0.9950224004417905, 0.0009955199116420117, 0.0009955199116420117, 0.0009955199116420117, 0.0009955199116420117, 0.0009955199116420117], [0.9950224004417905, 0.0009955199116420117, 0.0009955199116420117, 0.0009955199116420117, 0.0009955199116420117, 0.0009955199116420117], [0.9950224004417905, 0.0009955199116420117, 0.0009955199116420117, 0.0009955199116420117, 0.0009955199116420117, 0.0009955199116420117], [0.9950224004417905, 0.0009955199116420117, 0.0009955199116420117, 0.0009955199116420117, 0.0009955199116420117, 0.0009955199116420117], [0.9950224004417905, 0.0009955199116420117, 0.0009955199116420117, 0.0009955199116420117, 0.0009955199116420117, 0.0009955199116420117], [0.9950224004417905, 0.0009955199116420117, 0.0009955199116420117, 0.0009955199116420117, 0.0009955199116420117, 0.0009955199116420117], [0.9950224004417905, 0.0009955199116420117, 0.0009955199116420117, 0.0009955199116420117, 0.0009955199116420117, 0.0009955199116420117], [0.9950224004417905, 0.0009955199116420117, 0.0009955199116420117, 0.0009955199116420117, 0.0009955199116420117, 0.0009955199116420117], [0.9950224004417905, 0.0009955199116420117, 0.0009955199116420117, 0.0009955199116420117, 0.0009955199116420117, 0.0009955199116420117], [0.9950224004417905, 0.0009955199116420117, 0.0009955199116420117, 0.0009955199116420117, 0.0009955199116420117, 0.0009955199116420117], [0.9950224004417905, 0.0009955199116420117, 0.0009955199116420117, 0.0009955199116420117, 0.0009955199116420117, 0.0009955199116420117], [0.9950224004417905, 0.0009955199116420117, 0.0009955199116420117, 0.0009955199116420117, 0.0009955199116420117, 0.0009955199116420117], [0.9950224004417905, 0.0009955199116420117, 0.0009955199116420117, 0.0009955199116420117, 0.0009955199116420117, 0.0009955199116420117], [0.9950224004417905, 0.0009955199116420117, 0.0009955199116420117, 0.0009955199116420117, 0.0009955199116420117, 0.0009955199116420117], [0.9950224004417905, 0.0009955199116420117, 0.0009955199116420117, 0.0009955199116420117, 0.0009955199116420117, 0.0009955199116420117], [0.9950224004417905, 0.0009955199116420117, 0.0009955199116420117, 0.0009955199116420117, 0.0009955199116420117, 0.0009955199116420117], [0.9950224004417905, 0.0009955199116420117, 0.0009955199116420117, 0.0009955199116420117, 0.0009955199116420117, 0.0009955199116420117]], [[0.9950224004417905, 0.0009955199116420117, 0.0009955199116420117, 0.0009955199116420117, 0.0009955199116420117, 0.0009955199116420117], [0.8402418493117167, 0.05627635578712992, 0.06143501190216619, 0.009389122601350731, 0.03160234434082287, 0.0010553160568134825], [0.7979437740606325, 0.08095927214825754, 0.0793799512435797, 0.009509469211956278, 0.031170038049648238, 0.001037495285925729], [0.10488782940241882, 0.09264374828860213, 0.11912093850140643, 0.01716021531385057, 0.6651872726400584, 0.0009999958536637465], [0.7010110120091827, 0.10531320173411796, 0.10610121039485802, 0.024733816903736376, 0.061802697810998515, 0.001038061147106428], [0.12920779944009514, 0.09464355446276214, 0.10468350446837987, 0.01739138693746537, 0.6530737549723858, 0.0009999997189117035], [0.7907967311764297, 0.08264965043468774, 0.07318610556866748, 0.013401165221875509, 0.03892418247183601, 0.0010421651265034493], [0.7806086466524339, 0.08669339467334448, 0.07364914516170258, 0.011296560589880081, 0.046697613906460704, 0.0010546390161783163], [0.7680674922083073, 0.08643778824046663, 0.07617232478975298, 0.018289214476046683, 0.049992349530413725, 0.0010408307550126856], [0.6927509256659469, 0.10724243434391706, 0.10860777543241912, 0.020454132993741297, 0.06987922653422661, 0.0010655050297489772], [0.6688428959601096, 0.12093067864376678, 0.11931535369419956, 0.01857418091670698, 0.07128717550421601, 0.001049715281001209], [0.7043762507076392, 0.10152266731359726, 0.1125213342219843, 0.020355604138994336, 0.060170415129441636, 0.0010537284883432377], [0.09587540726555062, 0.06979716488676302, 0.06484555679454024, 0.014409493783963572, 0.7540723923787205, 0.0009999848904622248], [0.9950224004417905, 0.0009955199116420117, 0.0009955199116420117, 0.0009955199116420117, 0.0009955199116420117, 0.0009955199116420117], [0.9950224004417905, 0.0009955199116420117, 0.0009955199116420117, 0.0009955199116420117, 0.0009955199116420117, 0.0009955199116420117], [0.9950224004417905, 0.0009955199116420117, 0.0009955199116420117, 0.0009955199116420117, 0.0009955199116420117, 0.0009955199116420117], [0.8393695010490506, 0.06595567320323874, 0.05397094380720233, 0.00999261371813711, 0.02964870029769485, 0.0010625679246763424], [0.796354601242066, 0.0757183725445265, 0.07739076605876409, 0.01124777580515434, 0.03824713528943369, 0.0010413490600553346], [0.7154447049858642, 0.10741972541703981, 0.1062400071233501, 0.01529759192805851, 0.05453324483603304, 0.0010647257096543078], [0.7823626339139444, 0.09210074006567098, 0.08026456868865578, 0.00870443594560234, 0.035528274436706385, 0.0010393469494201872], [0.8165020123395798, 0.06805477457096394, 0.06642535700459293, 0.013537811689886194, 0.03442720818856973, 0.0010528362064073907], [0.03845288795423194, 0.047053755962437965, 0.04072122257062363, 0.004497318487218181, 0.8682166816203577, 0.0010581334051304524], [0.9151480809192543, 0.0372159427032586, 0.030482153859447067, 0.0036432642101045694, 0.012433901421771715, 0.0010766568861638962], [0.020074296017888387, 0.024224144464665323, 0.017113719818504954, 0.0026695496095718034, 0.9346097798726746, 0.0013085102166950067], [0.9223212256216844, 0.03502892490048083, 0.025763020590402905, 0.0032886934805623443, 0.012521439669125882, 0.0010766957377435103], [0.8982712054595461, 0.049378992237500204, 0.0318970088951319, 0.007014486768600181, 0.012377800221917092, 0.0010605064173045441], [0.8582937463999122, 0.05380288979950177, 0.059341561236770264, 0.008812435549474092, 0.018695315524785833, 0.0010540514895557274], [0.8982204157649102, 0.04602943718091882, 0.033878585448667176, 0.005652197074459944, 0.01515839969484265, 0.001060964836201234], [0.914877265385291, 0.036694599149451515, 0.02955843980719461, 0.005663673659448033, 0.012128890113812294, 0.0010771318848023638], [0.9435967171456319, 0.023619816931101878, 0.017243306433310804, 0.003104750465831585, 0.011124294908125129, 0.0013111141159986377], [0.9828714863583925, 0.008849178694351312, 0.004341904022620245, 0.0009998315968330306, 0.0016697153476434665, 0.0012678839801595894], [0.005592172479673256, 0.007557676577651158, 0.0039186413940938275, 0.0009998299999423364, 0.9806662331767314, 0.0012654463719080503], [0.005530617882792352, 0.00764561171605245, 0.0039186413940938275, 0.0009998299999423364, 0.980639852635211, 0.0012654463719080503], [0.9828823985189645, 0.008833589893534015, 0.004341904022620245, 0.0009998315968330306, 0.001674391987888655, 0.0012678839801595894], [0.9829051625236594, 0.008801069886826737, 0.004341904022620244, 0.0009998315968330303, 0.0016841479899008377, 0.0012678839801595892], [0.9828588408828972, 0.008867243659344467, 0.004341904022620245, 0.0009998315968330306, 0.0016642958581455196, 0.0012678839801595894], [0.9830708738980323, 0.008564339352008713, 0.004341904022620245, 0.0009998315968330306, 0.0017551671503462456, 0.0012678839801595894], [0.9950224004417905, 0.0009955199116420117, 0.0009955199116420117, 0.0009955199116420117, 0.0009955199116420117, 0.0009955199116420117], [0.983463851341971, 0.00800294300352469, 0.004341904022620245, 0.0009998315968330306, 0.0019235860548914526, 0.0012678839801595894], [0.9950224004417905, 0.0009955199116420117, 0.0009955199116420117, 0.0009955199116420117, 0.0009955199116420117, 0.0009955199116420117]], [[0.9950224004417905, 0.0009955199116420117, 0.0009955199116420117, 0.0009955199116420117, 0.0009955199116420117, 0.0009955199116420117], [0.8111894864859406, 0.07391067022780917, 0.07778154779817784, 0.010308669636770214, 0.025772130573106535, 0.0010374952781957868], [0.7108768336497108, 0.20514138476211907, 0.001099631072611804, 0.017553748755036496, 0.06426800843677052, 0.001060393323751289], [0.11797633283908225, 0.22137294147967948, 0.0011594126392176413, 0.01883716588821399, 0.6396541606145226, 0.0009999865392840569], [0.4414802478212666, 0.3045567173594723, 0.0009998409999287183, 0.026258307329622872, 0.22570504548978082, 0.0009998409999287183], [0.6794525138003071, 0.22134565591681096, 0.0009998585469719254, 0.019285575389627725, 0.07786719658015939, 0.0010491997661229106], [0.6799363690478636, 0.21885618209200175, 0.0009998624389889845, 0.022423968911937854, 0.07672274744953003, 0.0010608700596779158], [0.09461148899703781, 0.1700513935023937, 0.0009998279285097025, 0.015307829961737553, 0.7180296316818116, 0.0009998279285097025], [0.676520243612489, 0.21786510128303851, 0.0009998645523950247, 0.02076982381439615, 0.08278195466534304, 0.0010630120723382924], [0.673710383486051, 0.22872194186883135, 0.0009998618118194009, 0.02337041419059609, 0.0721449366596109, 0.0010524619830912382], [0.43576033259781377, 0.3187731484885085, 0.0009998447883294765, 0.02840953118982778, 0.21505729814719104, 0.0009998447883294765], [0.13941446836225346, 0.10722283113325264, 0.1288465556722928, 0.020587449323641267, 0.602928717703808, 0.0009999778047518975], [0.9950224004417905, 0.0009955199116420117, 0.0009955199116420117, 0.0009955199116420117, 0.0009955199116420117, 0.0009955199116420117], [0.793622966387321, 0.07496349995275609, 0.07706291519995075, 0.009495161520084441, 0.043820339032294923, 0.001035117907592812], [0.8324082796362633, 0.057311282692599864, 0.06306707467018992, 0.013907118597145432, 0.03224682058006312, 0.0010594238237385232], [0.8146755667294497, 0.0644632199258438, 0.06999015351749044, 0.01056725130146319, 0.039247663578897474, 0.001056144946855328], [0.9950224004417905, 0.0009955199116420117, 0.0009955199116420117, 0.0009955199116420117, 0.0009955199116420117, 0.0009955199116420117], [0.14394815667028982, 0.09469036870519636, 0.1083488326518503, 0.018828841917844123, 0.6331818230456362, 0.001001977009183161], [0.6831728201442501, 0.2243233630573977, 0.000999857228891075, 0.023152313704156446, 0.06730375736892426, 0.0010478884963803848], [0.11826973256788945, 0.21681839206101405, 0.000999834496889087, 0.018740154616640893, 0.6441720517606774, 0.000999834496889087], [0.7734065376390045, 0.1677781877677429, 0.0009998774096645917, 0.017079987130916473, 0.0396880290518979, 0.0010473810007736349], [0.05704340724355164, 0.12917533453211677, 0.0009998638165947568, 0.012091267191871936, 0.7996307367202318, 0.001059390495633269], [0.8844088389143302, 0.08690082773598086, 0.00099986438856898, 0.009421067642100921, 0.017208828556717633, 0.0010605727623012983], [0.018428704454821, 0.06930189617766425, 0.000999873192582766, 0.007100263899342907, 0.9030912093897363, 0.0010780528858528862], [0.889985332687905, 0.08212758731126159, 0.0009998643797238152, 0.00782447708162118, 0.018002165786569192, 0.001060572752919085], [0.8384072066153284, 0.12225579861597448, 0.0009998660797911263, 0.007843077921257604, 0.029432651944084256, 0.0010613988235641542], [0.820695902221, 0.13287998078843266, 0.0009998589245356487, 0.011658797635603192, 0.03271876196043534, 0.0010466984699933424], [0.8328014937424681, 0.1202179026845199, 0.0009998656249804495, 0.010280608658063385, 0.0346391894873872, 0.0010609398025809092], [0.8973890977549159, 0.07493156193813053, 0.001012930103529114, 0.009550430556926259, 0.016053944819018506, 0.0010620348274795993], [0.019167402770251134, 0.031071327103480918, 0.026448322154916038, 0.007826031269027598, 0.9144083413820957, 0.001078575320228672], [0.9950224004417905, 0.0009955199116420117, 0.0009955199116420117, 0.0009955199116420117, 0.0009955199116420117, 0.0009955199116420117], [0.9830944315340996, 0.008530685586198263, 0.004341904022620245, 0.0009998315968330306, 0.0017652632800893811, 0.0012678839801595894], [0.9829405342602826, 0.011995837296492954, 0.0009993601439187395, 0.0009993601439187395, 0.0018005177484775412, 0.0012643904069094948], [0.005639094497332882, 0.014347000742513332, 0.0009995780887600567, 0.0011553336976334603, 0.9765904809711213, 0.0012685120026388551], [0.9827476365934601, 0.012271405391953736, 0.0009993601439187395, 0.0009993601439187395, 0.0017178473198393065, 0.0012643904069094948], [0.005639094497332882, 0.014347000742513332, 0.0009995780887600567, 0.0011553336976334603, 0.9765904809711213, 0.0012685120026388551], [0.9828091622636251, 0.012183511577431968, 0.0009993601439187393, 0.0009993601439187393, 0.001744215464195836, 0.0012643904069094944], [0.9824952532331502, 0.009386654587554366, 0.004341904022620245, 0.0009998315968330306, 0.00150847257968255, 0.0012678839801595894], [0.9950224004417905, 0.0009955199116420117, 0.0009955199116420117, 0.0009955199116420117, 0.0009955199116420117, 0.0009955199116420117], [0.9950224004417905, 0.0009955199116420117, 0.0009955199116420117, 0.0009955199116420117, 0.0009955199116420117, 0.0009955199116420117]], [[0.9950224004417905, 0.0009955199116420117, 0.0009955199116420117, 0.0009955199116420117, 0.0009955199116420117, 0.0009955199116420117], [0.053409993916079736, 0.067163000130305, 0.06934014032436607, 0.00725227402437065, 0.8017850055741313, 0.0010495860307472382], [0.06295074607384854, 0.15319019404497983, 0.0009998355964018313, 0.014022258408534547, 0.7678371302798336, 0.0009998355964018313], [0.7095756643431944, 0.20669131430890894, 0.0009998637775522254, 0.01673805841234087, 0.06493292623671615, 0.0010621729212874982], [0.6930514860829999, 0.20611643490195355, 0.000999859535828729, 0.023023508343679847, 0.07575852040386803, 0.0010501907316699424], [0.6960950311444901, 0.20521365517841988, 0.0009998646207982564, 0.02403794481816398, 0.07259046185962424, 0.0010630423785033744], [0.7704691738242889, 0.16851886747693326, 0.000999857015716379, 0.014617414930943373, 0.04434985740723706, 0.001044829344880982], [0.7865257721269666, 0.15035778236148245, 0.000999864821536906, 0.014434741683564095, 0.04662168731196702, 0.0010601516944826357], [0.7585314763218314, 0.17033326037617444, 0.0009998567201526928, 0.019841930054069905, 0.04924897667870987, 0.0010444998490618178], [0.6789682881121047, 0.216546909088685, 0.0009998650968805368, 0.02140743479893089, 0.08101397456002148, 0.0010635283433773335], [0.6699398348292503, 0.11101509075850198, 0.11717761986115148, 0.030173550086056117, 0.07064800874567848, 0.0010458957193616053], [0.9950224004417905, 0.0009955199116420117, 0.0009955199116420117, 0.0009955199116420117, 0.0009955199116420117, 0.0009955199116420117], [0.000995519911642011, 0.000995519911642011, 0.000995519911642011, 0.000995519911642011, 0.000995519911642011, 0.99502240044179], [0.795398486036284, 0.14323763044589533, 0.0009998572292071125, 0.008482262786930577, 0.050836688751998184, 0.0010450747496848006], [0.8093659284814462, 0.13883212890678567, 0.0009998659171805977, 0.012811477546516879, 0.036929353293657, 0.0010612458544137394], [0.8112024770312468, 0.1375038457099823, 0.00099985905378417, 0.013885399400442432, 0.035361537330790185, 0.0010468814737541578], [0.7277316219993412, 0.08968129775813145, 0.10145964717657416, 0.017883891243335948, 0.062174427929423334, 0.0010691138931940042], [0.9950224004417905, 0.0009955199116420117, 0.0009955199116420117, 0.0009955199116420117, 0.0009955199116420117, 0.0009955199116420117], [0.4711904557190439, 0.13688345237158747, 0.128655390043287, 0.025104036354521506, 0.2371666828473492, 0.00099998266421101], [0.6956017982976708, 0.2137384826084973, 0.0009998584634999075, 0.024425962785150464, 0.0641847769363233, 0.0010491209088581803], [0.10908422426648696, 0.20474482051190485, 0.0009998258816589466, 0.01387290908031805, 0.6702983943779723, 0.0009998258816589466], [0.8061368919761898, 0.14798066701966606, 0.000999857567712451, 0.011773998190906706, 0.032063190212150816, 0.001045395033374219], [0.8384513880288484, 0.12171992774707555, 0.0009998678606496646, 0.010146330667965796, 0.027619302487579617, 0.0010631832078809276], [0.8732864088794345, 0.09584879141522479, 0.0009998640549370946, 0.0059546034918156, 0.02285013178094506, 0.0010602003776427782], [0.05727935878310653, 0.13107329609372192, 0.0009998622240242907, 0.012385665804766856, 0.7972039833019411, 0.001057833792439324], [0.0673410898460464, 0.14529288312972266, 0.0009998295809932464, 0.017520398061728986, 0.7678459698005156, 0.0009998295809932464], [0.7181531170213962, 0.20579232603094735, 0.0009998643270788048, 0.01448397229560913, 0.05950801910157275, 0.0010627012233956844], [0.06715275058543083, 0.1288551434088196, 0.0009998322145556393, 0.012946037705821405, 0.789046403870817, 0.0009998322145556393], [0.8383318174682838, 0.05823295557251468, 0.058104437085851245, 0.009868638606364347, 0.03440435526987668, 0.00105779599710923], [0.9950224004417905, 0.0009955199116420117, 0.0009955199116420117, 0.0009955199116420117, 0.0009955199116420117, 0.0009955199116420117], [0.9950224004417905, 0.0009955199116420117, 0.0009955199116420117, 0.0009955199116420117, 0.0009955199116420117, 0.0009955199116420117], [0.9950224004417905, 0.0009955199116420117, 0.0009955199116420117, 0.0009955199116420117, 0.0009955199116420117, 0.0009955199116420117], [0.9822199050759367, 0.009780009097859118, 0.004341904022620244, 0.0009998315968330303, 0.0013904662265911234, 0.0012678839801595892], [0.9827476365934601, 0.012271405391953736, 0.0009993601439187395, 0.0009993601439187395, 0.0017178473198393063, 0.0012643904069094948], [0.9827787105205178, 0.012227014067585243, 0.0009993601439187393, 0.0009993601439187393, 0.0017311647171498535, 0.0012643904069094944], [0.982639811124683, 0.012425441775920629, 0.0009993601439187393, 0.0009993601439187393, 0.0016716364046492377, 0.0012643904069094944], [0.004501614257252985, 0.015971972514056045, 0.0009995780887600567, 0.0011553336976334603, 0.9761029894396586, 0.0012685120026388551], [0.9424059243141765, 0.037567325926715245, 0.0009995950468087932, 0.0038532792243019163, 0.013868087675094863, 0.0013057878129026524], [0.0048742068289034934, 0.008583341793036534, 0.0039186413940938275, 0.0009998299999423364, 0.9803585336121158, 0.0012654463719080503], [0.9950224004417905, 0.0009955199116420117, 0.0009955199116420117, 0.0009955199116420117, 0.0009955199116420117, 0.0009955199116420117]], [[0.9950224004417905, 0.0009955199116420117, 0.0009955199116420117, 0.0009955199116420117, 0.0009955199116420117, 0.0009955199116420117], [0.8925243815609625, 0.04526683930726961, 0.04041505240946412, 0.005452509005103441, 0.015282925005894128, 0.0010582927113061851], [0.8228718033558327, 0.12457457695286993, 0.0009998652118346808, 0.014927361537116168, 0.03556584489630921, 0.0010605480460371896], [0.802331714120857, 0.1490320798757051, 0.000999856144781787, 0.013474759976198031, 0.033117664225436765, 0.0010439256570212892], [0.7279543419273528, 0.1929755393224161, 0.0009998660289321597, 0.01370240827062736, 0.06330338573211386, 0.0010644587185577958], [0.7956087392384354, 0.1449122735713367, 0.0009998579125278545, 0.01674875407078832, 0.04068464426039696, 0.0010457309465147187], [0.07426500767254222, 0.12407691982192158, 0.0009998608193895453, 0.012846036186146523, 0.7867557573338618, 0.0010564181661383012], [0.8482823007927703, 0.10878692082023848, 0.0009998644814820379, 0.012936604956556536, 0.02793364362803552, 0.0010606653209170123], [0.8417511575444936, 0.11453813656410952, 0.0009995421202240846, 0.011284808389839005, 0.03042681326110979, 0.0009995421202240846], [0.07430074536804573, 0.11662285432307337, 0.000999462823575853, 0.012182811176863418, 0.7948946634848657, 0.000999462823575853], [0.000995420865036153, 0.000995420865036153, 0.000995420865036153, 0.000995420865036153, 0.000995420865036153, 0.9950228956748194], [0.7731053061243596, 0.07178907934976803, 0.08303062176808863, 0.016625874558187176, 0.0544492621123802, 0.000999856087216381], [0.000995420865036153, 0.000995420865036153, 0.000995420865036153, 0.000995420865036153, 0.000995420865036153, 0.9950228956748194], [0.7767144478158785, 0.1555440057069486, 0.0009995449675797732, 0.012592061425377566, 0.05315039511663575, 0.0009995449675797732], [0.8340405597033861, 0.11984867232898716, 0.0009995225289247925, 0.009141477297504922, 0.03497024561227248, 0.0009995225289247925], [0.8428538246660544, 0.11548223954518395, 0.0009995409034660853, 0.007714645376612285, 0.03195020860521729, 0.0009995409034660853], [0.8538150748540491, 0.10165241895627886, 0.0009995224969010798, 0.009242695524828204, 0.033290765671041646, 0.0009995224969010798], [0.7949041211142639, 0.0681730365301783, 0.07379199744745603, 0.01432385743986771, 0.047807126144532586, 0.0009998613237016108], [0.9950228956748198, 0.0009954208650361537, 0.0009954208650361537, 0.0009954208650361537, 0.0009954208650361537, 0.0009954208650361537], [0.8017424329547429, 0.07322664241020331, 0.06692946927505732, 0.014844386930663847, 0.042257207225841774, 0.0009998612034908554], [0.848859118219773, 0.11721677325394055, 0.0009995212838198868, 0.010647582103610028, 0.021277483855036687, 0.0009995212838198868], [0.866734081879867, 0.10022328814235827, 0.000999544433625554, 0.01059677639273758, 0.02044676471778612, 0.000999544433625554], [0.8991424704619011, 0.07584379737346159, 0.0009995383029333734, 0.006568856387853465, 0.016445799170917264, 0.0009995383029333734], [0.8320917847833942, 0.1254687664092962, 0.0009998681206068345, 0.008409320650264887, 0.03196681952881237, 0.0010634405076255398], [0.07364558708292908, 0.14008569953215924, 0.0009998262638399105, 0.01355724607290163, 0.7707118147843304, 0.0009998262638399105], [0.7052716724613527, 0.20562235426136916, 0.0009998645838918483, 0.017521206904323922, 0.06952191405393518, 0.0010629877351271285], [0.7079072613786603, 0.19792434725156574, 0.0009998598293702937, 0.018243602733274272, 0.0738743984977298, 0.001050530309399509], [0.7356467249643237, 0.09151969941490877, 0.08890714211686725, 0.017146851183462854, 0.06571311856209347, 0.0010664637583438572], [0.9950224004417905, 0.0009955199116420117, 0.0009955199116420117, 0.0009955199116420117, 0.0009955199116420117, 0.0009955199116420117], [0.8488246903454006, 0.05696161522551666, 0.05285154756041129, 0.008999619188759094, 0.0313030990794627, 0.0010594286004495053], [0.9950224004417905, 0.0009955199116420117, 0.0009955199116420117, 0.0009955199116420117, 0.0009955199116420117, 0.0009955199116420117], [0.01512390854532575, 0.02978857735478074, 0.025758626647155117, 0.004610499466288557, 0.9236396047652415, 0.001078783221208343], [0.03138261822777567, 0.04058296741544374, 0.0009995966410941202, 0.003911319543005334, 0.9218142059308038, 0.001309292241877306], [0.004501614257252985, 0.015971972514056045, 0.0009995780887600567, 0.0011553336976334603, 0.9761029894396586, 0.0012685120026388551], [0.9826861109232947, 0.012359299206475502, 0.0009993601439187395, 0.0009993601439187395, 0.0016914791754827766, 0.0012643904069094948], [0.004501614257252985, 0.015971972514056045, 0.0009995780887600567, 0.0011553336976334603, 0.9761029894396586, 0.0012685120026388551], [0.030952120278946345, 0.04119796448519991, 0.0009995966410941202, 0.003911319543005334, 0.921629706809877, 0.001309292241877306], [0.013387893938260868, 0.04924991943244298, 0.0011032351327791518, 0.0035579001883103444, 0.9316234092354145, 0.0010776420727921776], [0.9434286529271343, 0.023859908671812636, 0.017243306433310804, 0.003104750465831585, 0.011052267385911902, 0.0013111141159986377], [0.9950224004417905, 0.0009955199116420117, 0.0009955199116420117, 0.0009955199116420117, 0.0009955199116420117, 0.0009955199116420117]], [[0.9950224004417905, 0.0009955199116420117, 0.0009955199116420117, 0.0009955199116420117, 0.0009955199116420117, 0.0009955199116420117], [0.9092885628391276, 0.0413909509173004, 0.02878760465419746, 0.006104625019819927, 0.01335212410508436, 0.0010761324644701841], [0.8862278509071285, 0.09055680627040232, 0.0009998642412658721, 0.006309665195562057, 0.014845389732267025, 0.001060423653374286], [0.057267651997039794, 0.1258000169560683, 0.0009998613657006368, 0.01152173873588141, 0.803353786359276, 0.001056944586033762], [0.8268501975143955, 0.13050259477148715, 0.0009998579106657388, 0.012757304835333355, 0.027844314023551073, 0.0010457309445671698], [0.8416175604316855, 0.11533278381209931, 0.0009998667728056314, 0.011102192114335408, 0.02988552981047923, 0.0010620670585950143], [0.8848965265113867, 0.08130486913506008, 0.0009998630970569121, 0.013445410459357973, 0.018294044573635194, 0.0010592862235030028], [0.8701938046375142, 0.0988849771941838, 0.0009998636298215857, 0.010256801342367856, 0.018604760633432776, 0.0010597925626798334], [0.8739985316172658, 0.09018068300260919, 0.0009995421765447233, 0.006824167092276588, 0.026997533934758955, 0.0009995421765447233], [0.8454955619655794, 0.1052796409636254, 0.000999523254204197, 0.015449449615442963, 0.03177630094694395, 0.000999523254204197], [0.000995420865036153, 0.000995420865036153, 0.000995420865036153, 0.000995420865036153, 0.000995420865036153, 0.9950228956748194], [0.7591119701719423, 0.1640757159408728, 0.0009995304267521594, 0.015974756737145487, 0.05883849629653515, 0.0009995304267521594], [0.3669079263914456, 0.22416938518916243, 0.00099947208411993, 0.0215425668396219, 0.3853811774115302, 0.00099947208411993], [0.7561128255146898, 0.16619867429423935, 0.0009995348015245055, 0.01652852501104832, 0.05916090557697352, 0.0009995348015245055], [0.09184062633957062, 0.1467205672256534, 0.000999460472660848, 0.013814611890911608, 0.7456252735985427, 0.000999460472660848], [0.06085924555976806, 0.10820123125730435, 0.000999459743900897, 0.009222678414417505, 0.8197179252807084, 0.000999459743900897], [0.8554061962358724, 0.10647121675059074, 0.0009995379110481568, 0.010525982642471272, 0.025597528548969333, 0.0009995379110481568], [0.8709298505860025, 0.05684054578327465, 0.04721076228594305, 0.007464792164029696, 0.016554214043719886, 0.0009998351370304405], [0.9950228956748198, 0.0009954208650361537, 0.0009954208650361537, 0.0009954208650361537, 0.0009954208650361537, 0.0009954208650361537], [0.9950228956748198, 0.0009954208650361537, 0.0009954208650361537, 0.0009954208650361537, 0.0009954208650361537, 0.0009954208650361537], [0.05157724116151225, 0.04638321342209048, 0.03645333716105363, 0.009209571286721716, 0.8553767887930122, 0.0009998481756097394], [0.9032828837542191, 0.07243691270139171, 0.000999537892615668, 0.006220029916116336, 0.01606109784304158, 0.000999537892615668], [0.8694224504162715, 0.09578507151301315, 0.0009995439368379207, 0.009254324314582677, 0.023539065882457, 0.0009995439368379207], [0.05568811880706133, 0.1343341966634385, 0.00099983263500917, 0.012125395241339883, 0.795852624018142, 0.00099983263500917], [0.7265429110506689, 0.2011061538715308, 0.000999864454989797, 0.013010830233214999, 0.05727743205381917, 0.0010628083357762414], [0.7279906100947929, 0.18736516220495844, 0.0009998606006139756, 0.014188898456026059, 0.06840418764771064, 0.001051280995897977], [0.5005227780134611, 0.09624154252221273, 0.12835686995299053, 0.035774123453116785, 0.23810471073507705, 0.0009999753231417188], [0.9950224004417905, 0.0009955199116420117, 0.0009955199116420117, 0.0009955199116420117, 0.0009955199116420117, 0.0009955199116420117], [0.9950224004417905, 0.0009955199116420117, 0.0009955199116420117, 0.0009955199116420117, 0.0009955199116420117, 0.0009955199116420117], [0.8353527558841272, 0.06229497497487363, 0.0609854913721836, 0.010242206589096806, 0.03008889752097189, 0.0010356736587467912], [0.9950224004417905, 0.0009955199116420117, 0.0009955199116420117, 0.0009955199116420117, 0.0009955199116420117, 0.0009955199116420117], [0.028203048418831714, 0.041970542648703035, 0.029867811174626422, 0.005032799231812697, 0.8938690175660448, 0.001056780959981469], [0.02269030646404273, 0.05294595633865389, 0.0009998729103580625, 0.0051370804542929934, 0.917148986564865, 0.001077797267787228], [0.9416704486454378, 0.038618005453485045, 0.0009995950468087934, 0.003853279224301917, 0.013552883817063932, 0.0013057878129026526], [0.9812372398076136, 0.01442911508602003, 0.0009993601439187395, 0.0009993601439187395, 0.0010705344116194186, 0.0012643904069094948], [0.9414653693218137, 0.038910975915804995, 0.0009995950468087932, 0.0038532792243019163, 0.013464992678367942, 0.0013057878129026524], [0.93506830230753, 0.05265722799254922, 0.0009998709177621975, 0.0035250201554199536, 0.006674269199356986, 0.0010753094273815728], [0.9117792306912684, 0.0697181189465843, 0.000999863667501724, 0.004532203558216181, 0.011910762567887773, 0.0010598205685416655], [0.9303463229069443, 0.029580000140850604, 0.026587574497479075, 0.003391240224391449, 0.00902233830907814, 0.0010725239212564226], [0.9950224004417905, 0.0009955199116420117, 0.0009955199116420117, 0.0009955199116420117, 0.0009955199116420117, 0.0009955199116420117]], [[0.9950224004417905, 0.0009955199116420117, 0.0009955199116420117, 0.0009955199116420117, 0.0009955199116420117, 0.0009955199116420117], [0.9421873937868996, 0.02563313601500506, 0.017243306433310804, 0.003104750465831585, 0.010520299182954175, 0.0013111141159986377], [0.907710128774775, 0.07307333201712046, 0.0009998697174358675, 0.005337863776755281, 0.011804758179391514, 0.0010740475345218672], [0.8714161658703735, 0.09685894610712593, 0.000999863620404961, 0.00978284736683951, 0.019882377080746097, 0.0010597999545097904], [0.8516826140514793, 0.11237716647082605, 0.0009998654544497658, 0.008247264651532867, 0.025632294928554334, 0.0010607944431575832], [0.8905605875608903, 0.08052784818199174, 0.0009998627149234586, 0.009227372172525545, 0.017625484460253034, 0.0010588449094159607], [0.9011546667044461, 0.06786577454041758, 0.0009998670033869778, 0.00829069806992871, 0.020617665094822813, 0.001071328586997686], [0.8987715189608464, 0.07576262928760807, 0.0009998690717258562, 0.008649516818029923, 0.014743037810210365, 0.001073428051579439], [0.9049576442346207, 0.06801723431352316, 0.000999535269529686, 0.008913675465344429, 0.016112375447452452, 0.000999535269529686], [0.000995420865036153, 0.000995420865036153, 0.000995420865036153, 0.000995420865036153, 0.000995420865036153, 0.9950228956748194], [0.8487500536627347, 0.10245046120310013, 0.000999524086005154, 0.01126238260134125, 0.03553805436081364, 0.000999524086005154], [0.09065134543006285, 0.15511406227065883, 0.0009994683972203169, 0.018979254658579452, 0.7332564008462583, 0.0009994683972203169], [0.7663448349492963, 0.1690792853736494, 0.0009995306126858543, 0.016173737622808, 0.04640308082887481, 0.0009995306126858543], [0.7870046995700771, 0.15170429743733782, 0.0009995471301022742, 0.01063538844285459, 0.04865652028952593, 0.0009995471301022742], [0.8536193932670064, 0.10524469570031741, 0.0009995232292896586, 0.010544759547858886, 0.028592105026237945, 0.0009995232292896586], [0.8703032665113526, 0.09948425216570424, 0.000999542570455861, 0.006954059642094589, 0.021259336539936897, 0.000999542570455861], [0.9058131748015242, 0.07062632088409347, 0.0009995375822482574, 0.0050293370261827895, 0.016532092123703063, 0.0009995375822482574], [0.88804493244615, 0.08448146620654384, 0.000999544280545843, 0.0069705181781203026, 0.018503994608094314, 0.000999544280545843], [0.8850552666996627, 0.044686703916997146, 0.04738273980336063, 0.005605700580438275, 0.016269754605013818, 0.0009998343945274999], [0.040962850010543915, 0.040631564138873213, 0.03665924718230569, 0.004650573012689563, 0.8760959184177067, 0.0009998472378808835], [0.9950228956748198, 0.0009954208650361537, 0.0009954208650361537, 0.0009954208650361537, 0.0009954208650361537, 0.0009954208650361537], [0.0201963757466096, 0.03201535909097653, 0.028743710223896615, 0.0052903945044466645, 0.9127542994474751, 0.0009998609865956268], [0.034051892600789974, 0.04206598255887924, 0.02781419429921215, 0.004692061391974844, 0.8903760236048553, 0.0009998455442886518], [0.8369613413440774, 0.061913242747894136, 0.05942861621283208, 0.012979284713185622, 0.02765780737479881, 0.001059707607211855], [0.8212696869948614, 0.07434157813782866, 0.05978809279504184, 0.008290405890159338, 0.0352632743083132, 0.0010469618737955241], [0.7473051263857707, 0.08096226276727767, 0.0844580892562381, 0.01957688444229039, 0.06662401599701019, 0.0010736211514129348], [0.9950224004417905, 0.0009955199116420117, 0.0009955199116420117, 0.0009955199116420117, 0.0009955199116420117, 0.0009955199116420117], [0.7018363972693487, 0.08998349865649968, 0.10807967590013731, 0.023338373080635803, 0.07570009122083789, 0.0010619638725406597], [0.7291026059508166, 0.0849331921214189, 0.10436520453766938, 0.019419669594768738, 0.06111804738328401, 0.0010612804120422703], [0.8063491666554637, 0.13632912380961948, 0.000999857419386423, 0.013942161575007203, 0.04133449062707656, 0.001045199913446646], [0.07431795277739615, 0.06540120043942058, 0.0596249393712446, 0.010111723887817054, 0.7894873506034475, 0.001056832920674068], [0.03320295469199383, 0.08280417768870252, 0.0009998620210578207, 0.006189245077431986, 0.8757451317722714, 0.0010586287485425774], [0.021449380212790917, 0.05884807676182157, 0.000999872479595021, 0.005008987323879659, 0.9126163213102708, 0.0010773619116420218], [0.9401413114861874, 0.04080248710955699, 0.0009995950468087934, 0.003853279224301917, 0.012897539320242348, 0.0013057878129026526], [0.9407771934298642, 0.03989408433287566, 0.0009995950468087932, 0.0038532792243019163, 0.013170060153246737, 0.0013057878129026524], [0.9301591394377362, 0.05299558668454799, 0.0009998710428564682, 0.0037597194840198254, 0.011010254731321608, 0.0010754286195178782], [0.9012376146093692, 0.07918306878113349, 0.0009998631913906138, 0.00473981439047674, 0.012780308351109406, 0.0010593306765206566], [0.047826449805587076, 0.1063437020184212, 0.0009998625401749233, 0.006798773966905544, 0.8369730473798762, 0.001058164289035079], [0.897741477883772, 0.047124285067661205, 0.03652939196278723, 0.004405706622376573, 0.01314146107210864, 0.0010576773912942038], [0.9950224004417905, 0.0009955199116420117, 0.0009955199116420117, 0.0009955199116420117, 0.0009955199116420117, 0.0009955199116420117]], [[0.9950224004417905, 0.0009955199116420117, 0.0009955199116420117, 0.0009955199116420117, 0.0009955199116420117, 0.0009955199116420117], [0.9194579782649817, 0.03813395050630933, 0.0273990044362543, 0.006166442163045072, 0.0077667806144189186, 0.0010758440149906956], [0.8891906992125925, 0.08581190789951744, 0.0009998636188896903, 0.008711330796448482, 0.01422642383881241, 0.0010597746337395614], [0.8417758164795143, 0.11958988228088667, 0.000999865631852635, 0.0067475754837183766, 0.029825896213893498, 0.001060963910134486], [0.8653781054747339, 0.09553483257675996, 0.0009998623697042048, 0.012253195431116172, 0.02477546709893464, 0.0010585370487511177], [0.9046026156605947, 0.07128241687963192, 0.0009998688864530654, 0.007753059252204305, 0.014288821209503111, 0.0010732181116128083], [0.9048109023986467, 0.07018725017011136, 0.000999868925932309, 0.007959240124063882, 0.014969480742837004, 0.001073257638408771], [0.04325622510287721, 0.07857945123141832, 0.000999858608341656, 0.006859768629923081, 0.8692494677178714, 0.0010552287095683165], [0.000995420865036153, 0.000995420865036153, 0.000995420865036153, 0.000995420865036153, 0.000995420865036153, 0.9950228956748194], [0.000995420865036153, 0.000995420865036153, 0.000995420865036153, 0.000995420865036153, 0.000995420865036153, 0.9950228956748194], [0.8640123503115728, 0.09302446230532518, 0.0009995397618987735, 0.00875474798952961, 0.032209359869774926, 0.0009995397618987735], [0.8373864360399638, 0.11326783377757488, 0.0009995250923584167, 0.01313396226913866, 0.03421271772860588, 0.0009995250923584167], [0.08751098025816317, 0.1571042106349424, 0.000999461895935561, 0.01268876654384772, 0.7406971187711756, 0.000999461895935561], [0.8436188079019615, 0.1136465956210971, 0.0009995215773620767, 0.010836418638951073, 0.02989913468326624, 0.0009995215773620767], [0.8718944568526255, 0.09464061679231679, 0.0009995406887323055, 0.007124339640262819, 0.024341505337330305, 0.0009995406887323055], [0.912619635010882, 0.06577240579826676, 0.000999538790889404, 0.0049382649018409235, 0.014670616707231441, 0.000999538790889404], [0.022541437587664956, 0.04644322821880936, 0.0009995624005659448, 0.004873379178307613, 0.9241428302140862, 0.0009995624005659448], [0.9278476978382304, 0.052641066128985385, 0.0009995396088891065, 0.005388160993430812, 0.01212399582157521, 0.0009995396088891065], [0.9010069852369195, 0.07456103965300594, 0.0009995427462600333, 0.005574583691457463, 0.016858305926097168, 0.0009995427462600333], [0.925551483492032, 0.05304120699822515, 0.000999537609529506, 0.006670716247925969, 0.01273751804275806, 0.000999537609529506], [0.9382464334815203, 0.025217550901390363, 0.01883466759300338, 0.005251272670746217, 0.011450215362606793, 0.0009998599907329883], [0.9950228956748