{"prediction": [[[0.9939395113416686, 0.0020605576296966422, 0.0009999827571587124, 0.0009999827571587124, 0.0009999827571587124, 0.0009999827571587124], [0.9937901455670355, 0.002209908657437194, 0.000999986443881862, 0.000999986443881862, 0.000999986443881862, 0.000999986443881862], [0.9937901455670355, 0.002209908657437194, 0.000999986443881862, 0.000999986443881862, 0.000999986443881862, 0.000999986443881862], [0.9939395113416686, 0.0020605576296966422, 0.0009999827571587124, 0.0009999827571587124, 0.0009999827571587124, 0.0009999827571587124], [0.9939395113416686, 0.0020605576296966422, 0.0009999827571587124, 0.0009999827571587124, 0.0009999827571587124, 0.0009999827571587124], [0.9937901455670355, 0.002209908657437194, 0.000999986443881862, 0.000999986443881862, 0.000999986443881862, 0.000999986443881862], [0.9939335964680538, 0.002060541387158287, 0.001005901005453714, 0.000999987046444786, 0.000999987046444786, 0.000999987046444786], [0.9939335964680538, 0.002060541387158287, 0.001005901005453714, 0.000999987046444786, 0.000999987046444786, 0.000999987046444786], [0.9937901455670355, 0.002209908657437194, 0.000999986443881862, 0.000999986443881862, 0.000999986443881862, 0.000999986443881862], [0.9937901455670355, 0.002209908657437194, 0.000999986443881862, 0.000999986443881862, 0.000999986443881862, 0.000999986443881862], [0.9937901455670355, 0.002209908657437194, 0.000999986443881862, 0.000999986443881862, 0.000999986443881862, 0.000999986443881862], [0.9939335964680538, 0.002060541387158287, 0.001005901005453714, 0.000999987046444786, 0.000999987046444786, 0.000999987046444786], [0.9937901455670355, 0.002209908657437194, 0.000999986443881862, 0.000999986443881862, 0.000999986443881862, 0.000999986443881862], [0.9936345249923613, 0.00236554431441879, 0.0009999826733050013, 0.0009999826733050013, 0.0009999826733050013, 0.0009999826733050013], [0.9915260339997453, 0.004474048248587842, 0.0009999794379167658, 0.0009999794379167658, 0.0009999794379167658, 0.0009999794379167658], [0.9908917744546292, 0.005108302274061061, 0.0009999808178274533, 0.0009999808178274533, 0.0009999808178274533, 0.0009999808178274533], [0.9872633243175865, 0.00862260893952593, 0.0011141087394601885, 0.0009999860011424742, 0.0009999860011424742, 0.0009999860011424742], [0.9899080043638451, 0.0060920680544622585, 0.0009999818954231701, 0.0009999818954231701, 0.0009999818954231701, 0.0009999818954231701], [0.9925083064902218, 0.003491780060874491, 0.0009999783622259139, 0.0009999783622259139, 0.0009999783622259139, 0.0009999783622259139], [0.991062175558874, 0.0049378990711417235, 0.000999981342496123, 0.000999981342496123, 0.000999981342496123, 0.000999981342496123], [0.9872633243175865, 0.00862260893952593, 0.0011141087394601885, 0.0009999860011424742, 0.0009999860011424742, 0.0009999860011424742], [0.9829005261382081, 0.012517744212389121, 0.0015817773649847199, 0.0009999840948060703, 0.0009999840948060703, 0.0009999840948060703], [0.9748379544029597, 0.021162176690552204, 0.0009999672266220176, 0.0009999672266220176, 0.0009999672266220176, 0.0009999672266220176], [0.9685564293466529, 0.026674179736139978, 0.0009999878912386956, 0.0017694272434912815, 0.0009999878912386956, 0.0009999878912386956], [0.9802042090871854, 0.0157958745579082, 0.0009999790887266322, 0.0009999790887266322, 0.0009999790887266322, 0.0009999790887266322], [0.9884809989674951, 0.006170858017502568, 0.0009999938324392426, 0.0014336529447720582, 0.0019145024053517665, 0.0009999938324392426], [0.9910971035157283, 0.0028691426168063893, 0.0012804770006115268, 0.0014344225889812835, 0.0023188569507729476, 0.0009999973270994685], [0.9947872431328598, 0.00099999255968811, 0.0011122213226365185, 0.00099999255968811, 0.0011005578654393708, 0.00099999255968811], [0.9945386710692606, 0.0009999871183653723, 0.0009999871183653723, 0.0009999871183653723, 0.001461380457277795, 0.0009999871183653723], [0.9923026781641238, 0.0009999827994686772, 0.0009999827994686772, 0.001428299114592831, 0.0032690743228773675, 0.0009999827994686772], [0.990917210221377, 0.0029222744005049078, 0.0009999926939801371, 0.0014324882441566788, 0.0027280417460011394, 0.0009999926939801371], [0.978737485018924, 0.01726262320661087, 0.0009999729436163062, 0.0009999729436163062, 0.0009999729436163062, 0.0009999729436163062], [0.9864984901509184, 0.009228813480734576, 0.00099998830586548, 0.00099998830586548, 0.0012727314507505485, 0.00099998830586548], [0.9925422166461781, 0.003429718123546908, 0.001028091477176557, 0.0009999912510328013, 0.0009999912510328013, 0.0009999912510328013], [0.9898368565851112, 0.006134952667725531, 0.0010282239620896423, 0.0009999889283578488, 0.0009999889283578488, 0.0009999889283578488], [0.991062175558874, 0.0049378990711417235, 0.000999981342496123, 0.000999981342496123, 0.000999981342496123, 0.000999981342496123], [0.9926788620976957, 0.003321222358435436, 0.0009999788859672194, 0.0009999788859672194, 0.0009999788859672194, 0.0009999788859672194], [0.9936345280114315, 0.0023655447060926312, 0.0009999818206189999, 0.0009999818206189999, 0.0009999818206189999, 0.0009999818206189999], [0.9939395113416686, 0.0020605576296966422, 0.0009999827571587124, 0.0009999827571587124, 0.0009999827571587124, 0.0009999827571587124], [0.9939395113416686, 0.0020605576296966422, 0.0009999827571587124, 0.0009999827571587124, 0.0009999827571587124, 0.0009999827571587124]], [[0.9937901455670355, 0.002209908657437194, 0.000999986443881862, 0.000999986443881862, 0.000999986443881862, 0.000999986443881862], [0.01650890016242735, 0.03454870935397971, 0.016537537325434813, 0.002678058035910814, 0.9287053214636163, 0.0010214736586309505], [0.016512037667193755, 0.03454422720431342, 0.016537537325434813, 0.002678058035910814, 0.9287066661085162, 0.0010214736586309505], [0.933612160670783, 0.037884919308358585, 0.015599639754555174, 0.003119182850318994, 0.00876143432277964, 0.0010226630932046788], [0.9315145098444079, 0.040400564679571656, 0.01577455720150943, 0.003119759901597519, 0.008167768070135441, 0.0010228403027781347], [0.014135866146955894, 0.03756255787483022, 0.01377848028424256, 0.0026445730817834336, 0.9308556940159021, 0.001022828596285814], [0.9334565907133887, 0.03802136311755325, 0.01566130979841918, 0.0031189786767411984, 0.008719157301381807, 0.0010226003925158864], [0.933241621490818, 0.03801550171377055, 0.015657578067936634, 0.0033469132496897003, 0.00871601379223421, 0.0010223716855507622], [0.012301182547151469, 0.03545893066456105, 0.015732749151955498, 0.0032040254264184198, 0.9322771711831119, 0.001025941026801667], [0.010160133165064231, 0.0379036255103637, 0.01593920344899977, 0.0032108223815703434, 0.9317582379022955, 0.0010279775917064584], [0.012293464001441937, 0.0354699571584318, 0.015732749151955494, 0.003204025426418419, 0.9322738632349505, 0.0010259410268016668], [0.9314453063806972, 0.04041364422155429, 0.01583622719943661, 0.003119555648510006, 0.008162488972129685, 0.001022777577672304], [0.012157815304895656, 0.04094245877599685, 0.025219141866400042, 0.0031910305045275054, 0.9174675061768861, 0.001022047371293869], [0.9001201134685151, 0.05111658482526525, 0.034253601967771045, 0.004342240043698215, 0.009150421550462052, 0.0010170381442883639], [0.017620814568961606, 0.05135418483890841, 0.03997686125894849, 0.004917797275396979, 0.8851070180591141, 0.0010233239986705278], [0.8679940434045917, 0.059659190678721184, 0.052904443938323185, 0.005919177723783322, 0.012523144257895713, 0.0009999999966849237], [0.8099364437600467, 0.07434955744681804, 0.08095962920343146, 0.010378065928648676, 0.02337630890301157, 0.0009999947580436026], [0.03054248075895228, 0.0601670645847937, 0.04844285941869623, 0.005922105472030566, 0.8539074648832496, 0.0010180248822775012], [0.8908674469459426, 0.05122119559384071, 0.04087800312866046, 0.005245616108261777, 0.01077758474753367, 0.0010101534757606145], [0.8729752994880555, 0.05836126244440104, 0.047891320604243934, 0.0061177329314381365, 0.013650049201316374, 0.0010043353305448015], [0.8098447690636501, 0.07448052129881318, 0.08095962920343146, 0.010378065928648676, 0.023337019747413028, 0.0009999947580436026], [0.054312200541071554, 0.10411027095438036, 0.10389059692663757, 0.013061785920067374, 0.7236251465468855, 0.0009999991109578034], [0.6664190762246007, 0.1309012398153755, 0.15228316614063475, 0.016623459910875552, 0.03277308950942808, 0.0009999683990854044], [0.10886009771453375, 0.17194528099651155, 0.15394543281309875, 0.021894338681476354, 0.542333035660807, 0.001021814133572602], [0.6843160701311224, 0.11728459757190013, 0.1413027289314578, 0.016847028743511346, 0.0392496003355899, 0.0009999742864183268], [0.7865928119226411, 0.08311564162932528, 0.07769338916933256, 0.014036910706687222, 0.0375612612929053, 0.0009999852791086877], [0.08620106201707849, 0.08445632011023009, 0.08045647533411751, 0.013912385907108244, 0.7339737710610692, 0.0009999855703965493], [0.08813403414798607, 0.05850816300769817, 0.06614834396358102, 0.01143669812227697, 0.7747727815764607, 0.0009999791819971357], [0.8176264684878466, 0.0611609284721288, 0.06700044380057375, 0.011638510393156377, 0.04157365229575089, 0.0009999965505435365], [0.7922628362250936, 0.07979392186437813, 0.0736020982753064, 0.014082438859443661, 0.03925871638491469, 0.0009999883908637052], [0.7892216004795174, 0.07948666748206484, 0.0776848060765729, 0.014035335952932508, 0.03857160483743488, 0.0009999851714775274], [0.7138836828336188, 0.09528554878899179, 0.1268156777137214, 0.016686954994564997, 0.0463281683280271, 0.0009999673410758451], [0.7900079349562985, 0.08997186012254935, 0.07876672265630194, 0.01299436246084345, 0.02725912106539904, 0.0009999987386076804], [0.08204192649794409, 0.05782383706008739, 0.05308759740402833, 0.011216912569972077, 0.794829740605088, 0.0009999858628801856], [0.833933293363945, 0.063100231122216, 0.056496679810579195, 0.011622034730917902, 0.033844953128367175, 0.0010028078439748309], [0.9871120634432069, 0.007221757862286065, 0.0026662097099078266, 0.0009999896615331054, 0.0009999896615331054, 0.0009999896615331054], [0.8963993613461833, 0.04830843065007885, 0.036400972505756406, 0.005125389326535666, 0.012754152239129742, 0.0010116939323161855], [0.9058447963210277, 0.04726690064062315, 0.030864281969086006, 0.004485255056192453, 0.010519832041329901, 0.0010189339717410052], [0.91889896548387, 0.04227126451889513, 0.02514101566649349, 0.0031176548693153385, 0.009560193306057601, 0.0010109061553683675], [0.9939395113416686, 0.0020605576296966422, 0.0009999827571587124, 0.0009999827571587124, 0.0009999827571587124, 0.0009999827571587124]], [[0.9939395113416686, 0.0020605576296966422, 0.0009999827571587124, 0.0009999827571587124, 0.0009999827571587124, 0.0009999827571587124], [0.937836832015513, 0.03715521953208943, 0.011000961920422502, 0.003163357305524522, 0.009818862228286703, 0.0010247669981638423], [0.9950000327710831, 0.0009999934457834171, 0.0009999934457834171, 0.0009999934457834171, 0.0009999934457834171, 0.0009999934457834171], [0.9195688553788446, 0.04167340848597871, 0.025057131854245906, 0.003120030836987971, 0.009568946694288066, 0.0010116267496545614], [0.01536594606987121, 0.06798637817849597, 0.0009999989772170317, 0.0036352208396913622, 0.9110088889945427, 0.0010035669401818792], [0.9164968451593021, 0.06985516969009944, 0.0010020870702746741, 0.004045071979285283, 0.007594149310237002, 0.0010066767908015102], [0.9145252441900455, 0.07039015842118262, 0.0010004459809116722, 0.004262277956560658, 0.008816837749860827, 0.0010050357014385082], [0.9116894287968511, 0.07322597749453119, 0.0010020187864357663, 0.004269529321456728, 0.00880643709376262, 0.0010066085069626023], [0.9174203249324888, 0.06785294529467722, 0.0010009279242713242, 0.004264499939575428, 0.008455784264189041, 0.0010055176447981604], [0.9155527306648035, 0.0699154360437363, 0.0010011776222983045, 0.004265651163601365, 0.008259237162735316, 0.0010057673428251405], [0.9174208117521119, 0.06785224983807296, 0.0010009279242713242, 0.004264499939575428, 0.00845599290117032, 0.0010055176447981604], [0.9117332989836369, 0.07339732905726927, 0.0010011690548538414, 0.004265611663698118, 0.008596832465161226, 0.0010057587753806777], [0.01373904788321742, 0.08813481345154953, 0.0010172654668850105, 0.005094615544658449, 0.8909923908650275, 0.0010218667886622156], [0.8849188442699801, 0.09679377080867282, 0.0010049575669813897, 0.006118096531988269, 0.010154956998425118, 0.0010093738239523521], [0.8701717115379164, 0.10800631164810387, 0.0010020713642168934, 0.007003856785137113, 0.01280973104409823, 0.0010063176205274819], [0.8139083938173477, 0.14746241440951918, 0.0010051170046225949, 0.011711570732191536, 0.024903287676888736, 0.0010092163594303727], [0.7478127763076936, 0.21114746129261103, 0.0009999769968305628, 0.013938192917691654, 0.025101615488342645, 0.0009999769968305628], [0.8122366661963769, 0.14952122443607987, 0.0010058655080370535, 0.011720198555096432, 0.024506080441564874, 0.0010099648628448313], [0.8626657637048553, 0.10478696089126552, 0.000999994091082993, 0.008869276111113272, 0.0216780111106, 0.000999994091082993], [0.8146431264430922, 0.1465140546120892, 0.0010056774982820933, 0.011718031410847181, 0.025109333182599433, 0.001009776853089871], [0.7593173290014826, 0.19706789148757908, 0.000999997339525111, 0.014099990603071984, 0.027513502243333345, 0.001001289325007845], [0.08295299227543526, 0.2877672117985165, 0.0010215146040726932, 0.018705062861248248, 0.6085317038566546, 0.0010215146040726932], [0.6278603262841945, 0.3048406944619996, 0.0009999395934443037, 0.01927516157321849, 0.04602393849369903, 0.0009999395934443037], [0.3891505810771386, 0.4023595072246265, 0.0009999688088465014, 0.030238217885786817, 0.1762517561947553, 0.0009999688088465014], [0.12498449010146166, 0.26375130500171234, 0.001023460896719366, 0.020553376490754328, 0.5886639066126329, 0.001023460896719366], [0.7122606282841468, 0.21796165176065482, 0.0009999666889241757, 0.01955537411739625, 0.04822241245995377, 0.0009999666889241757], [0.11229905610009071, 0.2269023793824023, 0.0010205631617720395, 0.020290472695557584, 0.6384669654984055, 0.0010205631617720395], [0.7831143501536978, 0.15088991116525585, 0.0009999915487901585, 0.015151820499977963, 0.048843935083488145, 0.0009999915487901585], [0.0988732177929098, 0.14623146427256453, 0.000999961946983352, 0.015032145923575472, 0.7378632481169835, 0.000999961946983352], [0.7194379313461039, 0.20357910181214506, 0.0009999650377305442, 0.019533925238598003, 0.05544911152769203, 0.0009999650377305442], [0.11500419625031623, 0.2127793323890561, 0.001014134508514611, 0.020090597073305582, 0.6500976052702929, 0.001014134508514611], [0.13804160797306086, 0.24579475671667284, 0.001025525285090641, 0.020608175292979557, 0.5935044094471055, 0.001025525285090641], [0.7356091098330554, 0.09126093608013262, 0.10441001058343818, 0.016272308574580067, 0.051447660412381156, 0.0009999745164125616], [0.9802259282476968, 0.012783105338443292, 0.000999989297022685, 0.0018602527597399287, 0.0031307350600746206, 0.000999989297022685], [0.9781798052159937, 0.013306055248922154, 0.0018936171842428354, 0.0024717832203183456, 0.0031487404430152162, 0.0009999986875077924], [0.837261914366821, 0.06362971023664503, 0.05237102001683847, 0.011647558133151442, 0.03408481429202022, 0.0010049829545237862], [0.8717821787614609, 0.10515836971988857, 0.0010060170011021623, 0.0069768620567470995, 0.014066309203388527, 0.0010102632574127504], [0.8849691464817386, 0.09301363450587362, 0.0010042428730475475, 0.0070413789131594014, 0.012962938096162183, 0.0010086591300185101], [0.018375341294428756, 0.048366136214313245, 0.03123528799533978, 0.003906304262435004, 0.897091361013634, 0.0010255692198493347], [0.9927865181747356, 0.003213549646577937, 0.00099998304467161, 0.00099998304467161, 0.00099998304467161, 0.00099998304467161]], [[0.9939395113416686, 0.0020605576296966422, 0.0009999827571587124, 0.0009999827571587124, 0.0009999827571587124, 0.0009999827571587124], [0.9946871379091625, 0.001312905280993031, 0.0009999892024611374, 0.0009999892024611374, 0.0009999892024611374, 0.0009999892024611374], [0.9950000989091751, 0.000999980218165016, 0.000999980218165016, 0.000999980218165016, 0.000999980218165016, 0.000999980218165016], [0.9920548818536687, 0.003945175300922956, 0.0009999857113520854, 0.0009999857113520854, 0.0009999857113520854, 0.0009999857113520854], [0.9160856320835493, 0.04393964056003175, 0.02683504438911226, 0.0031152158244160018, 0.009014300712156755, 0.0010101664307338627], [0.015023223368762688, 0.03681771080455385, 0.012713986748060725, 0.0031951708733957097, 0.9312266202593316, 0.0010232879458954964], [0.9122380015344398, 0.07318272791442287, 0.0010015312960642531, 0.004267281764137651, 0.008304336474344231, 0.0010061210165910894], [0.8997872058812276, 0.08281592273886956, 0.00100752929314244, 0.0052446021740265485, 0.010132610182169925, 0.0010121297305637643], [0.911860902733488, 0.07351752567438279, 0.001001385431167356, 0.004266609259128784, 0.008347601750138803, 0.0010059751516941922], [0.015451154450615595, 0.06835299446778759, 0.0009999978778774295, 0.004336783530183413, 0.9098566031773424, 0.0010024664961934163], [0.910049896279646, 0.07336827672867506, 0.0009999994285830836, 0.004946625001604306, 0.009631184831920273, 0.0010040177295712622], [0.8971688415582968, 0.08394762678762602, 0.0010071878932877835, 0.005849064739497236, 0.011015490690583026, 0.0010117883307091077], [0.019125089978966302, 0.09933176106261549, 0.0010136246383943067, 0.006792677508668074, 0.8727188051010346, 0.001018041710321234], [0.02890501994142334, 0.11131704704905176, 0.0010147272061019853, 0.0075037489508599986, 0.8502404826367345, 0.0010189742158284998], [0.8122724135353115, 0.14857718709912848, 0.0010029059177327168, 0.01229731538389876, 0.02484317279138818, 0.0010070052725404946], [0.7462732663204072, 0.2127451546008366, 0.0009999785252688416, 0.014553208245885242, 0.024428413782333343, 0.0009999785252688416], [0.6601324335202758, 0.2844579036915924, 0.0009999411779621386, 0.01834416154782888, 0.03506561888437869, 0.0009999411779621386], [0.05755813278522779, 0.195842306164595, 0.0009999852244506455, 0.014719371939662078, 0.729880218661614, 0.0009999852244506455], [0.8181437531826168, 0.14029318738459048, 0.0010087007705054454, 0.012575572243470159, 0.02696598629350398, 0.0010128001253132232], [0.05266351076000554, 0.10359591614224549, 0.000999986475119021, 0.009515614281192583, 0.8322249858663184, 0.000999986475119021], [0.8181004930171927, 0.14035498762091056, 0.0010087007705054452, 0.012575572243470157, 0.026947446222607946, 0.001012800125313223], [0.06215902084720039, 0.18191440698316338, 0.001001388923439524, 0.01489120729386191, 0.7390325870288953, 0.001001388923439524], [0.703953286342317, 0.23126726184821278, 0.000999972755283309, 0.018823851589199914, 0.043955654709703765, 0.000999972755283309], [0.668561941133769, 0.2506578751530583, 0.0009999694471093654, 0.020412672087809416, 0.05836757273114471, 0.0009999694471093654], [0.7105399298632176, 0.21866758736318945, 0.0009999645696945635, 0.020125779646001214, 0.04866677398820266, 0.0009999645696945635], [0.7158419820829239, 0.20868038429617744, 0.0009999697958443905, 0.020195959612108252, 0.05328173441710164, 0.0009999697958443905], [0.6890228743576409, 0.22219529216340556, 0.0009999803890923668, 0.02056138883876214, 0.06622048386200675, 0.0009999803890923668], [0.7201535577112654, 0.19951095899616822, 0.0009999669004275712, 0.019726752395463173, 0.05860879709624818, 0.0009999669004275712], [0.7180625661431642, 0.20443019690070213, 0.000999963687423599, 0.01968461889916684, 0.05582269068211961, 0.000999963687423599], [0.6896459748111917, 0.22072842272907417, 0.000999994861272977, 0.021760131539361433, 0.0658654811978267, 0.000999994861272977], [0.6895492033042226, 0.22055952435747986, 0.000999994744802, 0.021758474198206482, 0.06613280865048715, 0.000999994744802], [0.4260592305410349, 0.1941980553715681, 0.1661915733131807, 0.021812445175731554, 0.19041471014985717, 0.0013239854486274977], [0.9330257828922492, 0.05425274966140045, 0.000999953825820223, 0.004653254209667175, 0.006068305585042834, 0.000999953825820223], [0.9679300359717019, 0.015033494106374341, 0.0009999638112316636, 0.0034601619575396836, 0.011576380341920866, 0.0009999638112316636], [0.10602196809374025, 0.11156945787902287, 0.10825056114066048, 0.020743269357391167, 0.6524009309620021, 0.0010138125671830317], [0.791070682685606, 0.15269810961739252, 0.0009999956623354266, 0.01518363728981252, 0.039047579082518304, 0.0009999956623354266], [0.8255437279194275, 0.12635549418806175, 0.0010071532254006816, 0.012905857839063105, 0.033176514247838476, 0.0010112525802084594], [0.03833713966221256, 0.1047716632244419, 0.0010089681993128313, 0.007078677403073254, 0.8477903363019201, 0.001013215209039346], [0.891470224759684, 0.051135795126918585, 0.037375635964415455, 0.0060762560200243775, 0.012929860000009306, 0.0010122281289484665], [0.9926788620976957, 0.003321222358435436, 0.0009999788859672194, 0.0009999788859672194, 0.0009999788859672194, 0.0009999788859672194]], [[0.9937901455670355, 0.002209908657437194, 0.000999986443881862, 0.000999986443881862, 0.000999986443881862, 0.000999986443881862], [0.017358757900153086, 0.039084653924434797, 0.022549507840897588, 0.0026425875359154557, 0.9173558001650104, 0.0010086926335885584], [0.9024080856506064, 0.050307899133327116, 0.03331466821295043, 0.00412485700801564, 0.00882493584255545, 0.0010195541525449938], [0.02266095745791149, 0.04945685289378288, 0.036720715889042146, 0.004354339745085433, 0.8857951906026127, 0.0010119434115652309], [0.9949982636010664, 0.0010003472797867183, 0.0010003472797867183, 0.0010003472797867183, 0.0010003472797867183, 0.0010003472797867183], [0.9943253164975494, 0.0016747323964048765, 0.0009999877765114716, 0.0009999877765114716, 0.0009999877765114716, 0.0009999877765114716], [0.9054304136670893, 0.04767667884720236, 0.031446023896782915, 0.004357222376833918, 0.010069038729456236, 0.0010206224826353916], [0.8867697519019595, 0.09446142238348468, 0.0010044834915505895, 0.006115267770051003, 0.010640174704432686, 0.0010088997485215522], [0.8999150000376971, 0.08245775710009424, 0.0010077896098257962, 0.005245917390977933, 0.010361145814157946, 0.0010123900472471204], [0.9109404023282583, 0.07360018950513118, 0.0010005039127027663, 0.004496886198586799, 0.00895692442209129, 0.0010050936332296023], [0.8984042354386872, 0.08229362170158959, 0.0010061116419000252, 0.005842901558692847, 0.011442417579809053, 0.0010107120793213494], [0.8828330357242911, 0.09267565849306289, 0.000999998622138781, 0.007637870397292735, 0.01485039975140843, 0.001003037011805927], [0.8651775494150525, 0.10760421067983784, 0.0009999965407962734, 0.008464271512111932, 0.01675318827350955, 0.0010007835786917535], [0.8082538346408304, 0.15028414005828994, 0.001000574700935647, 0.012997134541946915, 0.02645964200225375, 0.0010046740557434247], [0.744412390433578, 0.21166009291793975, 0.0009999741632694418, 0.015161393987924782, 0.026766174334018598, 0.0009999741632694418], [0.6583375393985849, 0.2847556654518538, 0.0009999384689219127, 0.01877141885610903, 0.03613549935560839, 0.0009999384689219127], [0.6068773225793158, 0.32317098512536907, 0.0009999241515889266, 0.019708156115192967, 0.04824368787694433, 0.0009999241515889266], [0.6855185246753276, 0.2520392571891632, 0.000999957478750066, 0.019012418244806366, 0.04142988493320269, 0.000999957478750066], [0.7848925463882306, 0.1671941793885853, 0.001002289132803384, 0.015441462832701702, 0.030463280653988293, 0.0010062416036906328], [0.06683289889022065, 0.1265291817043833, 0.0010024228969256338, 0.01333293836496489, 0.7912960358092669, 0.001006522334238662], [0.8603033903420416, 0.10151562513438495, 0.0009999899766093172, 0.010283567722106582, 0.025897436848248297, 0.0009999899766093172], [0.8206254292807658, 0.1260798972633536, 0.0010013330449887402, 0.01426117797026331, 0.03702673004083212, 0.001005432399796518], [0.7858064281981932, 0.15299373321929996, 0.0009999845982224117, 0.016351571555973717, 0.04284829783008842, 0.0009999845982224117], [0.11013912762833426, 0.22367035184382406, 0.0010110626743183595, 0.021040168291525413, 0.6431282268876796, 0.0010110626743183595], [0.11690340756909189, 0.21792685505340784, 0.0010115156194007025, 0.02105270026557275, 0.6420940058731262, 0.0010115156194007025], [0.145957562050811, 0.23497454040225252, 0.0010210736752528868, 0.02109012850806772, 0.5959356216883629, 0.0010210736752528868], [0.4523008138231131, 0.3144442539627998, 0.000999995804764668, 0.025866709104887392, 0.2053882314996704, 0.000999995804764668], [0.6791535107551625, 0.23287198356693864, 0.000999980979324661, 0.02225022329428406, 0.06372432042496562, 0.000999980979324661], [0.14516739465234335, 0.23811693596276934, 0.0010259878045482114, 0.027099731662398624, 0.5875639621133923, 0.0010259878045482114], [0.45539315545955106, 0.30794160999498, 0.000999999198155345, 0.025526734828400368, 0.20913850132075804, 0.000999999198155345], [0.6870283760051225, 0.21795229904201804, 0.0009999880867206975, 0.022000841679549958, 0.07101850709986833, 0.0009999880867206975], [0.662943043140642, 0.11690278166699786, 0.13018824181114982, 0.020149068649157973, 0.06881688862289201, 0.000999976109160273], [0.9702951830897619, 0.011411944420866686, 0.0009999657292923943, 0.003633525726978249, 0.01265941530380838, 0.0009999657292923943], [0.9690782398336937, 0.01133130858031832, 0.0009999637006432426, 0.003628136980957288, 0.013962387203744224, 0.0009999637006432426], [0.6785248307703798, 0.11701220118458439, 0.12343462979909844, 0.018381166824187337, 0.06164720273479554, 0.0009999686869544564], [0.7249145106183149, 0.20969436342565675, 0.0009999752090969025, 0.018249024538164425, 0.0451421509996702, 0.0009999752090969025], [0.06986337324284675, 0.15289968316575547, 0.0010037231503066944, 0.01437642747690993, 0.7608530698138745, 0.0010037231503066944], [0.8314001642149749, 0.1270125247039455, 0.0010140042028394958, 0.011792111444086378, 0.027763091876506385, 0.0010181035576472736], [0.8749160197616952, 0.0570729533359683, 0.04389340361385968, 0.006446283310369648, 0.01666516398889341, 0.0010061759892136155], [0.991062175558874, 0.0049378990711417235, 0.000999981342496123, 0.000999981342496123, 0.000999981342496123, 0.000999981342496123]], [[0.9936345280114315, 0.0023655447060926312, 0.0009999818206189999, 0.0009999818206189999, 0.0009999818206189999, 0.0009999818206189999], [0.9002856247408821, 0.051129750300047294, 0.034300653473515005, 0.0041157012238925185, 0.009151046646413122, 0.0010172236152500222], [0.018767420347013626, 0.09688428842131958, 0.0010141755774117436, 0.005451828989560098, 0.8768636940153562, 0.001018592649338671], [0.8694540404078177, 0.10968617668529983, 0.0010032503261750566, 0.007011991453736918, 0.011837044544484877, 0.0010074965824856447], [0.02481357639466921, 0.04876665185692049, 0.03567062093057132, 0.0051358528641976715, 0.8846012367844475, 0.0010120611691937277], [0.9949997538732493, 0.0010000492253500752, 0.0010000492253500752, 0.0010000492253500752, 0.0010000492253500752, 0.0010000492253500752], [0.023807892368044016, 0.050624644590997886, 0.036561408999073224, 0.005226234573854498, 0.8827552702647729, 0.0010245492032573474], [0.030059076228422507, 0.10584468099287259, 0.0010207707365861934, 0.006906751208923706, 0.8551437030868823, 0.0010250177463127078], [0.8866025236516673, 0.09293610374422569, 0.001002497729447393, 0.006241661226678192, 0.012210299661563017, 0.0010069139864183555], [0.893492388787464, 0.08737391570308693, 0.001004087000453429, 0.0053663889920615455, 0.011754532079059386, 0.0010086874378747535], [0.8852318702693066, 0.08948053693728275, 0.0009999991906680585, 0.007490062209723705, 0.015793925280895613, 0.0010036061121233386], [0.8711495893089187, 0.10095270827215114, 0.0010011967467897915, 0.00809452739530271, 0.017796535273737344, 0.0010054430031003797], [0.8195680539348374, 0.1360562966913646, 0.0010085781737993135, 0.013191909237023486, 0.02916248443436814, 0.0010126775286070913], [0.055863204623966455, 0.20076351873904322, 0.000999986184999444, 0.015315615326751245, 0.7260576889402403, 0.000999986184999444], [0.6638585539177674, 0.2786352574801236, 0.000999941985779251, 0.018873815548184635, 0.03663248908236606, 0.000999941985779251], [0.0937173584051987, 0.33762732384404176, 0.001020155636729874, 0.020874946415953277, 0.5457400600613467, 0.001020155636729874], [0.3793977756373653, 0.41264795868316645, 0.00099993147168244, 0.029796697884606104, 0.17615770485149726, 0.00099993147168244], [0.6421134963333256, 0.2840055176545779, 0.0009999588671581604, 0.020236188204085837, 0.05164488007369455, 0.0009999588671581604], [0.10305607267553649, 0.2297949718026213, 0.0010161653103533492, 0.019666879672332098, 0.6454497452288034, 0.0010161653103533492], [0.7922685943636241, 0.15870206777732812, 0.0010070933730536977, 0.015577070470416149, 0.03143412817163718, 0.0010110458439409466], [0.8334950581047509, 0.11836472556527813, 0.0010142202185483271, 0.013474661510990981, 0.03263301502707532, 0.001018319573356105], [0.8651981323566886, 0.09465847015534808, 0.0009999953494026362, 0.010401256553495062, 0.02774215023566315, 0.0009999953494026362], [0.8310618848998433, 0.11315168625756473, 0.0010049429984512952, 0.014403450563534408, 0.03936899292734699, 0.001009042353259073], [0.7949078564086066, 0.14184465707092578, 0.0009999928987553322, 0.016482165316454557, 0.04476533540650241, 0.0009999928987553322], [0.793716385799385, 0.13852567419577633, 0.0009999901330717993, 0.01649875714611693, 0.04925920259257834, 0.0009999901330717993], [0.7284636438546317, 0.1896297226096371, 0.0009999679029197672, 0.019390860474386918, 0.06051583725550476, 0.0009999679029197672], [0.6838145355059564, 0.2291475639909218, 0.0009999737466166673, 0.021987753519692153, 0.06305019949019637, 0.0009999737466166673], [0.7178463145999264, 0.199483696537189, 0.0009999695828724945, 0.021077075024328287, 0.05959297467281134, 0.0009999695828724945], [0.6929902472060842, 0.21386987140852765, 0.0009999996210916832, 0.02197091870889377, 0.06916879232501662, 0.001000170730386175], [0.6890590176014504, 0.21361666410860167, 0.0009999903191785944, 0.02184298779795641, 0.07348134985363444, 0.0009999903191785944], [0.726463241834898, 0.1877620975571919, 0.0009999819665618829, 0.020064834654270336, 0.06370986202051623, 0.0009999819665618829], [0.14513872563122635, 0.2215235865679077, 0.0010246780168632907, 0.022972673073904746, 0.6083156586932346, 0.0010246780168632907], [0.7275058809987294, 0.08933649709051392, 0.10484811559219853, 0.018751639661722084, 0.05855788786866786, 0.0009999787881682968], [0.1363522140677247, 0.11624522229405358, 0.13754749289703844, 0.02244997214579292, 0.586405111792464, 0.0009999868029264664], [0.45807648443114124, 0.3050675567031996, 0.001001220307313227, 0.02620356726479599, 0.20864995098623673, 0.001001220307313227], [0.6817670288081743, 0.24135781793997713, 0.0009999774466698764, 0.0198594872243838, 0.05501571113412513, 0.0009999774466698764], [0.7259030361084293, 0.2135660793664875, 0.0009999828060620304, 0.018237235837357656, 0.04029368307560154, 0.0009999828060620304], [0.793512114461315, 0.15362207280714082, 0.0010003094190232317, 0.01519335686941328, 0.03566788455319736, 0.0010042618899104808], [0.8263366754996992, 0.0694935769261274, 0.06553408156298984, 0.010756943287994812, 0.02686753593616832, 0.00101118678702045], [0.9873389847661884, 0.008451877721616157, 0.0012091789227129939, 0.0009999861964941285, 0.0009999861964941285, 0.0009999861964941285]], [[0.9925082997446031, 0.0034917786609781737, 0.000999980398604697, 0.000999980398604697, 0.000999980398604697, 0.000999980398604697], [0.8911317082016927, 0.05125350365379269, 0.04136673580902463, 0.004909439161785539, 0.010328152695160683, 0.0010104604785438542], [0.02658041696260469, 0.11364827248604426, 0.0010186754652168673, 0.006415307057716201, 0.8513144055534747, 0.0010229224749433818], [0.8138570401135015, 0.1482708236994532, 0.0010043938094397285, 0.011703234631322895, 0.02415601458203511, 0.0010084931642475063], [0.8678452011316906, 0.10979564670222156, 0.0010016530201644907, 0.0071737019223162, 0.013177897947131895, 0.001005899276475079], [0.8948842723025459, 0.04937998454620281, 0.03594442791156453, 0.005313963475136789, 0.013466499569179998, 0.001010852195370037], [0.9268214699073992, 0.06604131149837769, 0.0009999078185975202, 0.0017871072803694577, 0.0009999078185975202, 0.003350295676658459], [0.8252186712127921, 0.07216927984889308, 0.06513166521066753, 0.010320799923190344, 0.026159584990519614, 0.0009999988139374897], [0.877116365584397, 0.09976254458926549, 0.0010012855036143787, 0.006797789181099002, 0.014316483381699304, 0.0010055317599249672], [0.030666583548580692, 0.08999214906210408, 0.0010077588889075024, 0.007090552598577132, 0.8702307799409963, 0.0010121759608344295], [0.8929394792283332, 0.08381245035342248, 0.0010065002966104103, 0.0065636135614923555, 0.014666855826109894, 0.0010111007340317347], [0.8872788487798301, 0.08758587858327495, 0.0010010685530268512, 0.0073454398519512566, 0.015783279421919105, 0.001005484809997814], [0.8660027748881673, 0.10026264133421604, 0.000999984546104309, 0.009167963711404686, 0.02256665097400348, 0.000999984546104309], [0.8214050333688767, 0.13499366944083702, 0.0010078544083689982, 0.013033081178856615, 0.02854840783988393, 0.001011953763176776], [0.7661102269323575, 0.18555206870575747, 0.0009999942020025522, 0.0152415001371044, 0.031096215820775392, 0.0009999942020025522], [0.6926826671839702, 0.24540485750896715, 0.0009999580958135975, 0.01893413685919205, 0.04097842225624344, 0.0009999580958135975], [0.6478664585242212, 0.27773955194788746, 0.0009999551150844416, 0.02002217534156348, 0.05237190395615898, 0.0009999551150844416], [0.6956170685965303, 0.2374342680905428, 0.0009999699064036102, 0.019173174821413706, 0.04577554867870608, 0.0009999699064036102], [0.7714303118735645, 0.16992320735439348, 0.0009999899067359482, 0.01630936038681658, 0.040337140571753735, 0.0009999899067359482], [0.8329122100460654, 0.1128065427243983, 0.0010043529103275978, 0.014226732527038207, 0.03804170952703515, 0.0010084522651353756], [0.875736913641574, 0.0907739794846446, 0.00100087565972043, 0.009267086734955323, 0.022216022563074624, 0.0010051219160310183], [0.8829262864103516, 0.08658290576112741, 0.001000621373762801, 0.008788631436053943, 0.01969651738797036, 0.0010050376307337637], [0.04762982893926178, 0.08884072370721699, 0.0010049616000844756, 0.00905099700287173, 0.852464280140754, 0.00100920860981099], [0.8323428004537093, 0.10740653325738073, 0.0010001059610913348, 0.01426852803288638, 0.04397782697903315, 0.0010042053158991126], [0.8290271193177238, 0.1074353564135074, 0.0010010163673583221, 0.014262329135553729, 0.04726906304369073, 0.0010051157221661], [0.7919717524568055, 0.13869487258058477, 0.0009999877318282494, 0.017825120684584462, 0.04950827881436877, 0.0009999877318282494], [0.12870833163140546, 0.19174775503998848, 0.0010141858543613166, 0.02210619070368219, 0.6554093509162012, 0.0010141858543613166], [0.6971416149202637, 0.21215094215347033, 0.0009999790843238606, 0.02196207062117647, 0.06674541413644171, 0.0009999790843238606], [0.4515101725003272, 0.31515487613618837, 0.0009999932621684074, 0.025739542786616963, 0.2055954220525307, 0.0009999932621684074], [0.15695988707444813, 0.22062091154050595, 0.0010176730177809442, 0.02691124679454469, 0.5934726085549393, 0.0010176730177809442], [0.694683080321679, 0.20808695751476583, 0.0009999907388489177, 0.021689056079474106, 0.07354092460638316, 0.0009999907388489177], [0.45877477347847356, 0.30005975785860173, 0.0009999976864339915, 0.024795597540895862, 0.21436987574916094, 0.0009999976864339915], [0.700907619890231, 0.20460928499056233, 0.000999982390629143, 0.021187696209887218, 0.07129543412806119, 0.000999982390629143], [0.12791741288759437, 0.193844887935583, 0.0010115300505376993, 0.02096373757316766, 0.6552509015025797, 0.0010115300505376993], [0.6870942930237406, 0.22892070857060998, 0.0009999809964394795, 0.02132696856070581, 0.060658067852064665, 0.0009999809964394795], [0.7241568312584845, 0.20164707075335941, 0.0009999738337080157, 0.018626516694084192, 0.053569633626655844, 0.0009999738337080157], [0.09323232182033214, 0.14620129518516106, 0.000999976189907161, 0.015429627861402586, 0.7431368027532899, 0.000999976189907161], [0.8235726238008237, 0.12968849685394318, 0.001007510673874505, 0.013001902521796452, 0.03171785612087984, 0.0010116100286822827], [0.8691191580363774, 0.05504918977682631, 0.04470673654284724, 0.007968106696016365, 0.02215430305849755, 0.0010025058894352578], [0.9923464255125021, 0.0036536399701525917, 0.0009999836293363767, 0.0009999836293363767, 0.0009999836293363767, 0.0009999836293363767]], [[0.9908917744546292, 0.005108302274061061, 0.0009999808178274533, 0.0009999808178274533, 0.0009999808178274533, 0.0009999808178274533], [0.8679462120524878, 0.05967524477899111, 0.052942513907118044, 0.005918938454806086, 0.012517090849570039, 0.0009999999570271716], [0.04728921133741701, 0.1523537164473466, 0.001011237525588498, 0.011425664352388905, 0.7869048333743575, 0.0010153369629015262], [0.7487299092691349, 0.21188261512829767, 0.0009999838416022474, 0.013993284193397876, 0.023394223725965183, 0.0009999838416022474], [0.05327817769184843, 0.14805948946582786, 0.0010049073846380985, 0.011903190537996775, 0.7847452280977378, 0.0010090068219511267], [0.0507369642885442, 0.1033516883467176, 0.001002601543863019, 0.008718240077949392, 0.8351836571893363, 0.0010068485535895334], [0.06445576093524301, 0.07051770693423182, 0.06199931725689312, 0.010839319026259342, 0.7911688655525706, 0.0010190302948022076], [0.9739467549756478, 0.020511893778957513, 0.0009999921541525075, 0.0009999921541525075, 0.002541374782937313, 0.0009999921541525075], [0.8294594999146537, 0.06819722953406787, 0.06271665703632058, 0.01058230605716618, 0.02804430867927368, 0.0009999987785179099], [0.033015302826087986, 0.06120675583718113, 0.04451595090724978, 0.005930006592743938, 0.8543103512242762, 0.0010216326124609632], [0.8867523263584279, 0.08874959034642024, 0.0010039074561109195, 0.007208393495575075, 0.015277458630384044, 0.001008323713081882], [0.8736353566802987, 0.10021395713209089, 0.0009999997597192527, 0.0075834673012945535, 0.01656321339233415, 0.001004005734262446], [0.0636068347300365, 0.12997778440835006, 0.001016874635638432, 0.012463490730621623, 0.791914041422402, 0.00102097407295146], [0.05275899632215635, 0.10165727821450694, 0.0010011235355609116, 0.009700204646418813, 0.8338770267360697, 0.0010053705452874263], [0.07007524514144832, 0.11804182853420707, 0.0010130195510816686, 0.013382798442135004, 0.7964699893427332, 0.0010171189883946966], [0.07250128072108254, 0.15320136557534578, 0.001005230020801628, 0.01547510195745247, 0.756811791704516, 0.001005230020801628], [0.71097550472695, 0.22149101538192587, 0.0009999746731983788, 0.019240276382828332, 0.046293254161899076, 0.0009999746731983788], [0.0981492879952896, 0.16379370706107618, 0.0009999589804791011, 0.016114583280286497, 0.7199425037023897, 0.0009999589804791011], [0.09031170015159096, 0.16761166043869627, 0.0009999669798138485, 0.016120812031816516, 0.7239558934182687, 0.0009999669798138485], [0.8205793370758685, 0.12715724024421596, 0.0010023402962848211, 0.014226000136868387, 0.03602864259566963, 0.001006439651092599], [0.04339013356991891, 0.09547863527583489, 0.0010097705014339331, 0.009103364987759734, 0.850004078153892, 0.0010140175111604476], [0.036830223979757944, 0.08457344826343181, 0.0010001984483769021, 0.008516691576972686, 0.8680748222111568, 0.0010046155203038295], [0.8829431610032878, 0.08690274895245739, 0.001000633052153512, 0.0087973538004732, 0.019351053882503647, 0.0010050493091244745], [0.869303132012603, 0.09081117476202988, 0.