{"prediction": [[[0.9950224004417905, 0.0009955199116420117, 0.0009955199116420117, 0.0009955199116420117, 0.0009955199116420117, 0.0009955199116420117], [0.9950224004417905, 0.0009955199116420117, 0.0009955199116420117, 0.0009955199116420117, 0.0009955199116420117, 0.0009955199116420117], [0.9950224004417905, 0.0009955199116420117, 0.0009955199116420117, 0.0009955199116420117, 0.0009955199116420117, 0.0009955199116420117], [0.9950224004417905, 0.0009955199116420117, 0.0009955199116420117, 0.0009955199116420117, 0.0009955199116420117, 0.0009955199116420117], [0.9950224004417905, 0.0009955199116420117, 0.0009955199116420117, 0.0009955199116420117, 0.0009955199116420117, 0.0009955199116420117], [0.9950224004417905, 0.0009955199116420117, 0.0009955199116420117, 0.0009955199116420117, 0.0009955199116420117, 0.0009955199116420117], [0.9950224004417905, 0.0009955199116420117, 0.0009955199116420117, 0.0009955199116420117, 0.0009955199116420117, 0.0009955199116420117], [0.9950224004417905, 0.0009955199116420117, 0.0009955199116420117, 0.0009955199116420117, 0.0009955199116420117, 0.0009955199116420117], [0.9950224004417905, 0.0009955199116420117, 0.0009955199116420117, 0.0009955199116420117, 0.0009955199116420117, 0.0009955199116420117], [0.9950224004417905, 0.0009955199116420117, 0.0009955199116420117, 0.0009955199116420117, 0.0009955199116420117, 0.0009955199116420117], [0.9950224004417905, 0.0009955199116420117, 0.0009955199116420117, 0.0009955199116420117, 0.0009955199116420117, 0.0009955199116420117], [0.9950224004417905, 0.0009955199116420117, 0.0009955199116420117, 0.0009955199116420117, 0.0009955199116420117, 0.0009955199116420117], [0.9950224004417905, 0.0009955199116420117, 0.0009955199116420117, 0.0009955199116420117, 0.0009955199116420117, 0.0009955199116420117], [0.9950224004417905, 0.0009955199116420117, 0.0009955199116420117, 0.0009955199116420117, 0.0009955199116420117, 0.0009955199116420117], [0.9950224004417905, 0.0009955199116420117, 0.0009955199116420117, 0.0009955199116420117, 0.0009955199116420117, 0.0009955199116420117], [0.9950224004417905, 0.0009955199116420117, 0.0009955199116420117, 0.0009955199116420117, 0.0009955199116420117, 0.0009955199116420117], [0.9950224004417905, 0.0009955199116420117, 0.0009955199116420117, 0.0009955199116420117, 0.0009955199116420117, 0.0009955199116420117], [0.9950224004417905, 0.0009955199116420117, 0.0009955199116420117, 0.0009955199116420117, 0.0009955199116420117, 0.0009955199116420117], [0.9950224004417905, 0.0009955199116420117, 0.0009955199116420117, 0.0009955199116420117, 0.0009955199116420117, 0.0009955199116420117], [0.9950224004417905, 0.0009955199116420117, 0.0009955199116420117, 0.0009955199116420117, 0.0009955199116420117, 0.0009955199116420117], [0.9950224004417905, 0.0009955199116420117, 0.0009955199116420117, 0.0009955199116420117, 0.0009955199116420117, 0.0009955199116420117], [0.9950224004417905, 0.0009955199116420117, 0.0009955199116420117, 0.0009955199116420117, 0.0009955199116420117, 0.0009955199116420117], [0.9950224004417905, 0.0009955199116420117, 0.0009955199116420117, 0.0009955199116420117, 0.0009955199116420117, 0.0009955199116420117], [0.9950224004417905, 0.0009955199116420117, 0.0009955199116420117, 0.0009955199116420117, 0.0009955199116420117, 0.0009955199116420117], [0.9950224004417905, 0.0009955199116420117, 0.0009955199116420117, 0.0009955199116420117, 0.0009955199116420117, 0.0009955199116420117], [0.9950224004417905, 0.0009955199116420117, 0.0009955199116420117, 0.0009955199116420117, 0.0009955199116420117, 0.0009955199116420117], [0.9950224004417905, 0.0009955199116420117, 0.0009955199116420117, 0.0009955199116420117, 0.0009955199116420117, 0.0009955199116420117], [0.9950224004417905, 0.0009955199116420117, 0.0009955199116420117, 0.0009955199116420117, 0.0009955199116420117, 0.0009955199116420117], [0.9950224004417905, 0.0009955199116420117, 0.0009955199116420117, 0.0009955199116420117, 0.0009955199116420117, 0.0009955199116420117], [0.9950224004417905, 0.0009955199116420117, 0.0009955199116420117, 0.0009955199116420117, 0.0009955199116420117, 0.0009955199116420117], [0.9950224004417905, 0.0009955199116420117, 0.0009955199116420117, 0.0009955199116420117, 0.0009955199116420117, 0.0009955199116420117], [0.9950224004417905, 0.0009955199116420117, 0.0009955199116420117, 0.0009955199116420117, 0.0009955199116420117, 0.0009955199116420117], [0.9950224004417905, 0.0009955199116420117, 0.0009955199116420117, 0.0009955199116420117, 0.0009955199116420117, 0.0009955199116420117], [0.9950224004417905, 0.0009955199116420117, 0.0009955199116420117, 0.0009955199116420117, 0.0009955199116420117, 0.0009955199116420117], [0.9950224004417905, 0.0009955199116420117, 0.0009955199116420117, 0.0009955199116420117, 0.0009955199116420117, 0.0009955199116420117], [0.9950224004417905, 0.0009955199116420117, 0.0009955199116420117, 0.0009955199116420117, 0.0009955199116420117, 0.0009955199116420117], [0.9950224004417905, 0.0009955199116420117, 0.0009955199116420117, 0.0009955199116420117, 0.0009955199116420117, 0.0009955199116420117], [0.9950224004417905, 0.0009955199116420117, 0.0009955199116420117, 0.0009955199116420117, 0.0009955199116420117, 0.0009955199116420117], [0.9950224004417905, 0.0009955199116420117, 0.0009955199116420117, 0.0009955199116420117, 0.0009955199116420117, 0.0009955199116420117], [0.9950224004417905, 0.0009955199116420117, 0.0009955199116420117, 0.0009955199116420117, 0.0009955199116420117, 0.0009955199116420117]], [[0.9950224004417905, 0.0009955199116420117, 0.0009955199116420117, 0.0009955199116420117, 0.0009955199116420117, 0.0009955199116420117], [0.8457740989976543, 0.07657738032523018, 0.057166336581338614, 0.010293107694700859, 0.009010683736079292, 0.0011783926649967652], [0.8017815681141865, 0.09610233398131134, 0.07143934855671577, 0.01528257258489487, 0.014356920746203542, 0.0010372560166881336], [0.8436115884552516, 0.07966668110009127, 0.057166336581338614, 0.010293107694700859, 0.008083893503620964, 0.0011783926649967652], [0.0011687917235689745, 0.031320808497293975, 0.01401907431968474, 0.002968745150050886, 0.9492952618031533, 0.0012273185062481274], [0.9445061969921816, 0.03485763666243932, 0.01545443241552291, 0.0029593593987171526, 0.000998936218617318, 0.0012234383125215838], [0.8472133881447784, 0.07452125297219585, 0.057166336581338614, 0.010293107694700859, 0.00962752194198959, 0.0011783926649967652], [0.9950224004417905, 0.0009955199116420117, 0.0009955199116420117, 0.0009955199116420117, 0.0009955199116420117, 0.0009955199116420117], [0.9950224004417905, 0.0009955199116420117, 0.0009955199116420117, 0.0009955199116420117, 0.0009955199116420117, 0.0009955199116420117], [0.949402999967695, 0.029336207202806868, 0.015470890060342623, 0.0029625108626187995, 0.0016026507371605901, 0.0012247411693761703], [0.9457634872067928, 0.03359243097491599, 0.015460360316040507, 0.0029604945286035005, 0.0009993193834187274, 0.0012239075902285255], [0.8430254351256009, 0.08050404299959209, 0.05716633658133861, 0.010293107694700857, 0.007832684933770713, 0.001178392664996765], [0.7506684464689048, 0.1117027832134203, 0.09142272027920324, 0.009799054084779525, 0.03536873306370413, 0.0010382628899879127], [0.7308299653548865, 0.12327037441991175, 0.09124132135552934, 0.025338134162865133, 0.028296100554655455, 0.0010241041521519118], [0.09499168112738199, 0.1335213952107287, 0.12034714336998163, 0.018566641965828117, 0.6315637899422664, 0.0010093483838130855], [0.6484769935022635, 0.12978283621116657, 0.1321309260077381, 0.03171564060328987, 0.056893382442382026, 0.001000221233159676], [0.5546452545443182, 0.15394677593752087, 0.17581753731178326, 0.033255019668075675, 0.08133544259320195, 0.0009999699451001985], [0.1394189211733345, 0.15019744902510518, 0.12541157619236057, 0.024290769924976478, 0.5596813210182885, 0.0009999626659348256], [0.14196863965070172, 0.14269975045436728, 0.119977368448529, 0.030556958817591896, 0.5637973281037189, 0.0009999545250913933], [0.15279240006397987, 0.16547388875850505, 0.17326186242862635, 0.030453665457504466, 0.4770182611764636, 0.000999922114920639], [0.1510033703393067, 0.16137311480922628, 0.18056967246597286, 0.03457130264242254, 0.47148261397194896, 0.0009999257711226703], [0.5350840016688767, 0.16707646194336692, 0.18821617904777532, 0.02885143541049121, 0.07977196791574187, 0.000999954013748072], [0.14347719075203502, 0.16515364899727525, 0.1732316591303992, 0.030303918556147814, 0.4868336514030409, 0.0009999311611018677], [0.643076260977249, 0.15243958892395798, 0.12361756771876954, 0.02217737420880374, 0.057685060089745055, 0.0010041480814747007], [0.606491581831195, 0.15955077403442833, 0.1273288929130452, 0.030632889682358406, 0.07498965864610628, 0.0010062028928668142], [0.6104906600891175, 0.14784644087943682, 0.12630820480050772, 0.03575759208704253, 0.07859196356677234, 0.0010051385771232015], [0.5186286473768754, 0.17603462579325949, 0.20042016257958864, 0.03658521098613343, 0.06733138270984705, 0.000999970554296114], [0.1044063222118249, 0.1602259890705648, 0.13723884347222162, 0.03380484378674712, 0.5633240341073694, 0.0009999673512721676], [0.5965566146991934, 0.1670840041306637, 0.1716737111691847, 0.02959557654004171, 0.034081634417779234, 0.001008459043137284], [0.6804153091284282, 0.12622283156542852, 0.12706086336654704, 0.026596339603919928, 0.038678808123032614, 0.001025848212643724], [0.7111604215963824, 0.11814439814905418, 0.12466890932896178, 0.018225842284236828, 0.026765418765901293, 0.0010350098754636577], [0.9950224004417905, 0.0009955199116420117, 0.0009955199116420117, 0.0009955199116420117, 0.0009955199116420117, 0.0009955199116420117], [0.7085261524259251, 0.12509809391052257, 0.10625906365699349, 0.027821746184915144, 0.03125936997230192, 0.0010355738493417902], [0.7150327987859809, 0.10780921949416088, 0.11658647631381634, 0.01864460197826225, 0.04090093708515851, 0.0010259663426210514], [0.11196044377836445, 0.14480786943094803, 0.1247766774117392, 0.02352879232895354, 0.593919020078339, 0.001007196971655807], [0.633254653373561, 0.1599848413442628, 0.12967063739792023, 0.02721391825588239, 0.0488759504286222, 0.0009999991997513228], [0.5473895003696041, 0.17336143421353095, 0.18854245841856496, 0.03410756727534786, 0.055599063899499486, 0.0009999758234528556], [0.6231767557896479, 0.1542762241002339, 0.14219768427741328, 0.026195080926349746, 0.053150283709359494, 0.001003971196995526], [0.6547579375413363, 0.13435513012741726, 0.14759184906610368, 0.01752201715308469, 0.04476926884159105, 0.0010037972704670698], [0.9950224004417905, 0.0009955199116420117, 0.0009955199116420117, 0.0009955199116420117, 0.0009955199116420117, 0.0009955199116420117]], [[0.9950224004417905, 0.0009955199116420117, 0.0009955199116420117, 0.0009955199116420117, 0.0009955199116420117, 0.0009955199116420117], [0.03354984092515948, 0.0968570578969786, 0.07657773401328945, 0.010859032277355116, 0.781113700516274, 0.0010426343709432741], [0.7493726606275013, 0.21255119665876324, 0.0012463689582633277, 0.02038850436581944, 0.015417972139117907, 0.0010232972505349618], [0.03986170214672057, 0.1810720879444934, 0.0012723210930655913, 0.027552117204050295, 0.74920029365177, 0.0010414779599000877], [0.0203864279717611, 0.13864406263298376, 0.001975979313283097, 0.012962424295137118, 0.8248547755754241, 0.0011763302114108749], [0.8446628215399641, 0.12974667127654854, 0.0019819383689731475, 0.012842960630945996, 0.009585730456658389, 0.001179877726909931], [0.803355691119892, 0.08586234751965584, 0.07867266067985927, 0.011260766568535197, 0.019811242117095992, 0.001037291994961734], [0.9950224004417905, 0.0009955199116420117, 0.0009955199116420117, 0.0009955199116420117, 0.0009955199116420117, 0.0009955199116420117], [0.9950224004417905, 0.0009955199116420117, 0.0009955199116420117, 0.0009955199116420117, 0.0009955199116420117, 0.0009955199116420117], [0.9950224004417905, 0.0009955199116420117, 0.0009955199116420117, 0.0009955199116420117, 0.0009955199116420117, 0.0009955199116420117], [0.8426898301491266, 0.08098347868026987, 0.057166336581338614, 0.010293107694700859, 0.007688854229567385, 0.0011783926649967652], [0.7554506246209891, 0.18921945534185897, 0.001270673148970734, 0.024197045033653004, 0.02882304167153136, 0.0010391601829968149], [0.7139848450929553, 0.22007677553606073, 0.0012470306687615688, 0.02550750358226326, 0.03815988616079563, 0.001023958959163437], [0.6520545863633646, 0.25630800030565726, 0.001208702448427662, 0.0344042403628137, 0.0550229251202191, 0.001001545399517782], [0.640634406389104, 0.27317260070651783, 0.0011938022752542635, 0.030360649298612336, 0.053638547856833994, 0.0009999934736775557], [0.1465549432781473, 0.3301507231305866, 0.0010883799633052088, 0.033911645001950964, 0.4872943774190202, 0.0009999312069897506], [0.5491517065201157, 0.32669621276250366, 0.0011289358326551206, 0.037890434662760306, 0.08413275348564801, 0.000999956736317281], [0.5446367444036782, 0.3395775109673893, 0.0011404375586273883, 0.03453688919847648, 0.07910845456291064, 0.0009999633089181005], [0.5459023215828994, 0.3304891645730364, 0.0011399518806904194, 0.030522623889246352, 0.09094597531362761, 0.0009999627604999636], [0.5357627106817445, 0.3298604279814497, 0.0011308589954791015, 0.038599578420660446, 0.0936464692871094, 0.0009999546335568536], [0.1866398728214402, 0.33742347510161, 0.0010845436393150587, 0.041523061715300354, 0.4323291158247051, 0.0009999308976294007], [0.3660264126488757, 0.39314499977339534, 0.0010333975433419853, 0.039559440843678295, 0.19923581062161178, 0.000999938569097071], [0.5247130634499712, 0.34046693936579886, 0.0011226557819889774, 0.04594895108263125, 0.086748439811283, 0.000999950508326854], [0.5317615772327697, 0.34027095200217533, 0.0011439884337321113, 0.03592835692234408, 0.08989515860737009, 0.0009999668016085865], [0.11896155698517986, 0.21567266095455187, 0.0009996684481023694, 0.030496166350195458, 0.632870278813868, 0.0009996684481023694], [0.6148422297834296, 0.2930604759323787, 0.0009996852313867556, 0.031233553976836078, 0.05886436984458223, 0.0009996852313867556], [0.5131801404908944, 0.39049041689642455, 0.0009996669129605548, 0.033422641496204115, 0.060907467290555975, 0.0009996669129605548], [0.6130139007676689, 0.1532543420651532, 0.14953258857301405, 0.03241795136921113, 0.05078143847458793, 0.0009997787503648076], [0.5878662477870216, 0.35615745556572587, 0.0009997502682691716, 0.02481011131229744, 0.029166684798416782, 0.0009997502682691716], [0.7098435799246906, 0.12396109195107231, 0.10830511286078953, 0.02160693828862737, 0.03528347432576778, 0.000999802649052303], [0.9950228956748198, 0.0009954208650361537, 0.0009954208650361537, 0.0009954208650361537, 0.0009954208650361537, 0.0009954208650361537], [0.06039057511054159, 0.10087922752035916, 0.08206961618265751, 0.023145072960806326, 0.7325156774037943, 0.0009998308218412504], [0.06574996338789095, 0.17766533301639348, 0.001001158317632136, 0.016236296599411754, 0.7383474252784012, 0.000999823400270475], [0.7032049296023785, 0.2291247050497919, 0.0009997667499783754, 0.024410918942399572, 0.04125991290547331, 0.0009997667499783754], [0.6904867124380236, 0.2358804758617476, 0.0009997511892334613, 0.025675143325742018, 0.04595816599601976, 0.0009997511892334613], [0.21048591825419177, 0.28630090737795155, 0.0009996113795642811, 0.02931346630855816, 0.4719004853001699, 0.0009996113795642811], [0.49918741646417075, 0.4074311986726052, 0.0009996560741094428, 0.04009586640529796, 0.0512862063097073, 0.0009996560741094428], [0.08742364196321224, 0.4046514214896901, 0.0009996118869212334, 0.027705923228812945, 0.4782197895444423, 0.0009996118869212334], [0.7016671072394405, 0.12074406972417108, 0.11884963242358186, 0.02286964504948482, 0.034869742335771794, 0.000999803227550069], [0.9950224004417905, 0.0009955199116420117, 0.0009955199116420117, 0.0009955199116420117, 0.0009955199116420117, 0.0009955199116420117]], [[0.9950224004417905, 0.0009955199116420117, 0.0009955199116420117, 0.0009955199116420117, 0.0009955199116420117, 0.0009955199116420117], [0.7537060876532466, 0.1138593685226225, 0.08631359073250151, 0.01702754297448822, 0.028068079676616457, 0.001025330440524614], [0.6905411847070831, 0.2506148739040149, 0.0012109188591750745, 0.022432819424150877, 0.0341964413003392, 0.0010037618052369552], [0.7410660736400507, 0.18935332028481164, 0.001246682583452895, 0.029965637242071602, 0.03734467536701982, 0.0010236108825933201], [0.07421233606338783, 0.17038590343928134, 0.001271221380722633, 0.02486583285770079, 0.7282243280216831, 0.0010403782372241997], [0.745428987609452, 0.18336859771941794, 0.0012668161341796353, 0.027118136360564597, 0.04178215899738588, 0.0010353031789998547], [0.749754122984853, 0.1970112181679546, 0.0012473486818716376, 0.021484662865623894, 0.02947837032950105, 0.0010242769701959886], [0.7288074864048595, 0.11207573709692317, 0.10338101233975726, 0.025528880615438627, 0.029197867913127288, 0.0010090156298941159], [0.7677495470714762, 0.10397572901127507, 0.08310611912774282, 0.018890803977682506, 0.02525536308724268, 0.001022437724580761], [0.9950224004417905, 0.0009955199116420117, 0.0009955199116420117, 0.0009955199116420117, 0.0009955199116420117, 0.0009955199116420117], [0.7370183777578806, 0.12351240518048666, 0.08742280774931936, 0.022180423035752753, 0.028830532808729024, 0.0010354534678316723], [0.7511608619844715, 0.18714878467731189, 0.0012465687069607985, 0.02476785436578605, 0.03465243326352355, 0.0010234970019461893], [0.10003751507228476, 0.2569714480912968, 0.0012128623556276624, 0.03689798115296531, 0.6038741284970743, 0.0010060648307512036], [0.14462820703096138, 0.23659918402606708, 0.0011237641003020958, 0.034492648791741846, 0.5821562441253848, 0.000999951925542965], [0.17075286381369878, 0.295830161286307, 0.0010796677504378374, 0.043368507084826285, 0.48796887756732393, 0.000999922497406068], [0.15922337516381144, 0.32003073848885816, 0.0010718642249272037, 0.04649448682639271, 0.47217961660214375, 0.0009999186938669787], [0.3908717443556806, 0.36275196528143966, 0.0010365650257502064, 0.03845326964632959, 0.20588651392041657, 0.0009999417703833423], [0.5541671541653429, 0.30699791687609795, 0.0011392436879706324, 0.03931994606290809, 0.09737577617689962, 0.0009999630307809893], [0.5486161113553649, 0.30611789272950474, 0.0011418817985857947, 0.04251471181491716, 0.10060943665821817, 0.0009999656434093041], [0.3970757840192679, 0.33112567488579786, 0.0010376479534521996, 0.047712570376974156, 0.2220483805097397, 0.0009999422547680825], [0.5382069403446286, 0.3260482343411896, 0.001132351799965712, 0.038449949989262815, 0.09516256740034597, 0.0009999561246074487], [0.5527057511431913, 0.3065904678148139, 0.0011394023200730918, 0.040088068680735243, 0.0984763468892256, 0.0009999631519608174], [0.1789527521619007, 0.2993437964247999, 0.0010842256700525643, 0.0364591334964071, 0.4831601651576569, 0.0009999270891827027], [0.6411536284186604, 0.24953819424305873, 0.001195210131362423, 0.029082818763846843, 0.078030153578109, 0.0009999948649625692], [0.5323357839392833, 0.2599489151021317, 0.000999683496823814, 0.03516753590763008, 0.17054839805730743, 0.000999683496823814], [0.5368548926077199, 0.3611224057480225, 0.0009996716449625117, 0.028285617979197472, 0.07173774037513517, 0.0009996716449625117], [0.4324357340861811, 0.12534939204348333, 0.24476180932165137, 0.031848272010171624, 0.16460503460359824, 0.0009997579349144633], [0.9950228956748198, 0.0009954208650361537, 0.0009954208650361537, 0.0009954208650361537, 0.0009954208650361537, 0.0009954208650361537], [0.1018733272975584, 0.1492697940957677, 0.125096178687256, 0.024822528574619914, 0.5979384239115801, 0.0009997474332180173], [0.9950228956748198, 0.0009954208650361537, 0.0009954208650361537, 0.0009954208650361537, 0.0009954208650361537, 0.0009954208650361537], [0.9950228956748198, 0.0009954208650361537, 0.0009954208650361537, 0.0009954208650361537, 0.0009954208650361537, 0.0009954208650361537], [0.27581428846212847, 0.09464097242315557, 0.05588073755569963, 0.02134697090844276, 0.5513172075494724, 0.0009998231011011896], [0.7268302106256824, 0.21024375928780253, 0.0009997661272724849, 0.021232865316253086, 0.039693632515717135, 0.0009997661272724849], [0.10368876728975325, 0.21749884033470393, 0.0009996620281355743, 0.027625761671468813, 0.6491873066478029, 0.0009996620281355743], [0.5302164187067319, 0.3770662955487748, 0.0009996719345089725, 0.03015458043861453, 0.060563361436860884, 0.0009996719345089725], [0.14390726626261516, 0.2906990476690069, 0.0009995986582210855, 0.032566462871696684, 0.5308280258802393, 0.0009995986582210855], [0.37826538094124584, 0.4334954720662444, 0.0009995764670173801, 0.03609412031222363, 0.15014587374625152, 0.0009995764670173801], [0.5918917194363966, 0.3031351672520515, 0.0009996674251672806, 0.04123642495523387, 0.06173735350598341, 0.0009996674251672806], [0.5423220000471568, 0.13504829519244535, 0.14391116345211694, 0.02408854416548724, 0.15363021596658052, 0.0009997811762131482], [0.9950224004417905, 0.0009955199116420117, 0.0009955199116420117, 0.0009955199116420117, 0.0009955199116420117, 0.0009955199116420117]], [[0.9950224004417905, 0.0009955199116420117, 0.0009955199116420117, 0.0009955199116420117, 0.0009955199116420117, 0.0009955199116420117], [0.6674508219772161, 0.13653930881143964, 0.12687609517997434, 0.02965984390213051, 0.03846791130946643, 0.0010060188197729694], [0.10004173560539377, 0.2742495951623043, 0.001126856801872563, 0.02480856023183346, 0.5987732972398412, 0.0009999549587548873], [0.6562416750898428, 0.2440946045304905, 0.0012057269439474058, 0.030403715391101524, 0.06705427944447764, 0.000999998600140099], [0.0912844640798102, 0.18340327773630374, 0.0012486466280889478, 0.026640566379814684, 0.6963968483265244, 0.0010261968494580211], [0.72841995739521, 0.1966543428951294, 0.0012435137025266856, 0.025524794820124503, 0.04713694918409566, 0.0010204420029136208], [0.10325099427299292, 0.23288476474233735, 0.0012131270640742882, 0.03451656545200501, 0.6271282189263112, 0.0010063295422793525], [0.6716272498109308, 0.25549479741242315, 0.0011921462490884647, 0.028588375124765305, 0.0420974396353047, 0.00099999176748755], [0.08490029573609585, 0.23538084409201288, 0.001211841367804151, 0.029735796925676523, 0.6477661780327865, 0.0010050438456240252], [0.7205994332500664, 0.11870145252109221, 0.08743536275046264, 0.034844509094826365, 0.03739764104068465, 0.0010216013428677004], [0.9950224004417905, 0.0009955199116420117, 0.0009955199116420117, 0.0009955199116420117, 0.0009955199116420117, 0.0009955199116420117], [0.7299701615794353, 0.1127764412207941, 0.09224794941890305, 0.028597170781065707, 0.03537466578794643, 0.0010336112118554484], [0.7254248066721258, 0.18779951513661047, 0.0012466361524936847, 0.024286948054527302, 0.06021852953594556, 0.0010235644482970978], [0.6489340391975486, 0.266356180542554, 0.0012062264756702967, 0.03069228708497199, 0.051811267663497244, 0.0009999990357578937], [0.1722152474249667, 0.24988492236717444, 0.0011303986478626666, 0.027619262158114492, 0.5481502108569988, 0.000999958544883083], [0.5607805266264956, 0.3097976523569308, 0.0011374201951606417, 0.03584411754016451, 0.09144032305503821, 0.0009999602262101758], [0.5774866036709698, 0.286688643786339, 0.0011290188132112137, 0.038834009822458465, 0.09486176705991513, 0.000999956847106436], [0.5664214985136242, 0.286976039056047, 0.0011484064586765633, 0.041044214228319456, 0.10340987476894978, 0.0009999669743831312], [0.5617294318265403, 0.3101315990210654, 0.0011399495087271, 0.029839570948219343, 0.09615948594475857, 0.0009999627506892467], [0.5603298109949313, 0.2932887883671408, 0.0011233235052196585, 0.029893829484457145, 0.11436429646740164, 0.0009999511808494125], [0.17754773647107314, 0.28622683941682525, 0.001083340042200613, 0.03510328070507694, 0.4990388771453628, 0.0009999262194613726], [0.5757901180907685, 0.29827149613374143, 0.0011368195557491384, 0.036118219104118054, 0.08768338747446291, 0.000999959641160069], [0.6440349122497018, 0.23972334376569981, 0.0011948725603946305, 0.03476739684928675, 0.07927948003409821, 0.0009999945408191327], [0.6563370835464346, 0.2291809588594334, 0.0012078355144073722, 0.03246089324771884, 0.07981255037346577, 0.0010006784585399524], [0.6086028966182443, 0.29491080263772357, 0.0009997523639685463, 0.03273941887950521, 0.06174737713658978, 0.0009997523639685463], [0.5516047230423471, 0.3564042660572049, 0.0009996881460498464, 0.027538181726918923, 0.06245345288142953, 0.0009996881460498464], [0.5505038719677752, 0.12686542212128832, 0.21366158383466854, 0.025402561937765182, 0.0825667902638826, 0.0009997698746203765], [0.9950228956748198, 0.0009954208650361537, 0.0009954208650361537, 0.0009954208650361537, 0.0009954208650361537, 0.0009954208650361537], [0.9950228956748198, 0.0009954208650361537, 0.0009954208650361537, 0.0009954208650361537, 0.0009954208650361537, 0.0009954208650361537], [0.9950228956748198, 0.0009954208650361537, 0.0009954208650361537, 0.0009954208650361537, 0.0009954208650361537, 0.0009954208650361537], [0.9950228956748198, 0.0009954208650361537, 0.0009954208650361537, 0.0009954208650361537, 0.0009954208650361537, 0.0009954208650361537], [0.6763075559512943, 0.10345475435725408, 0.06142224771911934, 0.020960264409842826, 0.1368553601430384, 0.000999817419451038], [0.10198025482693106, 0.19064396940392192, 0.0009997676161023104, 0.02647465513368192, 0.6789015854032605, 0.0009997676161023104], [0.6069311670588939, 0.309943026679713, 0.000999748564684479, 0.024281284667237286, 0.05684502446478695, 0.000999748564684479], [0.6411317673390475, 0.25751652462589614, 0.0009996834640584543, 0.034071482693924474, 0.065280858413015, 0.0009996834640584543], [0.15888440371253088, 0.2579730331458029, 0.0009996081830661503, 0.027114560053846888, 0.5540287867216871, 0.0009996081830661503], [0.5121181224308663, 0.3772446585341735, 0.000999672611272981, 0.033974166274678926, 0.07466370753773535, 0.000999672611272981], [0.6184674073060554, 0.278788604861196, 0.0009996883223135043, 0.041017271782304514, 0.05972733940581717, 0.0009996883223135043], [0.7007033111081824, 0.12003041188610898, 0.10429393384616, 0.023664503475644395, 0.050308038549764844, 0.0009998011341393676], [0.9950224004417905, 0.0009955199116420117, 0.0009955199116420117, 0.0009955199116420117, 0.0009955199116420117, 0.0009955199116420117]], [[0.9950224004417905, 0.0009955199116420117, 0.0009955199116420117, 0.0009955199116420117, 0.0009955199116420117, 0.0009955199116420117], [0.6374975577335024, 0.14532960983153412, 0.13662606974629946, 0.023035003728925436, 0.056507804098715635, 0.0010039548610229457], [0.5322747736907454, 0.35199332886313633, 0.0011288996561643777, 0.03982669099081101, 0.07377635503502526, 0.000999951764117743], [0.11779559134612835, 0.25649806427709165, 0.0011303811391122093, 0.034439766032878655, 0.5891362387314037, 0.0009999584733854493], [0.1317075210350168, 0.21983015808114867, 0.001206692768504631, 0.031528148294082466, 0.6147274799457876, 0.000999999875459886], [0.13738158057386402, 0.21991458102386194, 0.0012051995235341031, 0.032584521456533413, 0.6079141190363315, 0.0009999983858752146], [0.6512101569070328, 0.25559806766030446, 0.0011958473084869158, 0.033379610194922756, 0.05761632245212068, 0.00099999547713239], [0.5632847066169674, 0.3221968719670553, 0.0011421770945258996, 0.03652504832467837, 0.07585123100065302, 0.0009999649961200082], [0.11929629575740268, 0.2838926129651933, 0.0011244511325618517, 0.02242100296900474, 0.5722656846245869, 0.0009999525512506611], [0.6998495295914015, 0.2154753312707245, 0.0012102338071773048, 0.02944925939193237, 0.053012569192470625, 0.0010030767462937036], [0.7295814593914198, 0.1150156249551636, 0.07522548075358411, 0.02835004489727382, 0.05080461049444194, 0.0010227795081166507], [0.9950224004417905, 0.0009955199116420117, 0.0009955199116420117, 0.0009955199116420117, 0.0009955199116420117, 0.0009955199116420117], [0.6818417687995876, 0.14312440826895836, 0.10044871422227765, 0.026213306407019726, 0.04736807066785652, 0.0010037316343001685], [0.13663158102363462, 0.25983210661163253, 0.0011278270632022708, 0.02972343521727387, 0.5716850941452141, 0.0009999559390427462], [0.5328143306154305, 0.33716743840460833, 0.0011384252625189172, 0.03015474131717135, 0.09772510310314331, 0.000999961297127642], [0.6278084408226287, 0.2564326088808829, 0.0011959134255936958, 0.03289125581162742, 0.08067178553842193, 0.0009999955208453831], [0.19796544948632758, 0.288635714347503, 0.0010870660885164006, 0.048785144650058385, 0.46252669599748436, 0.0009999294301105582], [0.18696626373649636, 0.28007840980664206, 0.0010772603523145515, 0.03681435679264438, 0.49406378529143463, 0.0009999240204680614], [0.5631018289385293, 0.29557881286643234, 0.0011358725217982687, 0.03367605743523338, 0.10550746954090659, 0.0009999586971000582], [0.18276805361938603, 0.2791019557613729, 0.0010819706260366652, 0.037471036157410195, 0.49857705902143146, 0.0009999248143628915], [0.571057685463289, 0.29346416401558717, 0.0011353982489385826, 0.0369228618676892, 0.09641993218297155, 0.0009999582215244902], [0.15210108576023404, 0.2364988267223903, 0.0011250066958575812, 0.034294490699878964, 0.5749806369922209, 0.0009999531294183433], [0.6562554005522596, 0.23221110593494293, 0.0012045344501484508, 0.03029422330766266, 0.07903473833474005, 0.0009999974202464254], [0.6739015531502998, 0.21784886309340024, 0.0012082392819647095, 0.027780611748521974, 0.07825965049855843, 0.0010010822272548698], [0.6106085827407548, 0.2871506941615518, 0.0009997498169877306, 0.02953298871373489, 0.07070823474998296, 0.0009997498169877306], [0.12638945031426266, 0.3369939764343564, 0.0009996161069347888, 0.02641908515008592, 0.5081982558874256, 0.0009996161069347888], [0.6452329818285535, 0.2557058685186025, 0.0009996791387543607, 0.025475342116693882, 0.07158644925864155, 0.0009996791387543607], [0.10876025703800404, 0.3039121424127743, 0.09054644775577744, 0.024333740517425848, 0.4714476468623702, 0.0009997654136482705], [0.11251398985004034, 0.2084479192184128, 0.08087304713726995, 0.028907857293501846, 0.5682573810673169, 0.000999805433458225], [0.7553346780719161, 0.09690117572268388, 0.07419361540941817, 0.02291463142378753, 0.04965609498314711, 0.0009998043890472347], [0.735706413423977, 0.10647741984313096, 0.07890543337111228, 0.022605709069822864, 0.05530522260537275, 0.0009998016865842756], [0.10083348098980542, 0.3011772087747255, 0.0009997676173330832, 0.025164662414862208, 0.5708251125859408, 0.0009997676173330832], [0.10344428180350757, 0.1995613218119459, 0.0009996618445870117, 0.026933030998774084, 0.6680620416965984, 0.0009996618445870117], [0.5599713491511911, 0.338264542667677, 0.000999685308224006, 0.027328139978575906, 0.07243659758610801, 0.000999685308224006], [0.5601886829731352, 0.3441754086626741, 0.0009996691065363727, 0.026358168480729385, 0.06727840167038865, 0.0009996691065363727], [0.31993091606049, 0.4918067056761454, 0.0009995881755943332, 0.028462275149862312, 0.15780092676231372, 0.0009995881755943332], [0.4172968005767985, 0.47837776985595665, 0.0009996727958987185, 0.030149366502394605, 0.07217671747305297, 0.0009996727958987185], [0.5238234436210404, 0.26741871460831523, 0.000999683401532391, 0.03532582343740797, 0.1714326515301717, 0.000999683401532391], [0.7180357353931555, 0.11669907794200657, 0.09091579401606363, 0.020952554214270776, 0.05239703704422736, 0.0009998013902762788], [0.9950224004417905, 0.0009955199116420117, 0.0009955199116420117, 0.0009955199116420117, 0.0009955199116420117, 0.0009955199116420117]], [[0.9950224004417905, 0.0009955199116420117, 0.0009955199116420117, 0.0009955199116420117, 0.0009955199116420117, 0.0009955199116420117], [0.12555887698214582, 0.1733963606772482, 0.17075430876518735, 0.030457848991875557, 0.4988326657473347, 0.0009999388362082657], [0.15666223582448727, 0.3417046584570742, 0.0010739710535115083, 0.026425380035705996, 0.47313383385141633, 0.0009999207778047588], [0.5591280272618501, 0.3186343194997826, 0.0011338236519371477, 0.03755488337619444, 0.08254898950930832, 0.000999956700927586], [0.6324987130034433, 0.25323363533288396, 0.001190583175806128, 0.03145761706272375, 0.08061946122629625, 0.0009999901988467389], [0.15547548219778207, 0.2397697726977101, 0.001122845657242634, 0.03236996824087106, 0.5702619802447867, 0.0009999509616074864], [0.5784826613244096, 0.3083871741193037, 0.0011439441500018638, 0.02540882975050365, 0.0855774239067762, 0.0009999667490051582], [0.5578918232594836, 0.31594937126844785, 0.0011313097702957704, 0.03678250223028472, 0.08724503435099, 0.0009999591204980483], [0.16183145350915712, 0.2729310166825228, 0.0010860078327607995, 0.034344459883761974, 0.5288071332672186, 0.0009999288245786694], [0.6486735014352085, 0.2597777703405568, 0.001198202123798578, 0.029257791123778465, 0.060092737117708614, 0.0009999978589490931], [0.7024287267174526, 0.21082034564210567, 0.0012109636486445816, 0.028705943151431428, 0.05583021423985926, 0.0010038066005064216], [0.6706880563078017, 0.12367180666650843, 0.11146143709129612, 0.02766510832740827, 0.0655103519822559, 0.0010032396247296857], [0.9950224004417905, 0.0009955199116420117, 0.0009955199116420117, 0.0009955199116420117, 0.0009955199116420117, 0.0009955199116420117], [0.5550131666509732, 0.16852421148438962, 0.15682964989909526, 0.02941330591510655, 0.089219701650946, 0.0009999643994893289], [0.17835046572017502, 0.2950654027166806, 0.0010801977062041624, 0.03735207250884488, 0.48715193436947263, 0.0009999269786228487], [0.5440112549383719, 0.3350000885360311, 0.001150199963953235, 0.036832509569524406, 0.08200597828221755, 0.0009999687099021305], [0.5512535287104322, 0.3070784089626893, 0.0011305749603993975, 0.044955814829787534, 0.0945817141520035, 0.000999958384688128], [0.4299967355214955, 0.32580668662638573, 0.001031570115135136, 0.042584890605959026, 0.19958017979246476, 0.0009999373385600546], [0.19301624660474714, 0.29327894831837015, 0.0010718092262336938, 0.02868832093144865, 0.48294475630445344, 0.000999918614747115], [0.19598096705521575, 0.2858490985277367, 0.0010802482104970215, 0.027606834333760582, 0.48848292927778814, 0.0009999225950019018], [0.5599933672126486, 0.3061730450953451, 0.0011249385662755178, 0.030908997594551114, 0.10079969871483571, 0.000999952816344029], [0.18510839203804133, 0.2815155467656954, 0.0010768796374957903, 0.03262272422347879, 0.49867653755574237, 0.0009999197795464458], [0.16542753388923506, 0.2218452587490548, 0.0011234189373967509, 0.028569503801432798, 0.5820343331091283, 0.000999951513752456], [0.6477715492660471, 0.22645432761265666, 0.0011939912180380988, 0.034655691830440406, 0.08892444642716768, 0.000999993645650215], [0.5637037840076892, 0.3346766963287951, 0.0009996847896798955, 0.025499561328777558, 0.0741205887553783, 0.0009996847896798955], [0.5539038371767013, 0.3445718378478182, 0.000999672602560914, 0.028744580639069536, 0.07078039913128925, 0.000999672602560914], [0.5496788634262018, 0.34427089002359285, 0.000999689332453425, 0.028546115626386082, 0.0755047522589125, 0.000999689332453425], [0.11916931570972072, 0.2894607696700106, 0.0009996612748768882, 0.03125737901610571, 0.5581132130544093, 0.0009996612748768882], [0.7158488684260157, 0.19964149347803056, 0.0009997633076790561, 0.026764505840755938, 0.0557456056398397, 0.0009997633076790561], [0.11059175730288662, 0.2001523797171439, 0.0009996673507385516, 0.020416787660711547, 0.666839740617781, 0.0009996673507385516], [0.5620411166437446, 0.24183189261535398, 0.0009996913301233317, 0.02710791700397459, 0.16701969107668016, 0.0009996913301233317], [0.7081258042794671, 0.20892271736831886, 0.0009997568712899055, 0.02276202717175363, 0.05818993743788056, 0.0009997568712899055], [0.7353974511309203, 0.1799226582414727, 0.0009997613348780709, 0.02446786993653999, 0.05821249802131091, 0.0009997613348780709], [0.7315267909155946, 0.1785396861329052, 0.0009997556558308935, 0.029446618341394733, 0.058487393298443865, 0.0009997556558308935], [0.6753135415497293, 0.22949383121151212, 0.0009996904695922205, 0.030592366410959224, 0.06260087988861483, 0.0009996904695922205], [0.6433950281744778, 0.24759824023435345, 0.0009996690050804893, 0.027785914163459744, 0.07922147941754795, 0.0009996690050804893], [0.5405604343780207, 0.36470987639076763, 0.0009996838508594982, 0.028299063704238125, 0.06443125782525468, 0.0009996838508594982], [0.10108754556482417, 0.3235352834811103, 0.000999664113512465, 0.0340730617249589, 0.5393047810020818, 0.000999664113512465], [0.08764186054523561, 0.10687050044501334, 0.10018095833102288, 0.02131180272265311, 0.6829950694599771, 0.0009998084960980921], [0.9950224004417905, 0.0009955199116420117, 0.0009955199116420117, 0.0009955199116420117, 0.0009955199116420117, 0.0009955199116420117]], [[0.9950224004417905, 0.0009955199116420117, 0.0009955199116420117, 0.0009955199116420117, 0.0009955199116420117, 0.0009955199116420117], [0.5482993738451354, 0.16155199214000113, 0.17650664591493964, 0.02567580792401678, 0.08696622552799986, 0.0009999546479073753], [0.3560811543078785, 0.4017072994218605, 0.001033783020149532, 0.043516464610613606, 0.19666135914446425, 0.0009999394950335944], [0.5307182529854444, 0.32489402520085076, 0.0011305005462048591, 0.03790118248383551, 0.10435608047330348, 0.0009999583103610624], [0.5608115677898781, 0.313291738909153, 0.001144158732472179, 0.038425995816445374, 0.08532657178406518, 0.0009999669679862952], [0.5663581656897403, 0.2904530760158407, 0.0011440539623608504, 0.03290165517561917, 0.10814308229682039, 0.0009999668596185909], [0.5721918545287449, 0.2939091759603512, 0.0011304735461751072, 0.031455028334817954, 0.10031350930553183, 0.000999958324379291], [0.4085752622955463, 0.321595173991351, 0.0010413231558153864, 0.046271946198308184, 0.22151634841814627, 0.0009999459408328779], [0.5629209394757259, 0.3053842461496755, 0.0011307019923490942, 0.03295533061184142, 0.09660882320110668, 0.0009999585693014794], [0.5806343956717313, 0.29405133319229004, 0.0011463681487674867, 0.03552007531423526, 0.08764785850933375, 0.000999969163642273], [0.14339112549508687, 0.25300743149097515, 0.0011246906030027025, 0.027836396374434323, 0.5736404032302471, 0.000999952806253986], [0.6740129555950386, 0.2294070330521761, 0.0011942418778947907, 0.034119813607246634, 0.06026596196419287, 0.0009999939034511546], [0.589291525215265, 0.15918085645291175, 0.13181083352364079, 0.03738198298817414, 0.08133483791711779, 0.0009999639028907767], [0.9950224004417905, 0.0009955199116420117, 0.0009955199116420117, 0.0009955199116420117, 0.0009955199116420117, 0.0009955199116420117], [0.40834256020518656, 0.14888849649036628, 0.20409932075115475, 0.03605201251907427, 0.20161767221555937, 0.0009999378186587066], [0.5810378421336966, 0.14793976082167834, 0.13930528538654777, 0.03474976701304201, 0.09596738760730064, 0.0009999570377348238], [0.5526349937348837, 0.3189046649990783, 0.001149139179320504, 0.02944905500667639, 0.09686217940734736, 0.0009999676726940064], [0.5494635031119831, 0.32046677912699284, 0.001130629950591942, 0.031429143991666825, 0.09650998536984942, 0.000999958448915869], [0.18440638052838298, 0.30098219494825706, 0.0010835567541613007, 0.04321528678161758, 0.46931265508321074, 0.0009999259043704362], [0.5601006186926276, 0.30757094751112873, 0.0011242514790586154, 0.032188372474463295, 0.09801585773312474, 0.0009999521095971297], [0.41006822730967757, 0.342071577324621, 0.0010285453045167116, 0.034264312164974005, 0.211567403579155, 0.0009999343170558686], [0.19747635360747973, 0.27634901569796905, 0.0010695703530808444, 0.03994590854846651, 0.48415923545181594, 0.000999916341188042], [0.5830402895889576, 0.287837871486768, 0.0011362269875719226, 0.03532759917300828, 0.09165805366969838, 0.000999959093995888], [0.5886678704474311, 0.2773750851679377, 0.001143664163608784, 0.