{
  "prediction": [
    [
      [
        0.9950224004417905,
        0.0009955199116420117,
        0.0009955199116420117,
        0.0009955199116420117,
        0.0009955199116420117,
        0.0009955199116420117
      ],
      [
        0.9950224004417905,
        0.0009955199116420117,
        0.0009955199116420117,
        0.0009955199116420117,
        0.0009955199116420117,
        0.0009955199116420117
      ],
      [
        0.9950224004417905,
        0.0009955199116420117,
        0.0009955199116420117,
        0.0009955199116420117,
        0.0009955199116420117,
        0.0009955199116420117
      ],
      [
        0.9950224004417905,
        0.0009955199116420117,
        0.0009955199116420117,
        0.0009955199116420117,
        0.0009955199116420117,
        0.0009955199116420117
      ],
      [
        0.9950224004417905,
        0.0009955199116420117,
        0.0009955199116420117,
        0.0009955199116420117,
        0.0009955199116420117,
        0.0009955199116420117
      ],
      [
        0.9950224004417905,
        0.0009955199116420117,
        0.0009955199116420117,
        0.0009955199116420117,
        0.0009955199116420117,
        0.0009955199116420117
      ],
      [
        0.9950224004417905,
        0.0009955199116420117,
        0.0009955199116420117,
        0.0009955199116420117,
        0.0009955199116420117,
        0.0009955199116420117
      ],
      [
        0.9950224004417905,
        0.0009955199116420117,
        0.0009955199116420117,
        0.0009955199116420117,
        0.0009955199116420117,
        0.0009955199116420117
      ],
      [
        0.9950224004417905,
        0.0009955199116420117,
        0.0009955199116420117,
        0.0009955199116420117,
        0.0009955199116420117,
        0.0009955199116420117
      ],
      [
        0.9950224004417905,
        0.0009955199116420117,
        0.0009955199116420117,
        0.0009955199116420117,
        0.0009955199116420117,
        0.0009955199116420117
      ],
      [
        0.9950224004417905,
        0.0009955199116420117,
        0.0009955199116420117,
        0.0009955199116420117,
        0.0009955199116420117,
        0.0009955199116420117
      ],
      [
        0.9950224004417905,
        0.0009955199116420117,
        0.0009955199116420117,
        0.0009955199116420117,
        0.0009955199116420117,
        0.0009955199116420117
      ],
      [
        0.9950224004417905,
        0.0009955199116420117,
        0.0009955199116420117,
        0.0009955199116420117,
        0.0009955199116420117,
        0.0009955199116420117
      ],
      [
        0.9950224004417905,
        0.0009955199116420117,
        0.0009955199116420117,
        0.0009955199116420117,
        0.0009955199116420117,
        0.0009955199116420117
      ],
      [
        0.9950224004417905,
        0.0009955199116420117,
        0.0009955199116420117,
        0.0009955199116420117,
        0.0009955199116420117,
        0.0009955199116420117
      ],
      [
        0.9950224004417905,
        0.0009955199116420117,
        0.0009955199116420117,
        0.0009955199116420117,
        0.0009955199116420117,
        0.0009955199116420117
      ],
      [
        0.9950224004417905,
        0.0009955199116420117,
        0.0009955199116420117,
        0.0009955199116420117,
        0.0009955199116420117,
        0.0009955199116420117
      ],
      [
        0.9950224004417905,
        0.0009955199116420117,
        0.0009955199116420117,
        0.0009955199116420117,
        0.0009955199116420117,
        0.0009955199116420117
      ],
      [
        0.9950224004417905,
        0.0009955199116420117,
        0.0009955199116420117,
        0.0009955199116420117,
        0.0009955199116420117,
        0.0009955199116420117
      ],
      [
        0.9950224004417905,
        0.0009955199116420117,
        0.0009955199116420117,
        0.0009955199116420117,
        0.0009955199116420117,
        0.0009955199116420117
      ],
      [
        0.9950224004417905,
        0.0009955199116420117,
        0.0009955199116420117,
        0.0009955199116420117,
        0.0009955199116420117,
        0.0009955199116420117
      ],
      [
        0.9950224004417905,
        0.0009955199116420117,
        0.0009955199116420117,
        0.0009955199116420117,
        0.0009955199116420117,
        0.0009955199116420117
      ],
      [
        0.9950224004417905,
        0.0009955199116420117,
        0.0009955199116420117,
        0.0009955199116420117,
        0.0009955199116420117,
        0.0009955199116420117
      ],
      [
        0.9950224004417905,
        0.0009955199116420117,
        0.0009955199116420117,
        0.0009955199116420117,
        0.0009955199116420117,
        0.0009955199116420117
      ],
      [
        0.9950224004417905,
        0.0009955199116420117,
        0.0009955199116420117,
        0.0009955199116420117,
        0.0009955199116420117,
        0.0009955199116420117
      ],
      [
        0.9950224004417905,
        0.0009955199116420117,
        0.0009955199116420117,
        0.0009955199116420117,
        0.0009955199116420117,
        0.0009955199116420117
      ],
      [
        0.9950224004417905,
        0.0009955199116420117,
        0.0009955199116420117,
        0.0009955199116420117,
        0.0009955199116420117,
        0.0009955199116420117
      ],
      [
        0.9950224004417905,
        0.0009955199116420117,
        0.0009955199116420117,
        0.0009955199116420117,
        0.0009955199116420117,
        0.0009955199116420117
      ],
      [
        0.9950224004417905,
        0.0009955199116420117,
        0.0009955199116420117,
        0.0009955199116420117,
        0.0009955199116420117,
        0.0009955199116420117
      ],
      [
        0.9950224004417905,
        0.0009955199116420117,
        0.0009955199116420117,
        0.0009955199116420117,
        0.0009955199116420117,
        0.0009955199116420117
      ],
      [
        0.9950224004417905,
        0.0009955199116420117,
        0.0009955199116420117,
        0.0009955199116420117,
        0.0009955199116420117,
        0.0009955199116420117
      ],
      [
        0.9950224004417905,
        0.0009955199116420117,
        0.0009955199116420117,
        0.0009955199116420117,
        0.0009955199116420117,
        0.0009955199116420117
      ],
      [
        0.9950224004417905,
        0.0009955199116420117,
        0.0009955199116420117,
        0.0009955199116420117,
        0.0009955199116420117,
        0.0009955199116420117
      ],
      [
        0.9950224004417905,
        0.0009955199116420117,
        0.0009955199116420117,
        0.0009955199116420117,
        0.0009955199116420117,
        0.0009955199116420117
      ],
      [
        0.9950224004417905,
        0.0009955199116420117,
        0.0009955199116420117,
        0.0009955199116420117,
        0.0009955199116420117,
        0.0009955199116420117
      ],
      [
        0.9950224004417905,
        0.0009955199116420117,
        0.0009955199116420117,
        0.0009955199116420117,
        0.0009955199116420117,
        0.0009955199116420117
      ],
      [
        0.9950224004417905,
        0.0009955199116420117,
        0.0009955199116420117,
        0.0009955199116420117,
        0.0009955199116420117,
        0.0009955199116420117
      ],
      [
        0.9950224004417905,
        0.0009955199116420117,
        0.0009955199116420117,
        0.0009955199116420117,
        0.0009955199116420117,
        0.0009955199116420117
      ],
      [
        0.9950224004417905,
        0.0009955199116420117,
        0.0009955199116420117,
        0.0009955199116420117,
        0.0009955199116420117,
        0.0009955199116420117
      ],
      [
        0.9950224004417905,
        0.0009955199116420117,
        0.0009955199116420117,
        0.0009955199116420117,
        0.0009955199116420117,
        0.0009955199116420117
      ]
    ],
    [
      [
        0.9950224004417905,
        0.0009955199116420117,
        0.0009955199116420117,
        0.0009955199116420117,
        0.0009955199116420117,
        0.0009955199116420117
      ],
      [
        0.975137218128066,
        0.004430482296383395,
        0.004339830245927649,
        0.0009999723119281777,
        0.014013869822242505,
        0.0010786271954523123
      ],
      [
        0.03305545675105432,
        0.004697114715084502,
        0.004171189061960944,
        0.0027568434601043666,
        0.954258543945341,
        0.0010608520664547438
      ],
      [
        0.9656349044830833,
        0.0019374855128095523,
        0.008432375034134925,
        0.006514427962259167,
        0.016437152298791276,
        0.0010436547089218223
      ],
      [
        0.9513467065038586,
        0.01214192562203793,
        0.004794994944503115,
        0.0011063898544299887,
        0.02958222998631165,
        0.0010277530888588653
      ],
      [
        0.9285099517025548,
        0.013838263550737336,
        0.006276100137149524,
        0.0018699273703519405,
        0.048491898274656754,
        0.0010138589645497546
      ],
      [
        0.954208939768265,
        0.006296520509561116,
        0.0047985842657139455,
        0.0029051899239911365,
        0.03076241424262456,
        0.0010283512898443938
      ],
      [
        0.944524915939874,
        0.012280803538809285,
        0.004843150613086126,
        0.0017252054300046847,
        0.03558167158080096,
        0.0010442528974248988
      ],
      [
        0.06672901077397649,
        0.008426964740707102,
        0.004593458132899377,
        0.003958884799000373,
        0.9152917182394746,
        0.0009999633139419946
      ],
      [
        0.9267964170400265,
        0.007794235902477063,
        0.006272510771029102,
        0.00126992858721409,
        0.0568536469051242,
        0.0010132607941291476
      ],
      [
        0.10488024436710712,
        0.004189456319471916,
        0.005949710512507434,
        0.005522014185436489,
        0.8784586318431961,
        0.0009999427722810837
      ],
      [
        0.1309031960198201,
        0.012568418923349554,
        0.007182533867144078,
        0.00554348908936061,
        0.8428024091837749,
        0.000999952916550825
      ],
      [
        0.08948029949378747,
        0.010860325595817916,
        0.0033947010666091518,
        0.0027601277451205332,
        0.8925045828042792,
        0.0009999632943856558
      ],
      [
        0.07627125972059784,
        0.0025014706420438517,
        0.011786001037626314,
        0.006356399106570115,
        0.9020849062406827,
        0.0009999632524792183
      ],
      [
        0.9614684297072507,
        0.006057806018043108,
        0.004843150529641226,
        0.001725205400280316,
        0.02486115546535163,
        0.0010442528794329788
      ],
      [
        0.9668985654126427,
        0.00208870687621267,
        0.005508596506529378,
        0.000999957987298639,
        0.02344401126836655,
        0.0010601619489500416
      ],
      [
        0.9781294406062344,
        0.002054561711493978,
        0.0019459370941468787,
        0.0015723691825174303,
        0.015218436195891832,
        0.0010792552097155757
      ],
      [
        0.9853099434723182,
        0.002020228007909227,
        0.0019455888629545165,
        0.0009999728216098674,
        0.008474695222555164,
        0.0012495716126531733
      ],
      [
        0.9944765986184303,
        0.0010593486866273532,
        0.000999939433933087,
        0.000999939433933087,
        0.0012186330706154501,
        0.0012455407564606954
      ],
      [
        0.985296447114499,
        0.0020395085190789766,
        0.001945588862954516,
        0.0009999728216098672,
        0.008468911069204239,
        0.001249571612653173
      ],
      [
        0.016372713274084825,
        0.0017019791573952485,
        0.0029929823059454503,
        0.005164027267923384,
        0.9726895896526125,
        0.0010787083420385492
      ],
      [
        0.9759324142885407,
        0.010439097637778933,
        0.0019172093453584816,
        0.0015580052688374238,
        0.009092468888708186,
        0.0010608045707763344
      ],
      [
        0.03463536746084519,
        0.001862235839546546,
        0.0024166344795334177,
        0.0028384931480013136,
        0.9572036186203959,
        0.0010436504516775974
      ],
      [
        0.9789531961625759,
        0.0014357390618865637,
        0.0031136179848093803,
        0.0015568089924046901,
        0.013880431343373427,
        0.0010602064549501049
      ],
      [
        0.985318087510103,
        0.002060504940805628,
        0.001945937127674338,
        0.0015723692096085134,
        0.008023845983498087,
        0.0010792552283105678
      ],
      [
        0.9805251863469291,
        0.0044472535510171095,
        0.0013453032747865793,
        0.0009999717451336851,
        0.011604255517166932,
        0.0010780295649666129
      ],
      [
        0.0246429142597106,
        0.0035282180242585176,
        0.0029723880754574496,
        0.0027568434485505692,
        0.9650387841300141,
        0.0010608520620087642
      ],
      [
        0.9644791813179658,
        0.003674060494111162,
        0.0060371662809857235,
        0.0011252066537178903,
        0.023640730511493343,
        0.0010436547417261213
      ],
      [
        0.968733109865098,
        0.007297389051121696,
        0.0024009817701694516,
        0.0017063885435394598,
        0.01883377957340013,
        0.001028351196671378
      ],
      [
        0.041822988175838356,
        0.009686380389260481,
        0.002417830857283488,
        0.0028408859220792515,
        0.9421876660134522,
        0.0010442486420862115
      ],
      [
        0.9734108822216903,
        0.005820934491593479,
        0.004314811647462094,
        0.003955607529354171,
        0.011436959474516603,
        0.0010608046353833627
      ],
      [
        0.033448662200781826,
        0.007235888460112312,
        0.003614239428598977,
        0.0010420859512700312,
        0.9536154734785107,
        0.0010436504807260008
      ],
      [
        0.024591603993023507,
        0.0023758833254652447,
        0.001173588088263702,
        0.0015568458672880906,
        0.9692418248498825,
        0.0010602538760770526
      ],
      [
        0.984720301777767,
        0.00203175224580769,
        0.0043398301913651054,
        0.0009999722993560194,
        0.006829516303812961,
        0.0010786271818912648
      ],
      [
        0.9853015819119196,
        0.002032173094192462,
        0.001945588862954516,
        0.0009999728216098672,
        0.008471111696670194,
        0.001249571612653173
      ],
      [
        0.9944828808759834,
        0.0010503740329799885,
        0.0009999394339330868,
        0.0009999394339330868,
        0.001221325466709659,
        0.0012455407564606951
      ],
      [
        0.9945181274186962,
        0.0009999392381111315,
        0.0009999392381111315,
        0.0009999392381111315,
        0.0012365143544287554,
        0.0012455405125416956
      ],
      [
        0.9945181289847431,
        0.0009999392434281284,
        0.0009999392434281284,
        0.0009999392434281284,
        0.0012365127658076913,
        0.001245540519164633
      ],
      [
        0.002377757896479284,
        0.000999932138598484,
        0.000999932138598484,
        0.000999932138598484,
        0.993376231004165,
        0.001246214683560286
      ],
      [
        0.9950224004417905,
        0.0009955199116420117,
        0.0009955199116420117,
        0.0009955199116420117,
        0.0009955199116420117,
        0.0009955199116420117
      ]
    ],
    [
      [
        0.9950224004417905,
        0.0009955199116420117,
        0.0009955199116420117,
        0.0009955199116420117,
        0.0009955199116420117,
        0.0009955199116420117
      ],
      [
        0.9788984932963404,
        0.004507896365949557,
        0.0013172106522605037,
        0.001556808990592326,
        0.012659384241141419,
        0.0010602064537158624
      ],
      [
        0.9670687054778978,
        0.006792677479724113,
        0.000999591445944139,
        0.002532868262704078,
        0.02160656588778577,
        0.000999591445944139
      ],
      [
        0.9621164367141232,
        0.00788556376288853,
        0.0009995688993785896,
        0.002545334188620896,
        0.02545352753561022,
        0.0009995688993785896
      ],
      [
        0.08546362725726608,
        0.01405542273112028,
        0.0009994618592831517,
        0.005760596087010578,
        0.8927214302060368,
        0.0009994618592831517
      ],
      [
        0.8391558735585618,
        0.11868903014671242,
        0.0009995291354183045,
        0.00298171843748507,
        0.03717431958640402,
        0.0009995291354183045
      ],
      [
        0.07102189982023764,
        0.017039844770070058,
        0.0009994618951935236,
        0.0038454593219067142,
        0.9060938722973986,
        0.0009994618951935236
      ],
      [
        0.06455648577258906,
        0.02223732697027675,
        0.0009994762702075844,
        0.003351692777287543,
        0.9078555419394315,
        0.0009994762702075844
      ],
      [
        0.933374186842087,
        0.014906897659466727,
        0.0009995488225636388,
        0.002969127886833207,
        0.04675068996648581,
        0.0009995488225636388
      ],
      [
        0.1123092210503007,
        0.019830943583974803,
        0.0009994474596392254,
        0.0028877136286239655,
        0.8629732268178221,
        0.0009994474596392254
      ],
      [
        0.6252405473009441,
        0.01691610560458399,
        0.000999387849523875,
        0.00897869608732998,
        0.3468658753080944,
        0.000999387849523875
      ],
      [
        0.20546270840829986,
        0.01708452595952638,
        0.0009994474514526412,
        0.002887713604970385,
        0.7725661571242982,
        0.0009994474514526412
      ],
      [
        0.1189156329471052,
        0.021805798583524195,
        0.0009994619262662307,
        0.007675732573880272,
        0.849603912042958,
        0.0009994619262662307
      ],
      [
        0.10459587276587515,
        0.022700853272374682,
        0.0009994618659814594,
        0.0028878914030348235,
        0.8678164588267526,
        0.0009994618659814594
      ],
      [
        0.9534470945493938,
        0.011788110615556067,
        0.0009995688355449383,
        0.005418346392263304,
        0.027347310771697126,
        0.0009995688355449383
      ],
      [
        0.9660777652173205,
        0.007797865688061574,
        0.0009995914706970822,
        0.0025328683254256467,
        0.0215923178277982,
        0.0009995914706970822
      ],
      [
        0.9741961787701502,
        0.005738494586534864,
        0.0009996144699770202,
        0.0041179877365192085,
        0.013948109966841581,
        0.0009996144699770202
      ],
      [
        0.9789740622613979,
        0.0046137238330404865,
        0.0009999722596800045,
        0.0027685348202573243,
        0.011565292879646734,
        0.0010784139459775472
      ],
      [
        0.983362884705556,
        0.00514529231601815,
        0.000999944744603784,
        0.000999944744603784,
        0.008242975085997624,
        0.0012489584032207254
      ],
      [
        0.019647730582577978,
        0.007043940653711572,
        0.0009999432639959266,
        0.0009999432639959266,
        0.9702306002979064,
        0.0010778419378121
      ],
      [
        0.9801582693087956,
        0.009558388233336504,
        0.0009999578781854587,
        0.0027541443079723885,
        0.005469275556977057,
        0.0010599647147330228
      ],
      [
        0.03992001457386539,
        0.01016128657436935,
        0.0009999453296620888,
        0.0030456716479461167,
        0.9448292819389345,
        0.001043799935222621
      ],
      [
        0.9622553566531917,
        0.009640196042257694,
        0.0009999323003377835,
        0.0013859419167269217,
        0.02469129030284899,
        0.0010272827846370385
      ],
      [
        0.9683305625006443,
        0.008411891042049665,
        0.0009999447023897646,
        0.0013702991673836908,
        0.019844091477596297,
        0.001043211109936227
      ],
      [
        0.9813720115585791,
        0.005942600723359028,
        0.0009999577861669077,
        0.0015565899146790332,
        0.009068875341818236,
        0.001059964675397701
      ],
      [
        0.9771040294023023,
        0.006010635665480563,
        0.0009999144979934973,
        0.0009999144979934973,
        0.013826184131634481,
        0.0010593218045957893
      ],
      [
        0.9640746353429721,
        0.009681312700137003,
        0.0009999452929579293,
        0.005562284451962309,
        0.01863801354080165,
        0.0010438086711690082
      ],
      [
        0.9531647594476461,
        0.009768485748571747,
        0.0009999329469959563,
        0.003182826513884544,
        0.03185611495617766,
        0.0010278803867239986
      ],
      [
        0.9209232951236825,
        0.013624800671550074,
        0.0009999219461670386,
        0.006107817966449597,
        0.057330387744378423,
        0.0010137765477724891
      ],
      [
        0.07240358480599704,
        0.012154546768092658,
        0.0009998451183572525,
        0.004191161647879767,
        0.9092510165413161,
        0.0009998451183572525
      ],
      [
        0.9412582886934542,
        0.014561608836148352,
        0.0009999452882436244,
        0.00556228489137438,
        0.03657406356632685,
        0.0010438087244523829
      ],
      [
        0.9507208681593207,
        0.012233309521344366,
        0.000999932950720747,
        0.004380350689729048,
        0.03063765828833226,
        0.0010278803905528946
      ],
      [
        0.96288679523712,
        0.01326007191215105,
        0.0009999452610054207,
        0.004364745134565541,
        0.017444633759138687,
        0.0010438086960193526
      ],
      [
        0.9777096152723945,
        0.0048446650012276635,
        0.0009999578814448133,
        0.0039516983380842394,
        0.01143409878866086,
        0.001059964718187969
      ],
      [
        0.017274165672684447,
        0.005840097338035896,
        0.0009999721867366453,
        0.0015710069899965617,
        0.9732362876794503,
        0.0010784701330962703
      ],
      [
        0.01691208821649509,
        0.00516498639540065,
        0.0009999449819714764,
        0.0009999449819714764,
        0.9746739242645427,
        0.0012491111596185356
      ],
      [
        0.9944562569759176,
        0.001089202720962445,
        0.0009999390475313443,
        0.0009999390475313443,
        0.0012093701178648233,
        0.0012452920901925135
      ],
      [
        0.9945129272476031,
        0.0010082451899830864,
        0.0009999390475313443,
        0.0009999390475313443,
        0.001233657377158631,
        0.0012452920901925135
      ],
      [
        0.9945181289847431,
        0.0009999392434281284,
        0.0009999392434281284,
        0.0009999392434281284,
        0.0012365127658076913,
        0.001245540519164633
      ],
      [
        0.9950224004417905,
        0.0009955199116420117,
        0.0009955199116420117,
        0.0009955199116420117,
        0.0009955199116420117,
        0.0009955199116420117
      ]
    ],
    [
      [
        0.9950224004417905,
        0.0009955199116420117,
        0.0009955199116420117,
        0.0009955199116420117,
        0.0009955199116420117,
        0.0009955199116420117
      ],
      [
        0.9620114546943543,
        0.00737046939911891,
        0.006037166387506675,
        0.0011252066449889998,
        0.022412048136182403,
        0.0010436547378486094
      ],
      [
        0.9505137784455029,
        0.012831932087271673,
        0.000999568867182607,
        0.0044606756826579995,
        0.030194476050202215,
        0.000999568867182607
      ],
      [
        0.9190603375833799,
        0.020580048925290945,
        0.0009995488087924998,
        0.0039267795094081,
        0.05443373636433604,
        0.0009995488087924998
      ],
      [
        0.09690828552369624,
        0.016115087898421716,
        0.0009994474436381745,
        0.001930159035237037,
        0.8830475726553687,
        0.0009994474436381745
      ],
      [
        0.7040620557869443,
        0.016990852032799028,
        0.0009993878698018582,
        0.006106204044404964,
        0.27084211239624806,
        0.0009993878698018582
      ],
      [
        0.9362187403543648,
        0.017802984259446823,
        0.000999529116251123,
        0.004896983786878084,
        0.03908223336680804,
        0.000999529116251123
      ],
      [
        0.9295453286279917,
        0.01586204601130382,
        0.0009995487717593037,
        0.0029691279221010173,
        0.04962439989508487,
        0.0009995487717593037
      ],
      [
        0.947608094414418,
        0.010963262197039659,
        0.0009995688429890954,
        0.004460675947060455,
        0.03496882975550388,
        0.0009995688429890954
      ],
      [
        0.9170914070964851,
        0.017783706535881377,
        0.0009995488127005259,
        0.0029691280437156194,
        0.06015666069851685,
        0.0009995488127005259
      ],
      [
        0.9160481201134126,
        0.018846804358795002,
        0.0009995291151345881,
        0.009685146268514442,
        0.05342087102900875,
        0.0009995291151345881
      ],
      [
        0.9208918202088326,
        0.019742148445939408,
        0.000999548863690962,
        0.004884431254978036,
        0.052482502362867944,
        0.000999548863690962
      ],
      [
        0.2139149091368541,
        0.01328519679458058,
        0.0009994609064963413,
        0.001451060090803529,
        0.7693499121647691,
        0.0009994609064963413
      ],
      [
        0.8247060002019794,
        0.01981574244513056,
        0.0009995290278587902,
        0.0039393508283084655,
        0.14953984846886426,
        0.0009995290278587902
      ],
      [
        0.923829682235533,
        0.014861156503466744,
        0.000999548826843858,
        0.004884431447280615,
        0.05442563216003196,
        0.000999548826843858
      ],
      [
        0.9544267591982879,
        0.013672031205365877,
        0.000999568858621826,
        0.0025453342710207794,
        0.027356737608081935,
        0.000999568858621826
      ],
      [
        0.9651357484607989,
        0.009690857845914117,
        0.0009995914483635997,
        0.0015751757530647486,
        0.02159903504349525,
        0.0009995914483635997
      ],
      [
        0.9795465100238012,
        0.0030085680258008325,
        0.0009999572295161484,
        0.0015553950272805528,
        0.013830202618701111,
        0.001059367074900179
      ],
      [
        0.9861499809013248,
        0.004627311281301017,
        0.000999972130175161,
        0.0015709631434067642,
        0.005573358679272408,
        0.0010784138645198824
      ],
      [
        0.9825524439883204,
        0.004769505397090554,
        0.000999957874809699,
        0.001556589936254915,
        0.009061538092369701,
        0.0010599647111546857
      ],
      [
        0.9641084742333712,
        0.00843543242982487,
        0.0009999452934235395,
        0.0031672058647700106,
        0.022245133506955294,
        0.0010438086716550428
      ],
      [
        0.9639234930322408,
        0.008598087516303945,
        0.0009999329039280652,
        0.003182826376797727,
        0.02226777982827711,
        0.0010278803424523895
      ],
      [
        0.9389538512772553,
        0.011132796041192768,
        0.0009999218890742402,
        0.0037127953190627893,
        0.044186858925323425,
        0.0010137765480917453
      ],
      [
        0.9639500682184359,
        0.009757646802367024,
        0.000999932903229667,
        0.0031828263745746974,
        0.02108164535965833,
        0.0010278803417344716
      ],
      [
        0.9603729244610854,
        0.008639619062748046,
        0.000999945265661524,
        0.0031672060096550807,
        0.02577649649997025,
        0.0010438087008796998
      ],
      [
        0.9616124711969384,
        0.012172228101058264,
        0.0009999452967992147,
        0.0019696665765281795,
        0.0222018801534972,
        0.0010438086751787944
      ],
      [
        0.9387281571375655,
        0.01465331312659294,
        0.0009999329057904605,
        0.00557787530153014,
        0.039012841184154164,
        0.0010278803443668375
      ],
      [
        0.9172364380594683,
        0.01735208433899902,
        0.0009999219205596662,
        0.006107817810032219,
        0.057289961349130614,
        0.001013776521810309
      ],
      [
        0.12240169802093831,
        0.022509977059003837,
        0.0009998090373933319,
        0.00720307568367188,
        0.8458856311615995,
        0.0009998090373933319
      ],
      [
        0.12003478936344539,
        0.0247674364095332,
        0.0009998270525995174,
        0.004808580344837546,
        0.848389539776985,
        0.0009998270525995174
      ],
      [
        0.08074296068823582,
        0.013412756802861747,
        0.000999845103460707,
        0.0029937426277185618,
        0.9008508496742625,
        0.000999845103460707
      ],
      [
        0.9209015965985994,
        0.016050824222688505,
        0.0009999218832543834,
        0.002515283922287013,
        0.05851859683097964,
        0.00101377654219125
      ],
      [
        0.05208698453010196,
        0.013295500735465192,
        0.0009998450860038183,
        0.001796323405843203,
        0.9308215011565821,
        0.0009998450860038183
      ],
      [
        0.038747663891217005,
        0.013717918911730523,
        0.0009999452381114575,
        0.0018481322568575233,
        0.9436425398042222,
        0.0010437998978613267
      ],
      [
        0.9830905788521833,
        0.008396098518154883,
        0.0009999145098658294,
        0.0009999145098658294,
        0.005454171792756546,
        0.0010593218171734851
      ],
      [
        0.014849436509748454,
        0.0034872226320449952,
        0.0009999723004098962,
        0.0015710070521709034,
        0.9780138913081389,
        0.0010784701974868376
      ],
      [
        0.9834207436759594,
        0.005062636644013183,
        0.000999944744603784,
        0.000999944744603784,
        0.008267771787599115,
        0.0012489584032207254
      ],
      [
        0.9944568057906664,
        0.0010884186998925715,
        0.0009999390475313443,
        0.0009999390475313443,
        0.0012096053241857855,
        0.0012452920901925135
      ],
      [
        0.9945181274186962,
        0.0009999392381111315,
        0.0009999392381111315,
        0.0009999392381111315,
        0.0012365143544287554,
        0.0012455405125416956
      ],
      [
        0.9950224004417905,
        0.0009955199116420117,
        0.0009955199116420117,
        0.0009955199116420117,
        0.0009955199116420117,
        0.0009955199116420117
      ]
    ],
    [
      [
        0.9950224004417905,
        0.0009955199116420117,
        0.0009955199116420117,
        0.0009955199116420117,
        0.0009955199116420117,
        0.0009955199116420117
      ],
      [
        0.0474886771179438,
        0.010910505748002664,
        0.004593458159635843,
        0.005157642294564771,
        0.9308497533600907,
        0.0009999633197623338
      ],
      [
        0.09022010848145143,
        0.02559103970483226,
        0.0009994619102647166,
        0.004803027973455388,
        0.8773869000197315,
        0.0009994619102647166
      ],
      [
        0.928403501249743,
        0.016107975116715495,
        0.0009995291281608282,
        0.006812248716088837,
        0.04667721666113113,
        0.0009995291281608282
      ],
      [
        0.8084873956358266,
        0.11586652498994922,
        0.0009995488007903518,
        0.0048844313199666095,
        0.06876255045267693,
        0.0009995488007903518
      ],
      [
        0.09983583697035708,
        0.01412158037773643,
        0.0009994474942461513,
        0.005760376770892555,
        0.8782833108925218,
        0.0009994474942461513
      ],
      [
        0.9363125398243934,
        0.01194051510426369,
        0.0009995488422898657,
        0.002969127945429335,
        0.04677871944133374,
        0.0009995488422898657
      ],
      [
        0.06550357914023008,
        0.008846154123517238,
        0.00099947633886722,
        0.005266856911452998,
        0.9183844571470653,
        0.00099947633886722
      ],
      [
        0.9440100757661419,
        0.015517643419971156,
        0.0009995914796304753,
        0.007321329959562972,
        0.03115176789506315,
        0.0009995914796304753
      ],
      [
        0.9552547988651923,
        0.010984209571410967,
        0.0009995688850485856,
        0.00446067576238671,
        0.02730117803091303,
        0.0009995688850485856
      ],
      [
        0.11602144766416346,
        0.016091092949127358,
        0.0009994618667257156,
        0.004803028136552323,
        0.8610855075167055,
        0.0009994618667257156
      ],
      [
        0.9257091695316807,
        0.01586997836962567,
        0.0009995487765978115,
        0.006799734094658345,
        0.04962202045083974,
        0.0009995487765978115
      ],
      [
        0.8362512147202993,
        0.11107334291750043,
        0.000999529062285276,
        0.00298171840549704,
        0.04769466583213287,
        0.000999529062285276
      ],
      [
        0.5233971629787995,
        0.020731241999885158,
        0.0009993878511982037,
        0.006106203930737675,
        0.4477666153881813,
        0.0009993878511982037
      ],
      [
        0.9323815050873765,
        0.010151500123490058,
        0.000999529120345084,
        0.006812248662820962,
        0.04865568788562238,
        0.000999529120345084
      ],
      [
        0.925804121206662,
        0.014776679371730723,
        0.0009995487752951365,
        0.003926779377811964,
        0.05349332249320515,
        0.0009995487752951365
      ],
      [
        0.9697226785681577,
        0.008921983874182554,
        0.0009995688403836404,
        0.0015876633691510405,
        0.01776853650774129,
        0.0009995688403836404
      ],
      [
        0.9581082307162527,
        0.009650893742695569,
        0.0009999453302067577,
        0.005562284659162225,
        0.02463483684163091,
        0.0010438087100517854
      ],
      [
        0.9747102036414539,
        0.006012361764415017,
        0.0009999145045116403,
        0.0009999145045116403,
        0.016218283773606627,
        0.0010593218115011907
      ],
      [
        0.9701297254169685,
        0.0071899562613025785,
        0.0009999453148416156,
        0.004364744903923851,
        0.016271819408950783,
        0.0010438086940126395
      ],
      [
        0.9651324376280209,
        0.006186719581770538,
        0.000999932868018759,
        0.0019853019647378812,
        0.0246677275937088,
        0.001027880363743196
      ],
      [
        0.9132653570437298,
        0.017114996046303777,
        0.0009999213211729363,
        0.0019159301683709174,
        0.06569061643710479,
        0.0010131789833178488
      ],
      [
        0.9292009058945243,
        0.013771877762456674,
        0.000999911144075816,
        0.006123569315348202,
        0.04890382473951921,
        0.000999911144075816
      ],
      [
        0.09485488083346484,
        0.015237622626604915,
        0.0009998270363070095,
        0.0048085802664801615,
        0.8830992622008362,
        0.0009998270363070095
      ],
      [
        0.9411050302387562,
        0.021864419418080146,
        0.0009999328964202844,
        0.001985302021127271,
        0.03301743503267738,
        0.0010278803929385264
      ],
      [
        0.9500471834300169,
        0.014775338158368458,
        0.000999932274729881,
        0.0013859418812334533,
        0.031764321497322605,
        0.0010272827583287
      ],
      [
        0.9088218930343729,
        0.0150027254674475,
        0.000999921963626611,
        0.0037127953630696313,
        0.07044888760600951,
        0.0010137765654739759
      ],
      [
        0.9075636154560673,
        0.01867947034473909,
        0.0009999110442092296,
        0.004926070542291568,
        0.06683102156848351,
        0.0009999110442092296
      ],
      [
        0.6591672868107122,
        0.02486173555391822,
        0.0009997344919520153,
        0.008832689079619064,
        0.3051388195718467,
        0.0009997344919520153
      ],
      [
        0.912335275615369,
        0.018705665028924817,
        0.0009999111063639559,
        0.006123569084396491,
        0.06083566805858174,
        0.0009999111063639559
      ],
      [
        0.8992919374573327,
        0.013733578369756676,
        0.0009999219000155707,
        0.002515283964449452,
        0.08244550174926098,
        0.001013776559184676
      ],
      [
        0.907654290269023,
        0.016154935387087614,
        0.0009999110407173913,
        0.009716064783880454,
        0.0644748874785741,
        0.0009999110407173913
      ],
      [
        0.10808862108580423,
        0.013840940132459845,
        0.0009998258749435065,
        0.0018144874595059429,
        0.8742562995723431,
        0.0009998258749435065
      ],
      [
        0.9567116766876309,
        0.008636186178162227,
        0.0009999328505588055,
        0.001985301930072274,
        0.030639022007780545,
        0.001027880345795248
      ],
      [
        0.9707009837373541,
        0.008443701948023423,
        0.000999944694940008,
        0.001370299157174731,
        0.017441859360343606,
        0.0010432111021641283
      ],
      [
        0.9807722531980032,
        0.005897350747574062,
        0.000999914516616764,
        0.000999914516616764,
        0.01027124519686377,
        0.0010593218243255087
      ],
      [
        0.9867234188088393,
        0.003433175233891673,
        0.0009999432278212932,
        0.0009999432278212932,
        0.006765733808757334,
        0.0010777856928691075
      ],
      [
        0.9834207506806907,
        0.005062626637254244,
        0.000999944744603784,
        0.000999944744603784,
        0.008267774789626797,
        0.0012489584032207254
      ],
      [
        0.9944834296909443,
        0.0010495900116071495,
        0.0009999394339330868,
        0.0009999394339330868,
        0.001221560673121511,
        0.0012455407564606951
      ],
      [
        0.9950224004417905,
        0.0009955199116420117,
        0.0009955199116420117,
        0.0009955199116420117,
        0.0009955199116420117,
        0.0009955199116420117
      ]
    ],
    [
      [
        0.9950224004417905,
        0.0009955199116420117,
        0.0009955199116420117,
        0.0009955199116420117,
        0.0009955199116420117,
        0.0009955199116420117
      ],
      [
        0.9368607991893003,
        0.007902486677027486,
        0.007474901190169623,
        0.003068728539996983,
        0.04367922544363735,
        0.0010138589598681171
      ],
      [
        0.8285494681877571,
        0.11975015823040187,
        0.00099952912555558,
        0.007769881503621268,
        0.041931433827108566,
        0.00099952912555558
      ],
      [
        0.7117110509487032,
        0.02179406460035325,
        0.0009993879237524602,
        0.005148706851931962,
