{"prediction": [[[0.9950224004417905, 0.0009955199116420117, 0.0009955199116420117, 0.0009955199116420117, 0.0009955199116420117, 0.0009955199116420117], [0.9950224004417905, 0.0009955199116420117, 0.0009955199116420117, 0.0009955199116420117, 0.0009955199116420117, 0.0009955199116420117], [0.9950224004417905, 0.0009955199116420117, 0.0009955199116420117, 0.0009955199116420117, 0.0009955199116420117, 0.0009955199116420117], [0.9950224004417905, 0.0009955199116420117, 0.0009955199116420117, 0.0009955199116420117, 0.0009955199116420117, 0.0009955199116420117], [0.9950224004417905, 0.0009955199116420117, 0.0009955199116420117, 0.0009955199116420117, 0.0009955199116420117, 0.0009955199116420117], [0.9950224004417905, 0.0009955199116420117, 0.0009955199116420117, 0.0009955199116420117, 0.0009955199116420117, 0.0009955199116420117], [0.9950224004417905, 0.0009955199116420117, 0.0009955199116420117, 0.0009955199116420117, 0.0009955199116420117, 0.0009955199116420117], [0.9950224004417905, 0.0009955199116420117, 0.0009955199116420117, 0.0009955199116420117, 0.0009955199116420117, 0.0009955199116420117], [0.9950224004417905, 0.0009955199116420117, 0.0009955199116420117, 0.0009955199116420117, 0.0009955199116420117, 0.0009955199116420117], [0.9950224004417905, 0.0009955199116420117, 0.0009955199116420117, 0.0009955199116420117, 0.0009955199116420117, 0.0009955199116420117], [0.9950224004417905, 0.0009955199116420117, 0.0009955199116420117, 0.0009955199116420117, 0.0009955199116420117, 0.0009955199116420117], [0.9950224004417905, 0.0009955199116420117, 0.0009955199116420117, 0.0009955199116420117, 0.0009955199116420117, 0.0009955199116420117], [0.9950224004417905, 0.0009955199116420117, 0.0009955199116420117, 0.0009955199116420117, 0.0009955199116420117, 0.0009955199116420117], [0.9950224004417905, 0.0009955199116420117, 0.0009955199116420117, 0.0009955199116420117, 0.0009955199116420117, 0.0009955199116420117], [0.9950224004417905, 0.0009955199116420117, 0.0009955199116420117, 0.0009955199116420117, 0.0009955199116420117, 0.0009955199116420117], [0.9950224004417905, 0.0009955199116420117, 0.0009955199116420117, 0.0009955199116420117, 0.0009955199116420117, 0.0009955199116420117], [0.9950224004417905, 0.0009955199116420117, 0.0009955199116420117, 0.0009955199116420117, 0.0009955199116420117, 0.0009955199116420117], [0.9950224004417905, 0.0009955199116420117, 0.0009955199116420117, 0.0009955199116420117, 0.0009955199116420117, 0.0009955199116420117], [0.9950224004417905, 0.0009955199116420117, 0.0009955199116420117, 0.0009955199116420117, 0.0009955199116420117, 0.0009955199116420117], [0.9950224004417905, 0.0009955199116420117, 0.0009955199116420117, 0.0009955199116420117, 0.0009955199116420117, 0.0009955199116420117], [0.9950224004417905, 0.0009955199116420117, 0.0009955199116420117, 0.0009955199116420117, 0.0009955199116420117, 0.0009955199116420117], [0.9950224004417905, 0.0009955199116420117, 0.0009955199116420117, 0.0009955199116420117, 0.0009955199116420117, 0.0009955199116420117], [0.9950224004417905, 0.0009955199116420117, 0.0009955199116420117, 0.0009955199116420117, 0.0009955199116420117, 0.0009955199116420117], [0.9950224004417905, 0.0009955199116420117, 0.0009955199116420117, 0.0009955199116420117, 0.0009955199116420117, 0.0009955199116420117], [0.9950224004417905, 0.0009955199116420117, 0.0009955199116420117, 0.0009955199116420117, 0.0009955199116420117, 0.0009955199116420117], [0.9950224004417905, 0.0009955199116420117, 0.0009955199116420117, 0.0009955199116420117, 0.0009955199116420117, 0.0009955199116420117], [0.9950224004417905, 0.0009955199116420117, 0.0009955199116420117, 0.0009955199116420117, 0.0009955199116420117, 0.0009955199116420117], [0.9950224004417905, 0.0009955199116420117, 0.0009955199116420117, 0.0009955199116420117, 0.0009955199116420117, 0.0009955199116420117], [0.9950224004417905, 0.0009955199116420117, 0.0009955199116420117, 0.0009955199116420117, 0.0009955199116420117, 0.0009955199116420117], [0.9950224004417905, 0.0009955199116420117, 0.0009955199116420117, 0.0009955199116420117, 0.0009955199116420117, 0.0009955199116420117], [0.9950224004417905, 0.0009955199116420117, 0.0009955199116420117, 0.0009955199116420117, 0.0009955199116420117, 0.0009955199116420117], [0.9950224004417905, 0.0009955199116420117, 0.0009955199116420117, 0.0009955199116420117, 0.0009955199116420117, 0.0009955199116420117], [0.9950224004417905, 0.0009955199116420117, 0.0009955199116420117, 0.0009955199116420117, 0.0009955199116420117, 0.0009955199116420117], [0.9950224004417905, 0.0009955199116420117, 0.0009955199116420117, 0.0009955199116420117, 0.0009955199116420117, 0.0009955199116420117], [0.9950224004417905, 0.0009955199116420117, 0.0009955199116420117, 0.0009955199116420117, 0.0009955199116420117, 0.0009955199116420117], [0.9950224004417905, 0.0009955199116420117, 0.0009955199116420117, 0.0009955199116420117, 0.0009955199116420117, 0.0009955199116420117], [0.9950224004417905, 0.0009955199116420117, 0.0009955199116420117, 0.0009955199116420117, 0.0009955199116420117, 0.0009955199116420117], [0.9950224004417905, 0.0009955199116420117, 0.0009955199116420117, 0.0009955199116420117, 0.0009955199116420117, 0.0009955199116420117], [0.9950224004417905, 0.0009955199116420117, 0.0009955199116420117, 0.0009955199116420117, 0.0009955199116420117, 0.0009955199116420117], [0.9950224004417905, 0.0009955199116420117, 0.0009955199116420117, 0.0009955199116420117, 0.0009955199116420117, 0.0009955199116420117]], [[0.9950224004417905, 0.0009955199116420117, 0.0009955199116420117, 0.0009955199116420117, 0.0009955199116420117, 0.0009955199116420117], [0.014532844589589995, 0.10675154130066869, 0.08399967854032302, 0.013103013922724479, 0.7805187965695366, 0.0010941250771571466], [0.7478998734965429, 0.11741613425234716, 0.09349847403304129, 0.017452197559704032, 0.022704360816133744, 0.001028959842230891], [0.05615122627875197, 0.1252036321799204, 0.0898061897431874, 0.019819034614542427, 0.7080154302326614, 0.0010044869509363225], [0.6404738837273849, 0.15125513419590822, 0.14335681385393192, 0.028588349693339298, 0.035325867207309694, 0.0009999513221259997], [0.09556696153264821, 0.1677137653994058, 0.147747016723224, 0.027906263594141976, 0.5600661117658238, 0.0009998809847562753], [0.4615706658544124, 0.21379687266345776, 0.24508502289510828, 0.031820649258599405, 0.046726948554899415, 0.0009998407735227698], [0.45485043815073806, 0.21595184528096478, 0.24288072451507695, 0.030488101408569432, 0.05482905504936278, 0.0009998355952879413], [0.09602224256950131, 0.20300457723949175, 0.24208681578861274, 0.03349530582305123, 0.42439124472808426, 0.0009998138512587748], [0.6211678046115062, 0.1718206781224039, 0.1436523979754212, 0.024933037809726034, 0.037426144900159365, 0.0009999365807834564], [0.09085157797925227, 0.14864158465380084, 0.1369011843691678, 0.026417630175196688, 0.5961880751211479, 0.0009999477014345799], [0.6399269869513398, 0.16013480445246944, 0.13883103525874127, 0.020622597999771175, 0.03948462452838457, 0.0009999508092936803], [0.6214844571481473, 0.16974091270481803, 0.13906569855208037, 0.02525377608614752, 0.04345521526813629, 0.0009999402406705837], [0.47193792290744685, 0.21223746313386466, 0.23805679390321943, 0.03212628175803824, 0.044641690219245196, 0.000999848078185734], [0.1026396249896989, 0.20730040717823311, 0.24172294388950222, 0.03515317834178139, 0.4121840438415083, 0.0009998017592761064], [0.4630627290359186, 0.21554465880358584, 0.24230089875589272, 0.027859612599104303, 0.050232257722950084, 0.0009998430825484263], [0.6200191800411962, 0.16620673765760055, 0.14820364313121015, 0.02455505250744232, 0.040015448168092695, 0.000999938494458234], [0.08889753983339024, 0.14751064074531775, 0.1350586629274247, 0.025236787085130025, 0.6022964196782554, 0.0009999497304821008], [0.7333703344434779, 0.11753108011764826, 0.0940767324719479, 0.017587487232475392, 0.03642425063911147, 0.0010101150953391856], [0.762004472986268, 0.10459791844802216, 0.08872678631600382, 0.016380646735399892, 0.027260339176781515, 0.001029836337524579], [0.7783706990882641, 0.11438465379084564, 0.08406870380478493, 0.01513702423077845, 0.006949961545871582, 0.0010889575394553888], [0.9158287196530305, 0.05349958194191591, 0.023906622441551683, 0.004577863871786492, 0.0009979593377626552, 0.0011892527539527572], [0.0026253922993418476, 0.042632752438552565, 0.02177443695122544, 0.004611057236730092, 0.9271584852370787, 0.0011978758370713757], [0.9209288921069498, 0.04835126447436878, 0.02394414839293678, 0.004585049692264489, 0.0009995258231030558, 0.001191119510377197], [0.9156559953333965, 0.053673936758321925, 0.023905351573854528, 0.0045776205141423556, 0.0009979062865928992, 0.0011891895336918253], [0.7785023315291402, 0.11419660744673692, 0.08406870380478493, 0.01513702423077845, 0.007006375449104199, 0.0010889575394553888], [0.03201368245273949, 0.10745027057984811, 0.0752469082985761, 0.015348840754538578, 0.7689128459117867, 0.001027452002511069], [0.040028710535375, 0.11567234257933781, 0.08338758581402195, 0.016276434720358526, 0.74362406676625, 0.001010859584656654], [0.06683805087826886, 0.14136545259688366, 0.15128005314661364, 0.023446783924117254, 0.6160697104157495, 0.0009999490383671094], [0.08441838916063826, 0.16656548128665458, 0.1482280111044136, 0.025812322914650698, 0.5739759107950114, 0.0009998847386315003], [0.4630939293466065, 0.2145146280306558, 0.2427944208628687, 0.028011250246880108, 0.05058593120676677, 0.0009998403062221647], [0.45671857958082945, 0.22018983735713923, 0.23867194509425102, 0.03214982388028484, 0.05126997479087712, 0.0009998392966185043], [0.468258240097056, 0.21187253409557327, 0.24476780494089104, 0.02783388864295258, 0.046267690857121964, 0.0009998413664052208], [0.6239242705991329, 0.16258560826594753, 0.15058769242082795, 0.024946612029337678, 0.0369558806291359, 0.0009999360556182048], [0.625219296357182, 0.15557578477041917, 0.15357659744888788, 0.02452482222743643, 0.04010356510004122, 0.0009999340960333445], [0.08620213104383205, 0.15089146345822474, 0.1331090121418551, 0.026436795363128412, 0.6023606481226298, 0.0009999498703300884], [0.7302116715668655, 0.12087083788351657, 0.09875776231144942, 0.022541748788998058, 0.02660549265264266, 0.0010124867965276578], [0.7461031310372503, 0.11048114705446307, 0.09904142519076722, 0.020650315035415496, 0.0226947276848681, 0.0010292539972357028], [0.7807645028959106, 0.1109649340656363, 0.08406870380478493, 0.01513702423077845, 0.007975877463434386, 0.0010889575394553888], [0.9950224004417905, 0.0009955199116420117, 0.0009955199116420117, 0.0009955199116420117, 0.0009955199116420117, 0.0009955199116420117]], [[0.9950224004417905, 0.0009955199116420117, 0.0009955199116420117, 0.0009955199116420117, 0.0009955199116420117, 0.0009955199116420117], [0.7465768067700244, 0.11899526542595501, 0.0926478229007961, 0.01705391286952296, 0.023696938029439004, 0.001029254004262526], [0.71914275487843, 0.22249464274350933, 0.001860794173946688, 0.024970175598479315, 0.03052382621855657, 0.0010078063870779654], [0.6258455462069853, 0.29974173355607314, 0.0017085859212350027, 0.03403353011408987, 0.03767065259536687, 0.0009999516062497895], [0.6078574769649281, 0.3095176747897514, 0.0016724212528010764, 0.033113921434638156, 0.046838567929930026, 0.000999937627951364], [0.4608834710855673, 0.44926991864493154, 0.0014376787233414006, 0.0362651692984629, 0.05114391474450036, 0.0009998475031964909], [0.44679101408719596, 0.45522614444309056, 0.0014225175636147947, 0.03571305865245902, 0.059847419366131506, 0.000999845887508313], [0.3117505679096533, 0.5058546552274537, 0.0011474847602394543, 0.03633882692256549, 0.1439086265605386, 0.000999838619549477], [0.44666633295361585, 0.46094429246077856, 0.0014234603516279818, 0.0373060762708911, 0.052659991104494715, 0.0009998468585919083], [0.4584012523922281, 0.4464202867376818, 0.001439927174117103, 0.03829721071244293, 0.05444147325593578, 0.000999849727594427], [0.6055666232431667, 0.3087200556397834, 0.0016720761269022474, 0.0323447497075059, 0.05069655797501866, 0.0009999373076231737], [0.6088034123604112, 0.31366448561730176, 0.001672430336521082, 0.030319793253627724, 0.04453994079325954, 0.000999937638878655], [0.47176718668047174, 0.4336173134883281, 0.0014414878905134325, 0.03550784312400557, 0.05666631751408485, 0.0009998513025962924], [0.45118478657326677, 0.460197834105949, 0.0014239702623993662, 0.034721173358231765, 0.051472388359444045, 0.0009998473407091253], [0.29972676960343336, 0.5149768328161326, 0.0011428434844640153, 0.03337773300525255, 0.1497759836506486, 0.0009998374400689244], [0.10734161048618905, 0.4398513517124276, 0.0013515138004186718, 0.03370232690357688, 0.4167533793392073, 0.0009998177581807294], [0.45535578124075715, 0.44391771693710647, 0.0014381997180979592, 0.039867112647208484, 0.05842134143439583, 0.0009998480224342613], [0.5964350766088198, 0.32029945367923723, 0.0016730672387255173, 0.033536256043807, 0.04705620813425138, 0.000999938295159213], [0.6363950383364778, 0.2874567759650949, 0.0017087225548770132, 0.03004303456897117, 0.04339647683100574, 0.000999951743573423], [0.7334629024153758, 0.21113406382466207, 0.0018598784867608176, 0.0193383387961017, 0.03319792576846909, 0.0010068907086305695], [0.7646250475253075, 0.19430029630057097, 0.0019084461348370116, 0.0207303187261939, 0.01741044334559849, 0.0010254479674922051], [0.7812170562777332, 0.18776049187705107, 0.002924364094006228, 0.018949879329160358, 0.008054238890482464, 0.0010939695315667793], [0.9166178371960277, 0.07368641485634017, 0.003181592699209637, 0.004326966070925106, 0.0009969935100275242, 0.0011901956674698656], [0.9194275665521519, 0.07086830308884791, 0.003184343329584414, 0.0043307069282348025, 0.0009978554558802471, 0.001191224645300901], [0.7812852214372539, 0.18766311307773573, 0.002924364094006228, 0.018949879329160358, 0.008083452530277067, 0.0010939695315667793], [0.7803938392983707, 0.18372911819238139, 0.001908389843810537, 0.01915366047940105, 0.013789600523576348, 0.0010253916624599778], [0.7636035349765312, 0.19340323903529896, 0.001861577518470503, 0.018217518895818283, 0.02190553984227926, 0.00100858973160178], [0.6523516916914183, 0.2890766071312363, 0.0017092433201073849, 0.025869254021698932, 0.02999325157118437, 0.0009999522643548851], [0.06498877996207529, 0.32955177215821474, 0.0015174551344811936, 0.03036748776389522, 0.5725746263703354, 0.0009998786109982549], [0.09493607207099757, 0.4517600714603718, 0.0013692266571727005, 0.030129940887069585, 0.420804865095914, 0.0009998238284744643], [0.0989245705802795, 0.4564293807588608, 0.001352759013496283, 0.036297613112374755, 0.4059958575577043, 0.0009998189772845566], [0.28597271103145405, 0.5323319098756538, 0.0011301686385496675, 0.036309619571629356, 0.14325576610654295, 0.0009998247761702382], [0.09939533937408564, 0.4560667987645272, 0.0013514616217380371, 0.03769271380094188, 0.4044938687549679, 0.000999817683739479], [0.45271207159727156, 0.4619978499951412, 0.0014339384871069859, 0.0377989744365222, 0.045057321744838126, 0.000999843739119947], [0.4589829659972022, 0.4474986929271148, 0.0014371625711387737, 0.0362565092545063, 0.05482482227147112, 0.000999846978566868], [0.5998143128328973, 0.3185469774518222, 0.0016717888757067935, 0.03390458529847749, 0.0450623985285935, 0.000999937012502601], [0.6310924247216697, 0.30051375900220983, 0.0017099108437297176, 0.030852962705984463, 0.03483098977428777, 0.0009999529521185773], [0.056192683954376633, 0.22962118021091613, 0.0018449383379777187, 0.023492261895141787, 0.687848938192573, 0.0009999974090148897], [0.05034088206509346, 0.112326669745788, 0.09499199172329051, 0.015147179371765641, 0.7261672361115379, 0.0010260409825245693], [0.9950224004417905, 0.0009955199116420117, 0.0009955199116420117, 0.0009955199116420117, 0.0009955199116420117, 0.0009955199116420117]], [[0.9950224004417905, 0.0009955199116420117, 0.0009955199116420117, 0.0009955199116420117, 0.0009955199116420117, 0.0009955199116420117], [0.7387777247430737, 0.11063025346096107, 0.10339125051132735, 0.018276366306416884, 0.027910980373077345, 0.00101342460514352], [0.6288224684838557, 0.2948096801108054, 0.0017101298395302133, 0.03205264121485994, 0.041605127186725925, 0.0009999531642227494], [0.0897447881252292, 0.324826296590033, 0.0015146191584148668, 0.03406179226765959, 0.5488526280845787, 0.0009998757740847708], [0.09942230339613783, 0.31728016033077017, 0.001514957907707895, 0.04005324703646986, 0.5407294552138456, 0.000999876115068796], [0.4668076203634004, 0.4370366072177753, 0.001439398284831872, 0.037148607746630764, 0.056567917195254336, 0.0009998491921073438], [0.45563486260527614, 0.4427022619149636, 0.0014372695885953917, 0.03909466861894311, 0.06013109018215895, 0.000999847090062899], [0.1083626975520084, 0.4358007918755736, 0.0013502712484587944, 0.036111782298694384, 0.4173746405356537, 0.0009998164896111513], [0.4646836001402433, 0.4368071992379084, 0.001439485559381154, 0.03753481084752699, 0.05853505491521429, 0.00099984929972584], [0.5977681338044089, 0.31921356257232464, 0.00167254469685445, 0.030378780347962, 0.04996704081704232, 0.0009999377614077942], [0.10431364059022992, 0.4255919468512647, 0.0013668041131958744, 0.035937333579863485, 0.4317904534576363, 0.000999821407809725], [0.6091936368056025, 0.2993619582336008, 0.0016717430361664434, 0.03434610227186645, 0.05442662269348785, 0.0009999369592761896], [0.6142993870458808, 0.29798048006296096, 0.001672184901412857, 0.03355318447749068, 0.05149482612396391, 0.0009999373882907062], [0.48092583477332457, 0.4187116702396145, 0.0014407588562463391, 0.03474123825698666, 0.06318064729910831, 0.0009998505747196562], [0.45628653763592103, 0.43790261641883443, 0.0014237197420352192, 0.03737377229854754, 0.066013506826165, 0.000999847078496894], [0.46405369426930887, 0.43845989833040583, 0.0014394227627942035, 0.036337122311678925, 0.05871001310740643, 0.0009998492184058443], [0.6080984130347645, 0.3163758469635376, 0.0016714025821999963, 0.032378437667900356, 0.04047596313869337, 0.0009999366129042964], [0.46697387251115174, 0.44118197859269453, 0.0014375307942378814, 0.03471037678452038, 0.054696393978656895, 0.0009998473387385976], [0.08515803626051527, 0.3224225478355724, 0.001516188417114414, 0.03170287513922786, 0.5582004749751562, 0.0009998773724139158], [0.6533886577024611, 0.2760219776460841, 0.0017103613624712883, 0.028785603013528772, 0.03909344689313011, 0.0009999533823245666], [0.7496702328940166, 0.20211451976430117, 0.0018612265578747133, 0.02041398676722959, 0.02493179523921676, 0.0010082387773612449], [0.03536533263242787, 0.1978631735765953, 0.0018922883374875596, 0.018866250737245266, 0.7449978399838023, 0.001015114732441634], [0.780839074380571, 0.18830046601585407, 0.002924364094006228, 0.018949879329160358, 0.007892246648841564, 0.0010939695315667793], [0.0009924806988275687, 0.08924624433259018, 0.0031395988912636215, 0.006279197782527243, 0.8991679920071836, 0.00117448628760791], [0.01569326761543301, 0.20074796250096322, 0.0029043753592344823, 0.019052702356578202, 0.7605152001821492, 0.0010864919856416059], [0.7763312313966406, 0.18187536064555485, 0.0019080908981158782, 0.022388772901705965, 0.016471451446973737, 0.001025092711008826], [0.039351778249240126, 0.19326825604810863, 0.001892958191168013, 0.019729120436417506, 0.7447421024999723, 0.0010157845750935108], [0.7498093957984852, 0.20238779022184591, 0.0018612763663853338, 0.02203186472365353, 0.022901384309319078, 0.001008288580311018], [0.6416234371372388, 0.2883141476731522, 0.0017100265491190086, 0.029979978496024517, 0.03737245710476305, 0.0009999530397026104], [0.08659131976829154, 0.32443595128221586, 0.001520099766466153, 0.033628479212545574, 0.5528242687191783, 0.0009998812513026673], [0.4537318017015815, 0.4527271079109621, 0.0014376497099191626, 0.038285284909118394, 0.05281830832025054, 0.000999847448168433], [0.4368180687637879, 0.4666689250105444, 0.0014151754345126787, 0.036028703815874655, 0.058069288399718526, 0.000999838575561766], [0.4504275951413599, 0.4547488521888501, 0.0014335638942699212, 0.03903195202061735, 0.053358193364650044, 0.0009998433902528357], [0.454005646990123, 0.45122438385878094, 0.0014367397216368438, 0.035892580962583846, 0.056440801935617554, 0.0009998465312578287], [0.11128890212392842, 0.4434839788502673, 0.0013513240216476703, 0.03500015521913641, 0.40787582224331886, 0.0009998175417015199], [0.469094908575392, 0.4399993258224549, 0.001439574744958154, 0.03468016152480478, 0.05378617993618297, 0.000999849396207429], [0.08063541489351678, 0.33289678423775426, 0.0015181011986180435, 0.030093745077142287, 0.553856075317411, 0.0009998792755576635], [0.6255213755591655, 0.2929283158391328, 0.0017099673191984164, 0.03404697438707963, 0.044793413889717706, 0.0009999530057060544], [0.7317431987303413, 0.12088021730349922, 0.09936179414164514, 0.019152813149153916, 0.027852338691025772, 0.0010096379843346735], [0.9950224004417905, 0.0009955199116420117, 0.0009955199116420117, 0.0009955199116420117, 0.0009955199116420117, 0.0009955199116420117]], [[0.9950224004417905, 0.0009955199116420117, 0.0009955199116420117, 0.0009955199116420117, 0.0009955199116420117, 0.0009955199116420117], [0.6447992140190192, 0.147028146103795, 0.14008032465061412, 0.024201053163587078, 0.04289130979204109, 0.0009999522709436945], [0.511294399572132, 0.45284860690555373, 0.0009991755985093768, 0.014892048269876418, 0.018966594055419287, 0.0009991755985093768], [0.450235385335086, 0.5080048083025117, 0.0009990312127420176, 0.015962695309613084, 0.0237990486273053, 0.0009990312127420176], [0.45161360750089174, 0.5039164061548083, 0.0009990306132008754, 0.015951765527492997, 0.02652015959040536, 0.0009990306132008754], [0.28732964041637643, 0.6664020572937814, 0.0009990230971157464, 0.01662643993536389, 0.02764381616024686, 0.0009990230971157464], [0.20519021099979176, 0.5059968984039063, 0.000998986715116833, 0.093097385954802, 0.1937175312112664, 0.000998986715116833], [0.5288997571385333, 0.4247110169233912, 0.0009990301098986637, 0.016032238317390753, 0.028358927400887426, 0.0009990301098986637], [0.5106742853012809, 0.2909655899033067, 0.0009991733761497285, 0.09296367641831693, 0.10339810162479611, 0.0009991733761497285], [0.29120540544169804, 0.6604679992922535, 0.000999030124624636, 0.018185090364761496, 0.028143444652037712, 0.000999030124624636], [0.44455439229207167, 0.51330560010283, 0.0009990214294311245, 0.014446221552886565, 0.025695743193349482, 0.0009990214294311245], [0.049775254581106786, 0.4204812217552266, 0.0009989889113799666, 0.09525868041575018, 0.43248686542515646, 0.0009989889113799666], [0.0500144006590959, 0.6088723932832649, 0.0009990758695014761, 0.013611298821584041, 0.32550375549705224, 0.0009990758695014761], [0.6672536241726462, 0.21111565761569925, 0.0009991740613105177, 0.09187790055476935, 0.0277544695342642, 0.0009991740613105177], [0.5281940970550295, 0.3467903039919439, 0.0009990292090002355, 0.015665391402087857, 0.10735214913293839, 0.0009990292090002355], [0.04767396204410575, 0.5815313409935281, 0.0009989873013436495, 0.17195323975283086, 0.1968434826068481, 0.0009989873013436495], [0.0500331763457619, 0.49911803819183276, 0.0009989879454611584, 0.09526177063143902, 0.3535890389400442, 0.0009989879454611584], [0.11552329468638584, 0.42829981432661873, 0.0013488445307708844, 0.03566981041551889, 0.41815842096261097, 0.0009998150780949236], [0.46632941668063715, 0.44005157149865093, 0.0014368516998347226, 0.034012106640847355, 0.057170206823955766, 0.000999846656074029], [0.08706392262461815, 0.3145613686370022, 0.001520340777111613, 0.031416282243334225, 0.5644382042213665, 0.0009998814965673742], [0.07987218214514652, 0.2697948554374945, 0.0017017918293299778, 0.03016102445878059, 0.6174701985258588, 0.0009999476033897114], [0.7591651080545176, 0.18985329382354466, 0.0018602169342488747, 0.023016469216431204, 0.025097682822288706, 0.0010072291489689653], [0.7706325961831793, 0.18598142088150063, 0.0019070186956247725, 0.018948397911310196, 0.02150654579722691, 0.0010240205311582127], [0.015685843175948296, 0.2007585688430843, 0.0029043753592344827, 0.019052702356578206, 0.7605120182795131, 0.001086491985641606], [0.03584503415684339, 0.1871345812705299, 0.0018931785385566742, 0.01907024901634881, 0.755040952090746, 0.0010160049269752958], [0.767640519288905, 0.18872200172550538, 0.0018604495044804413, 0.017270276161781242, 0.02349929158381719, 0.0010074617355106963], [0.7699945406740315, 0.1860908801111567, 0.0019069299158047499, 0.019326414877552465, 0.02165730270426979, 0.0010239317171847116], [0.7639310092522397, 0.18343415288113596, 0.00190693555201512, 0.019447832872265012, 0.030256132065075037, 0.0010239373772691085], [0.7476795487390268, 0.1983646951220492, 0.0018611968379313535, 0.021948287391782704, 0.029138062834290292, 0.0010082090749196592], [0.651820209039963, 0.27278324425292216, 0.001707304807067179, 0.03028597057586054, 0.042403321005171385, 0.0009999503190158885], [0.618515036446789, 0.3028535864270835, 0.001671429844746323, 0.030938772753196914, 0.045021237899220606, 0.0009999366289638186], [0.46105467291270186, 0.44425358300137724, 0.0014360472254535447, 0.03361765342214748, 0.05863819759381012, 0.0009998458445097808], [0.4605399737140464, 0.44681350467433095, 0.00143604723213963, 0.03441593378957838, 0.05579469474073969, 0.000999845849164958], [0.4466393108786222, 0.4537588462146881, 0.0014182675158441226, 0.036872866453757216, 0.06031086726501625, 0.0009998416720721026], [0.31519722675581135, 0.4982989560697444, 0.0011439600145276081, 0.03387567065492911, 0.15048435142327388, 0.0009998350817137529], [0.46311844210763514, 0.44223662105357764, 0.0014235655988435114, 0.03495655925131086, 0.057264965028678165, 0.0009998469599545705], [0.4639524671251314, 0.44451422104677446, 0.0014382435099847936, 0.03587638001554379, 0.05321884025968048, 0.000999848042884997], [0.6066131157657849, 0.32335360274516334, 0.0016708437504024314, 0.02791768730815699, 0.03944481435311144, 0.0009999360773809932], [0.6358699480717006, 0.15513452772013564, 0.14341447174645156, 0.02458249739989598, 0.03999860490498581, 0.0009999501568305838], [0.9950224004417905, 0.0009955199116420117, 0.0009955199116420117, 0.0009955199116420117, 0.0009955199116420117, 0.0009955199116420117]], [[0.9950224004417905, 0.0009955199116420117, 0.0009955199116420117, 0.0009955199116420117, 0.0009955199116420117, 0.0009955199116420117], [0.6255218049213049, 0.163117056594031, 0.14742207288484613, 0.024552747387303755, 0.03838638165178223, 0.0009999365607319497], [0.12843478623923107, 0.5030801849278941, 0.0009989889368538071, 0.09412175469524448, 0.272365296263923, 0.0009989889368538071], [0.3724787283913599, 0.5808492459903108, 0.000999048680687121, 0.01693627165080513, 0.027737656606149845, 0.000999048680687121], [0.21870383991331407, 0.42199951392090845, 0.0009989790078705834, 0.09714201470207434, 0.26015667344796206, 0.0009989790078705834], [0.30394938968952556, 0.368486512875009, 0.0009988929182107526, 0.1711491401237454, 0.1544171714752988, 0.0009988929182107526], [0.524588444715908, 0.42812594397052106, 0.000999024814224562, 0.015037787359510557, 0.030249774325611357, 0.000999024814224562], [0.05419945031418363, 0.6516075804064311, 0.0009989843841579683, 0.09484754969310467, 0.19734745081796473, 0.0009989843841579683], [0.1306435460778849, 0.4975402734823978, 0.0009989861051115363, 0.015653027013841473, 0.354165181215653, 0.0009989861051115363], [0.5228320756962962, 0.4320241284098238, 0.0009990233015560353, 0.015742567410985828, 0.027403181879782024, 0.0009990233015560353], [0.301273135754819, 0.6122919255019268, 0.0009989017664828184, 0.012416928421618756, 0.07202020678866981, 0.0009989017664828184], [0.44418468298359437, 0.5094125346155346, 0.0009990230107023517, 0.017699271914176886, 0.02670546446528945, 0.0009990230107023517], [0.45516585059588877, 0.42228106758648726, 0.0009990299677118074, 0.01407076826479774, 0.1064842536174026, 0.0009990299677118074], [0.5150803237178759, 0.44676071709650744, 0.0009991756709779264, 0.013745330056695189, 0.02241527778696559, 0.0009991756709779264], [0.3725011044806399, 0.5790969645275383, 0.0009990310961613274, 0.01336351623872323, 0.03304035256077576, 0.0009990310961613274], [0.5309830710623716, 0.414321964151279, 0.0009990557670580109, 0.016816389960235153, 0.03588046329199844, 0.0009990557670580109], [0.3718765295152764, 0.5819535512495329, 0.0009990492387270738, 0.017138467576563614, 0.027033353181173055, 0.0009990492387270738], [0.3008873175704684, 0.5030229268453301, 0.0011363971461666358, 0.03542169183939285, 0.15853183559557604, 0.000999831003066044], [0.10778484156793697, 0.42680767428731364, 0.0013462535442763169, 0.03162280027173855, 0.4314386178218233, 0.000999812506911367], [0.1027821164339586, 0.41367976449117494, 0.0013693932907015256, 0.030879924404399586, 0.4502889773839848, 0.0009998239957805515], [0.6363439629446018, 0.2902969112054699, 0.0016751889503692178, 0.0288725537353737, 0.04181144276775197, 0.0009999403964334908], [0.6687140476578389, 0.2608892772703957, 0.001712127395800098, 0.027452997734682117, 0.040231594796981504, 0.000999955144301611], [0.05962591458199576, 0.19416800993614647, 0.0018442458228457624, 0.022740743709093493, 0.7206210892367899, 0.0009999967131288335], [0.04888349909796658, 0.1912347550596382, 0.0018924377156028806, 0.01862523266121088, 0.7383488113599261, 0.0010152641056553656], [0.754739911098136, 0.19838713407697983, 0.0018602856948529043, 0.018256134365639616, 0.025749236835330775, 0.0010072979290607867], [0.6694422554261512, 0.2606986508245629, 0.0017111011942487228, 0.027442436377758284, 0.03970560204994176, 0.000999954127337168], [0.7648548144344705, 0.18811576735958974, 0.001860335175540521, 0.019873985661515613, 0.02428774995794362, 0.0010073474109400132], [0.7638130086100688, 0.18881586998187416, 0.0019058561195417565, 0.01946979676355638, 0.024972610585097244, 0.0010228579398616083], [0.056584248635607196, 0.18652138545728947, 0.0018913410381059333, 0.020354098581908002, 0.7336347588634242, 0.0010141674236652945], [0.06594919595351492, 0.19992788178011348, 0.001843921003186877, 0.021540752169859276, 0.7097382527221088, 0.0009999963712167019], [0.652891065230556, 0.26193370271740196, 0.0017099694542289962, 0.025154720159584077, 0.05731058943503988, 0.0009999530031891129], [0.0982200088288827, 0.2942150596755449, 0.0015142711024487302, 0.0358552420850078, 0.5691955428526685, 0.000999875455447571], [0.09545689050660514, 0.30450442226064567, 0.0015142477596292966, 0.02906935717067031, 0.5684552068833514, 0.0009998754190983367], [0.48100002760352634, 0.4218342567240193, 0.0014398140985999563, 0.03567560928630674, 0.05905044267563847, 0.0009998496119093523], [0.4657636400510903, 0.44122650201599006, 0.0014246933788680193, 0.03642685127838718, 0.054158465213907096, 0.0009998480617574132], [0.4731412575412018, 0.4298298031220359, 0.001438090087374347, 0.034719087641540615, 0.059871913701377885, 0.0009998479064697037], [0.0927241944530198, 0.33022061392982605, 0.0015207766119810654, 0.03266190106872473, 0.5418726319833475, 0.0009998819531009586], [0.09373350648457315, 0.442726019738251, 0.001372106546633142, 0.039177122471657014, 0.42199141805403667, 0.0009998267048491585], [0.09695352486729021, 0.16993470138924913, 0.14814370483828557, 0.028295063078658537, 0.5556731240875754, 0.0009998817389411828], [0.9950224004417905, 0.0009955199116420117, 0.0009955199116420117, 0.0009955199116420117, 0.0009955199116420117, 0.0009955199116420117]], [[0.9950224004417905, 0.0009955199116420117, 0.0009955199116420117, 0.0009955199116420117, 0.0009955199116420117, 0.0009955199116420117], [0.4690383996927944, 0.20902764257798775, 0.2410001350256672, 0.035440599247888734, 0.04449338104045714, 0.0009998424152047143], [0.35970510801294975, 0.43934463206989727, 0.0009990231603390206, 0.09402537825805936, 0.10492683533841551, 0.0009990231603390206], [0.2234814012921012, 0.6889902063053259, 0.0009989002354307203, 0.01328986437565609, 0.07224072755605536, 0.0009989002354307203], [0.528697384963773, 0.42222440998190663, 0.00099904799315844, 0.018165105897875924, 0.028915003170127632, 0.00099904799315844], [0.6070808297100748, 0.34339700233005027, 0.000999049234129753, 0.018369246114176088, 0.029154823377439354, 0.000999049234129753], [0.6103857232642428, 0.3435194639151238, 0.0009990292701996034, 0.015463212675602715, 0.028633541604631555, 0.0009990292701996034], [0.35664316115480654, 0.6037520336718294, 0.0009991750684903754, 0.012843942133233439, 0.024762512903149996, 0.0009991750684903754], [0.2054734762429491, 0.21568677963839905, 0.000999075059023958, 0.09245712568441761, 0.48438446831618637, 0.000999075059023958], [0.371691318137898, 0.5072378793026069, 0.0009990311642964387, 0.09326238772871223, 0.025810352502189913, 0.0009990311642964387], [0.5252479230027701, 0.4267005165319267, 0.000999023329740863, 0.017143640818347586, 0.02890987298747398, 0.000999023329740863], [0.45130420120163584, 0.42239204989082035, 0.0009990294350284855, 0.09523131054067739, 0.029074379496809546, 0.0009990294350284855], [0.595578528325143, 0.2894263652997965, 0.0009991753193962232, 0.09258649762597718, 0.020410258110290774, 0.0009991753193962232], [0.4536605172689155, 0.5001228593333917, 0.0009990295619681342, 0.015849199099379135, 0.02836936517437734, 0.0009990295619681342], [0.36922761811308963, 0.5818084953275802, 0.000999024931419354, 0.01482651732149134, 0.03213931937500013, 0.000999024931419354], [0.38763869023933434, 0.5230186812818263, 0.0009988996336417226, 0.012345843761498183, 0.07499898545005781, 0.0009988996336417226], [0.4516519440631739, 0.4199041600627603, 0.0009990472350542997, 0.016721580853820413, 0.10972422055013678, 0.0009990472350542997], [0.4766060873861916, 0.4248347078508209, 0.0014639122303380051, 0.03401507116955221, 0.06208036199487845, 0.0009998593682189023], [0.10845233270068358, 0.41046852174297255, 0.0013689298805003162, 0.032062175788171686, 0.44664821634621893, 0.0009998235414530147], [0.6313760959380689, 0.28672221532558984, 0.001672178732237098, 0.03013268333610478, 0.04909688925608935, 0.0009999374119101121], [0.10103473936183927, 0.26022778692089105, 0.0017000220453903044, 0.030227307902466336, 0.6058101979141153, 0.000999945855297858], [0.05782570459470156, 0.20488028877809641, 0.0018442490728725978, 0.020720339918167782, 0.7137294209421284, 0.0009999966940333683], [0.6748835852486462, 0.2622448556896612, 0.0017117265381171446, 0.023818500029763722, 0.03634137774455177, 0.0009999547492600832], [0.7529595871998253, 0.19360254558120527, 0.0018585012748420597, 0.019243829204179295, 0.03133002322930935, 0.0010055135106387554], [0.6561392372308922, 0.27139012975091176, 0.0017108169265998097, 0.027002721102554368, 0.042757141155700014, 0.0009999538333420094], [0.6267196347647531, 0.29726762299954995, 0.0016720690480305663, 0.027997893194743453, 0.04534284271284777, 0.000999937280075181], [0.07845842388432772, 0.2719445982875434, 0.0017054095967606211, 0.02417757037290189, 0.622714046616191, 0.0009999512422752953], [0.7548395416189077, 0.18942478054985382, 0.001860225628360876, 0.02181140994878332, 0.03105680438556747, 0.0010072378685268089], [0.7549763971443378, 0.18757647350719778, 0.0018606614582923082, 0.021537644208737102, 0.03304114999250949, 0.0010076736889253598], [0.09146423872956609, 0.26737241063206035, 0.0017037685237657413, 0.028951047146431926, 0.6095085853617757, 0.000999949606400228], [0.7497188196638839, 0.19561786027872033, 0.0018588861453707212, 0.022041197722777326, 0.029757337808477488, 0.0010058983807702136], [0.6594043698477076, 0.2613106282573324, 0.0017093486316068945, 0.03109840348277337, 0.04547729741574628, 0.0009999523648334466], [0.09524470365560218, 0.27571252491956044, 0.0017005102458238193, 0.028236570337750073, 0.5981057445116351, 0.0009999463296283752], [0.10203638034295724, 0.2975301131356626, 0.0015186536842101586, 0.03226880244035469, 0.5656461705966661, 0.0009998798001492292], [0.47641984136455723, 0.4194227487050896, 0.001438636652303847, 0.033680318091454296, 0.06803860672420144, 0.0009998484623934733], [0.6061914791393145, 0.3077113911190436, 0.0016720596910944794, 0.03175779464205979, 0.05166733813868305, 0.0009999372698047987], [0.45862672883515027, 0.43771714593109823, 0.0014378472543150886, 0.03632541571569199, 0.06489301459414398, 0.0009998476696004514], [0.43892974182595274, 0.4687787355218898, 0.0014224707989885818, 0.0352934823516107, 0.05457572365144388, 0.0009998458501144422], [0.4517010323865837, 0.216563369138368, 0.25187961875827464, 0.029635239008623637, 0.04922089874876389, 0.0009998419593860845], [0.9950224004417905, 0.0009955199116420117, 0.0009955199116420117, 0.0009955199116420117, 0.0009955199116420117, 0.0009955199116420117]], [[0.9950224004417905, 0.0009955199116420117, 0.0009955199116420117, 0.0009955199116420117, 0.0009955199116420117, 0.0009955199116420117], [0.6265807272884564, 0.16128172964290355, 0.14777287850760504, 0.022951408815045087, 0.04041331945497296, 0.0009999362910172022], [0.4363292558731013, 0.4396618250168446, 0.0009990311725792058, 0.01991052156660102, 0.10210033519829483, 0.0009990311725792058], [0.44031471962403174, 0.511498804279736, 0.000999049060396326, 0.017365634067636672, 0.02882274390780289, 0.000999049060396326], [0.5271278044909855, 0.4247342114165787, 0.0009990297531796261, 0.01720081930469866, 0.028939105281377834, 0.0009990297531796261], [0.4501309233047881, 0.42400305356708917, 0.0009990312977535137, 0.09524545301898979, 0.02862250751362623, 0.0009990312977535137], [0.6747004613468949, 0.28518663349413487, 0.0009991748569913555, 0.014817042075423389, 0.02329751336956427, 0.0009991748569913555], [0.04367450101823619, 0.36093653799494463, 0.0009991886608577778, 0.012327203145256054, 0.5810633805198477, 0.0009991886608577778], [0.5261135620025446, 0.4357010312663674, 0.0009991986852063025, 0.013619570470061657, 0.022567438890613842, 0.0009991986852063025], [0.6825435769923741, 0.2021879902549976, 0.0009991782863637997, 0.09218478268353046, 0.021085293496370228, 0.0009991782863637997], [0.0009952475808918434, 0.0009952475808918434, 0.0009952475808918434, 0.0009952475808918434, 0.0009952475808918434, 0.9950237620955409], [0.12195422558114523, 0.371860453620632, 0.0009990793130506346, 0.012894157175355222, 0.4912930049967664, 0.0009990793130506346], [0.6016824035588774, 0.3593889779272316, 0.00099919744174018, 0.012368856710035667, 0.024561366920375048, 0.00099919744174018], [0.35680954353645233, 0.5252818032980251, 0.0009991754654412094, 0.014612963583964179, 0.10129733865067603, 0.0009991754654412094], [0.6180815471813099, 0.33708016112146805, 0.0009990583735122159, 0.016139523051272163, 0.026700651898925364, 0.0009990583735122159], [0.4493683878462871, 0.34606176589387866, 0.0009990234101942895, 0.09562386821719505, 0.10694793122225087, 0.0009990234101942895], [0.4489373130705365, 0.5048018523406033, 0.0009990310329761147, 0.014577481701805395, 0.029685290821102585, 0.0009990310329761147], [0.48164645018681534, 0.41483645082539466, 0.0014391231754541899, 0.035600613755535415, 0.06547751313750613, 0.0009998489192942245], [0.6280858071328136, 0.29060288210008545, 0.0016724988857386449, 0.030122612971116455, 0.048516261198288495, 0.0009999377119574112], [0.6537716780493934, 0.26660112808234615, 0.001709414482637106, 0.02828414294642491, 0.048633684004911054, 0.0009999524342875544], [0.7432173095080183, 0.19374280421769874, 0.0018587510368861656, 0.02442129672376931, 0.03575407524213609, 0.0010057632714912512], [0.6611007731698716, 0.2654449605419687, 0.001712000310950807, 0.025004447879008167, 0.04573786308494459, 0.0009999550132562538], [0.6357359867153696, 0.2852862323270172, 0.001673668764250649, 0.027317422912720962, 0.0489867504045505, 0.0009999388760912108], [0.6526144290142201, 0.2734029440327214, 0.001708623405959283, 0.027483874204597247, 0.04379