{
  "prediction": [
    [
      [
        0.9950224004417905,
        0.0009955199116420117,
        0.0009955199116420117,
        0.0009955199116420117,
        0.0009955199116420117,
        0.0009955199116420117
      ],
      [
        0.9950224004417905,
        0.0009955199116420117,
        0.0009955199116420117,
        0.0009955199116420117,
        0.0009955199116420117,
        0.0009955199116420117
      ],
      [
        0.9950224004417905,
        0.0009955199116420117,
        0.0009955199116420117,
        0.0009955199116420117,
        0.0009955199116420117,
        0.0009955199116420117
      ],
      [
        0.9950224004417905,
        0.0009955199116420117,
        0.0009955199116420117,
        0.0009955199116420117,
        0.0009955199116420117,
        0.0009955199116420117
      ],
      [
        0.9950224004417905,
        0.0009955199116420117,
        0.0009955199116420117,
        0.0009955199116420117,
        0.0009955199116420117,
        0.0009955199116420117
      ],
      [
        0.9950224004417905,
        0.0009955199116420117,
        0.0009955199116420117,
        0.0009955199116420117,
        0.0009955199116420117,
        0.0009955199116420117
      ],
      [
        0.9950224004417905,
        0.0009955199116420117,
        0.0009955199116420117,
        0.0009955199116420117,
        0.0009955199116420117,
        0.0009955199116420117
      ],
      [
        0.9950224004417905,
        0.0009955199116420117,
        0.0009955199116420117,
        0.0009955199116420117,
        0.0009955199116420117,
        0.0009955199116420117
      ],
      [
        0.9950224004417905,
        0.0009955199116420117,
        0.0009955199116420117,
        0.0009955199116420117,
        0.0009955199116420117,
        0.0009955199116420117
      ],
      [
        0.9950224004417905,
        0.0009955199116420117,
        0.0009955199116420117,
        0.0009955199116420117,
        0.0009955199116420117,
        0.0009955199116420117
      ],
      [
        0.9950224004417905,
        0.0009955199116420117,
        0.0009955199116420117,
        0.0009955199116420117,
        0.0009955199116420117,
        0.0009955199116420117
      ],
      [
        0.9950224004417905,
        0.0009955199116420117,
        0.0009955199116420117,
        0.0009955199116420117,
        0.0009955199116420117,
        0.0009955199116420117
      ],
      [
        0.9950224004417905,
        0.0009955199116420117,
        0.0009955199116420117,
        0.0009955199116420117,
        0.0009955199116420117,
        0.0009955199116420117
      ],
      [
        0.9950224004417905,
        0.0009955199116420117,
        0.0009955199116420117,
        0.0009955199116420117,
        0.0009955199116420117,
        0.0009955199116420117
      ],
      [
        0.9950224004417905,
        0.0009955199116420117,
        0.0009955199116420117,
        0.0009955199116420117,
        0.0009955199116420117,
        0.0009955199116420117
      ],
      [
        0.9950224004417905,
        0.0009955199116420117,
        0.0009955199116420117,
        0.0009955199116420117,
        0.0009955199116420117,
        0.0009955199116420117
      ],
      [
        0.9950224004417905,
        0.0009955199116420117,
        0.0009955199116420117,
        0.0009955199116420117,
        0.0009955199116420117,
        0.0009955199116420117
      ],
      [
        0.9950224004417905,
        0.0009955199116420117,
        0.0009955199116420117,
        0.0009955199116420117,
        0.0009955199116420117,
        0.0009955199116420117
      ],
      [
        0.9950224004417905,
        0.0009955199116420117,
        0.0009955199116420117,
        0.0009955199116420117,
        0.0009955199116420117,
        0.0009955199116420117
      ],
      [
        0.9950224004417905,
        0.0009955199116420117,
        0.0009955199116420117,
        0.0009955199116420117,
        0.0009955199116420117,
        0.0009955199116420117
      ],
      [
        0.9950224004417905,
        0.0009955199116420117,
        0.0009955199116420117,
        0.0009955199116420117,
        0.0009955199116420117,
        0.0009955199116420117
      ],
      [
        0.9950224004417905,
        0.0009955199116420117,
        0.0009955199116420117,
        0.0009955199116420117,
        0.0009955199116420117,
        0.0009955199116420117
      ],
      [
        0.9950224004417905,
        0.0009955199116420117,
        0.0009955199116420117,
        0.0009955199116420117,
        0.0009955199116420117,
        0.0009955199116420117
      ],
      [
        0.9950224004417905,
        0.0009955199116420117,
        0.0009955199116420117,
        0.0009955199116420117,
        0.0009955199116420117,
        0.0009955199116420117
      ],
      [
        0.9950224004417905,
        0.0009955199116420117,
        0.0009955199116420117,
        0.0009955199116420117,
        0.0009955199116420117,
        0.0009955199116420117
      ],
      [
        0.9950224004417905,
        0.0009955199116420117,
        0.0009955199116420117,
        0.0009955199116420117,
        0.0009955199116420117,
        0.0009955199116420117
      ],
      [
        0.9950224004417905,
        0.0009955199116420117,
        0.0009955199116420117,
        0.0009955199116420117,
        0.0009955199116420117,
        0.0009955199116420117
      ],
      [
        0.9950224004417905,
        0.0009955199116420117,
        0.0009955199116420117,
        0.0009955199116420117,
        0.0009955199116420117,
        0.0009955199116420117
      ],
      [
        0.9950224004417905,
        0.0009955199116420117,
        0.0009955199116420117,
        0.0009955199116420117,
        0.0009955199116420117,
        0.0009955199116420117
      ],
      [
        0.9950224004417905,
        0.0009955199116420117,
        0.0009955199116420117,
        0.0009955199116420117,
        0.0009955199116420117,
        0.0009955199116420117
      ],
      [
        0.9950224004417905,
        0.0009955199116420117,
        0.0009955199116420117,
        0.0009955199116420117,
        0.0009955199116420117,
        0.0009955199116420117
      ],
      [
        0.9950224004417905,
        0.0009955199116420117,
        0.0009955199116420117,
        0.0009955199116420117,
        0.0009955199116420117,
        0.0009955199116420117
      ],
      [
        0.9950224004417905,
        0.0009955199116420117,
        0.0009955199116420117,
        0.0009955199116420117,
        0.0009955199116420117,
        0.0009955199116420117
      ],
      [
        0.9950224004417905,
        0.0009955199116420117,
        0.0009955199116420117,
        0.0009955199116420117,
        0.0009955199116420117,
        0.0009955199116420117
      ],
      [
        0.9950224004417905,
        0.0009955199116420117,
        0.0009955199116420117,
        0.0009955199116420117,
        0.0009955199116420117,
        0.0009955199116420117
      ],
      [
        0.9950224004417905,
        0.0009955199116420117,
        0.0009955199116420117,
        0.0009955199116420117,
        0.0009955199116420117,
        0.0009955199116420117
      ],
      [
        0.9950224004417905,
        0.0009955199116420117,
        0.0009955199116420117,
        0.0009955199116420117,
        0.0009955199116420117,
        0.0009955199116420117
      ],
      [
        0.9950224004417905,
        0.0009955199116420117,
        0.0009955199116420117,
        0.0009955199116420117,
        0.0009955199116420117,
        0.0009955199116420117
      ],
      [
        0.9950224004417905,
        0.0009955199116420117,
        0.0009955199116420117,
        0.0009955199116420117,
        0.0009955199116420117,
        0.0009955199116420117
      ],
      [
        0.9950224004417905,
        0.0009955199116420117,
        0.0009955199116420117,
        0.0009955199116420117,
        0.0009955199116420117,
        0.0009955199116420117
      ]
    ],
    [
      [
        0.9950224004417905,
        0.0009955199116420117,
        0.0009955199116420117,
        0.0009955199116420117,
        0.0009955199116420117,
        0.0009955199116420117
      ],
      [
        0.9813610582585854,
        0.001957510231217043,
        0.001915932632877829,
        0.0009999579700706192,
        0.012705378976564303,
        0.0010601619306847834
      ],
      [
        0.9698182682498996,
        0.0025210734736206457,
        0.004843150481152974,
        0.0029240066075625,
        0.0188492483187861,
        0.0010442528689782145
      ],
      [
        0.9693502491604404,
        0.006097513595086775,
        0.0023997855853055156,
        0.001106389849911694,
        0.020018308720456766,
        0.0010277530887988237
      ],
      [
        0.09012108801796252,
        0.008923414999688904,
        0.00597900009164481,
        0.0013472834099885259,
        0.8926292611715039,
        0.0009999523092114476
      ],
      [
        0.06429650327453647,
        0.00967571271375637,
        0.004593458022745146,
        0.0015613705289358193,
        0.9188729921700639,
        0.0009999632899621983
      ],
      [
        0.9565380295148157,
        0.011046147143396978,
        0.007240752683101369,
        0.004122807940372979,
        0.02000800985140133,
        0.0010442528669115751
      ],
      [
        0.04656170595633073,
        0.007322470597382277,
        0.0018178321185409088,
        0.005233702919521234,
        0.9380206379292104,
        0.0010436504790144014
      ],
      [
        0.057165304737319414,
        0.005991805766253196,
        0.002195943912547888,
        0.002760127814523358,
        0.9308868544498266,
        0.00099996331952952
      ],
      [
        0.972207383267295,
        0.00852720446717449,
        0.00484315011052059,
        0.0017252053833813838,
        0.011652803890166803,
        0.0010442528814617836
      ],
      [
        0.9800464921250901,
        0.005717333191776833,
        0.0031134872809325674,
        0.0009999580625548263,
        0.009062567369113742,
        0.00106016197053192
      ],
      [
        0.9804851267949097,
        0.003313243199550192,
        0.0019459371071973912,
        0.0051687728734055634,
        0.008007664801624789,
        0.001079255223312228
      ],
      [
        0.9853015688092723,
        0.0020321918122603025,
        0.0019455888629545165,
        0.0009999728216098674,
        0.008471106081249843,
        0.0012495716126531733
      ],
      [
        0.9944834296909443,
        0.0010495900116071495,
        0.0009999394339330868,
        0.0009999394339330868,
        0.001221560673121511,
        0.0012455407564606951
      ],
      [
        0.9945180429080976,
        0.0010001425585309165,
        0.0009999394339330868,
        0.0009999394339330868,
        0.0012363949090443808,
        0.0012455407564606951
      ],
      [
        0.9945181274186962,
        0.0009999392381111315,
        0.0009999392381111315,
        0.0009999392381111315,
        0.0012365143544287554,
        0.0012455405125416956
      ],
      [
        0.9944828833667564,
        0.0010503704747330397,
        0.000999939433933087,
        0.000999939433933087,
        0.0012213265341837441,
        0.0012455407564606954
      ],
      [
        0.017743661227874824,
        0.002098241310478147,
        0.0015566446159567008,
        0.0009999729299550177,
        0.9763517689926532,
        0.0012497109230820876
      ],
      [
        0.9835409741990812,
        0.002044565011061684,
        0.0013459382918200842,
        0.0027687776082432566,
        0.009221087865117002,
        0.0010786570246768001
      ],
      [
        0.01984224362741411,
        0.0035134964015402126,
        0.002969870698824433,
        0.00099995804663419,
        0.9716142218359372,
        0.0010602093896498192
      ],
      [
        0.04426220347153399,
        0.00722933100082566,
        0.002417830857283488,
        0.0028408859220792515,
        0.9422055001061913,
        0.0010442486420862115
      ],
      [
        0.06192064628255492,
        0.005925860915832044,
        0.0015953057494822191,
        0.000999922948377563,
        0.9285583411553756,
        0.000999922948377563
      ],
      [
        0.9273543470989255,
        0.0113789503331471,
        0.0050772985970367075,
        0.0018699273028686069,
        0.053305617740061345,
        0.0010138589279608562
      ],
      [
        0.941069968000804,
        0.008625784008157802,
        0.004798583984165072,
        0.007700393989219558,
        0.036776918788145874,
        0.0010283512295076087
      ],
      [
        0.9195774615455619,
        0.009039445725369147,
        0.007470115944899558,
        0.0012699286193361477,
        0.06162978735683896,
        0.0010132608079944858
      ],
      [
        0.13127747242228097,
        0.007749788840851618,
        0.002353512680034691,
        0.004323281326141039,
        0.853296001962834,
        0.0009999427678578077
      ],
      [
        0.9321346435727871,
        0.004207442844172334,
        0.007474901108371483,
        0.0042675294478053665,
        0.05090162407809044,
        0.0010138589487734182
      ],
      [
        0.1273236097588928,
        0.012544627672185178,
        0.00838127911012918,
        0.004344744549982303,
        0.846405786046737,
        0.0009999528620735878
      ],
      [
        0.9590394344012773,
        0.005047306036740595,
        0.005997385537176513,
        0.0017063886033330362,
        0.02718113418876683,
        0.0010283512327058414
      ],
      [
        0.9644540642048116,
        0.003709940780396479,
        0.0024443516689901072,
        0.0011252066413212436,
        0.027222781970033954,
        0.0010436547344466823
      ],
      [
        0.0282226237763567,
        0.0035170715052713587,
        0.004167425224394004,
        0.0009999581202025057,
        0.9620327119061246,
        0.001060209467650911
      ],
      [
        0.9740455768105547,
        0.004892298459429351,
        0.0018455492540063124,
        0.0029216139051816544,
        0.015251306841980627,
        0.001043654728847396
      ],
      [
        0.9777094745109602,
        0.0032980282955657903,
        0.0013172106163781264,
        0.0027544138015082632,
        0.0138606663507529,
        0.0010602064248345833
      ],
      [
        0.9860898600420699,
        0.0033020955230965215,
        0.0013172106412197722,
        0.0015568089775433044,
        0.006673818371241244,
        0.0010602064448293148
      ],
      [
        0.026289509634432974,
        0.0060004595216488965,
        0.0018178320038521683,
        0.0028384931852090513,
        0.9620100552168976,
        0.0010436504379590923
      ],
      [
        0.0174408994092263,
        0.005938974178379272,
        0.0017735867959708382,
        0.001558042178498812,
        0.9722276454223517,
        0.0010608520155729793
      ],
      [
        0.014033019008079274,
        0.0034317253173251324,
        0.0029953750615555864,
        0.003970011330287454,
        0.9744905627567741,
        0.0010793065259783333
      ],
      [
        0.017717544796757315,
        0.002135550497788873,
        0.0015566446159567008,
        0.0009999729299550177,
        0.9763405762364599,
        0.0012497109230820876
      ],
      [
        0.002363569288550915,
        0.0010118790292812155,
        0.0009999404973340153,
        0.0009999404973340153,
        0.9933784455864537,
        0.001246225101046186
      ],
      [
        0.9950224004417905,
        0.0009955199116420117,
        0.0009955199116420117,
        0.0009955199116420117,
        0.0009955199116420117,
        0.0009955199116420117
      ]
    ],
    [
      [
        0.9950224004417905,
        0.0009955199116420117,
        0.0009955199116420117,
        0.0009955199116420117,
        0.0009955199116420117,
        0.0009955199116420117
      ],
      [
        0.9782409437756754,
        0.0019085375671345321,
        0.0024431575676250273,
        0.001124609591807084,
        0.015239693811842762,
        0.0010430576859151402
      ],
      [
        0.05100425365853014,
        0.016665310258369814,
        0.0009998438652451041,
        0.001197015299659192,
        0.9291337330529508,
        0.0009998438652451041
      ],
      [
        0.9232849923321201,
        0.016067431399838083,
        0.0009999218781329092,
        0.0073053289199097315,
        0.051328548933000345,
        0.001013776536998814
      ],
      [
        0.9231694890494226,
        0.01622962322535386,
        0.0009999110544519556,
        0.004926070592752447,
        0.053674995023567144,
        0.0009999110544519556
      ],
      [
        0.10919195288209196,
        0.02366469118509152,
        0.0009998269664819818,
        0.004808580396243539,
        0.8603351216036089,
        0.0009998269664819818
      ],
      [
        0.08432739201393281,
        0.021805892943193367,
        0.0009998450375900503,
        0.0029937426632827818,
        0.888873282304411,
        0.0009998450375900503
      ],
      [
        0.9374628697536534,
        0.012355067098742685,
        0.0009999328747699412,
        0.004380350822645605,
        0.043773899079505206,
        0.0010278803706830696
      ],
      [
        0.10336289750856746,
        0.018649484282890625,
        0.0009998269841709879,
        0.004808580481317267,
        0.8711793837588826,
        0.0009998269841709879
      ],
      [
        0.959715940371952,
        0.014635166454600258,
        0.0009999323063905607,
        0.0013859419251162873,
        0.022235736151085667,
        0.0010272827908553732
      ],
      [
        0.9664043862471162,
        0.009774637108319627,
        0.0009999452892330465,
        0.005562284431242319,
        0.016214938256808056,
        0.0010438086672807307
      ],
      [
        0.9729811062742683,
        0.009546727609684662,
        0.0009999578881963332,
        0.003951698364765333,
        0.011460545137740854,
        0.0010599647253446433
      ],
      [
        0.9879061385133298,
        0.004689180988908316,
        0.000999971644750563,
        0.0015697682262915665,
        0.0037571243629578393,
        0.0010778162637617799
      ],
      [
        0.983378544485474,
        0.005122921201849509,
        0.000999944744603784,
        0.000999944744603784,
        0.008249686420248217,
        0.0012489584032207254
      ],
      [
        0.0019114103518679366,
        0.0011283169541248766,
        0.0009999411960921161,
        0.0009999411960921161,
        0.9937137155196542,
        0.0012466747821687333
      ],
      [
        0.9944559777051087,
        0.0010896016792607667,
        0.0009999390475313443,
        0.0009999390475313443,
        0.0012092504303753268,
        0.0012452920901925135
      ],
      [
        0.9834123631961394,
        0.005074608758041682,
        0.000999944744603784,
        0.000999944744603784,
        0.008264180153390565,
        0.0012489584032207254
      ],
      [
        0.9843304627500014,
        0.004629903871884936,
        0.0009999432344562132,
        0.0009999432344562132,
        0.007961961209180666,
        0.0010777857000205354
      ],
      [
        0.9802083795629161,
        0.004696585225077752,
        0.0009999578780690533,
        0.001556589941328607,
        0.011478522677998903,
        0.001059964714609632
      ],
      [
        0.9683259885651109,
        0.007222080978272821,
        0.0009999447026225695,
        0.0013702991677027208,
        0.021038475476111863,
        0.001043211110179105
      ],
      [
        0.020765751929454943,
        0.004302277692930047,
        0.0009988316256322085,
        0.0013458187343054807,
        0.9715884883920453,
        0.0009988316256322085
      ],
      [
        0.054552878896624926,
        0.004598771069957267,
        0.0009988235539306778,
        0.002161689347779678,
        0.9366890135777768,
        0.0009988235539306778
      ],
      [
        0.9600829505066082,
        0.009412331993135141,
        0.000998861277073938,
        0.0022144044848753847,
        0.02629259046123356,
        0.000998861277073938
      ],
      [
        0.06737508217904412,
        0.009043234283404257,
        0.000998823538460621,
        0.0037765535895854783,
        0.917807482871045,
        0.000998823538460621
      ],
      [
        0.9584536872312507,
        0.011586045905096829,
        0.0009988612635888831,
        0.0011377875049894016,
        0.026824756831485417,
        0.0009988612635888831
      ],
      [
        0.6070429540148029,
        0.01113857639126056,
        0.0009987819767137925,
        0.005047454285574583,
        0.37477345135493445,
        0.0009987819767137925
      ],
      [
        0.9514261822990044,
        0.007860020197151067,
        0.0009988612853322272,
        0.0011377875297569103,
        0.03757828740342311,
        0.0009988612853322272
      ],
      [
        0.9530223105156215,
        0.011116726422164047,
        0.0009988612702791426,
        0.0011377875126101734,
        0.03272545300904596,
        0.0009988612702791426
      ],
      [
        0.9584652626485436,
        0.011579597764232298,
        0.0009988723459260307,
        0.0016690042240979865,
        0.026288390671274274,
        0.0009988723459260307
      ],
      [
        0.97826033446997,
        0.007130497916788552,
        0.0009987773024033126,
        0.0009987773024033126,
        0.011612835706031695,
        0.0009987773024033126
      ],
      [
        0.983264434602089,
        0.0038785056903851093,
        0.0009988963246515658,
        0.0019620749448410143,
        0.008897192113381936,
        0.0009988963246515658
      ],
      [
        0.9778568473732682,
        0.007087382392084457,
        0.0009988836492620995,
        0.0025074100290385015,
        0.010550592907084884,
        0.0009988836492620995
      ],
      [
        0.9822059629052486,
        0.0049291841843089376,
        0.0009988963256969921,
        0.0014237476284810534,
        0.009443312630567576,
        0.0009988963256969921
      ],
      [
        0.01795823404152894,
        0.004544030838131653,
        0.0009987284146892627,
        0.0009987284146892627,
        0.9745015498762717,
        0.0009987284146892627
      ],
      [
        0.021296825009977243,
        0.0032295677673071666,
        0.0009986405791011339,
        0.0009986405791011339,
        0.9724776854854124,
        0.0009986405791011339
      ],
      [
        0.9605003368014073,
        0.009655140722879468,
        0.0009999452654287188,
        0.001969666631144332,
        0.025831101878503532,
        0.0010438087006366824
      ],
      [
        0.0230359730694497,
        0.0071726765435315585,
        0.0009999579029270568,
        0.0015566304380708463,
        0.9661747453359865,
        0.0010600167100344815
      ],
      [
        0.020865018782740656,
        0.0070140209374768255,
        0.0009999432965885193,
        0.0009999432965885193,
        0.9690432317136618,
        0.0010778419729437565
      ],
      [
        0.9852932369727694,
        0.0020440944358360506,
        0.0019455888629545165,
        0.0009999728216098674,
        0.008467535294177118,
        0.0012495716126531733
      ],
      [
        0.9950224004417905,
        0.0009955199116420117,
        0.0009955199116420117,
        0.0009955199116420117,
        0.0009955199116420117,
        0.0009955199116420117
      ]
    ],
    [
      [
        0.9950224004417905,
        0.0009955199116420117,
        0.0009955199116420117,
        0.0009955199116420117,
        0.0009955199116420117,
        0.0009955199116420117
      ],
      [
        0.9627918805121806,
        0.004824387062813064,
        0.0047985846131077025,
        0.0029051899442576615,
        0.02365160659483043,
        0.0010283512728106459
      ],
      [
        0.1033644745226909,
        0.015055037593197014,
        0.000999827045617014,
        0.0036111829796922966,
        0.8759696508131859,
        0.000999827045617014
      ],
      [
        0.9243857480672464,
        0.017400322079982433,
        0.0009999110861112913,
        0.004926070748722443,
        0.051288036931826174,
        0.0009999110861112913
      ],
      [
        0.6436474519503248,
        0.023600302442580014,
        0.0009997344174857736,
        0.011227262152182825,
        0.31952551461994083,
        0.0009997344174857736
      ],
      [
        0.8870955492314666,
        0.02841745179003592,
        0.0009999110395534452,
        0.004926070519354805,
        0.0775611063800357,
        0.0009999110395534452
      ],
      [
        0.896711034921219,
        0.023579218361048232,
        0.0009999219079305764,
        0.009700352878295305,
        0.06799569536429753,
        0.0010137765672093499
      ],
      [
        0.9100081020490921,
        0.016216389568256794,
        0.0009999219345273236,
        0.006107817895350787,
        0.0656539920168015,
        0.001013776535971498
      ],
      [
        0.10805833702596504,
        0.02007930487336378,
        0.000999809067882499,
        0.004808323602274174,
        0.865054416362632,
        0.000999809067882499
      ],
      [
        0.9328041455650197,
        0.01615447890639614,
        0.0009999219246917648,
        0.007305329260064058,
        0.04172234775962565,
        0.0010137765842027772
      ],
      [
        0.943518250847662,
        0.01345578983305151,
        0.0009999328950234883,
        0.006775399804384381,
        0.034222746228375935,
        0.0010278803915026906
      ],
      [
        0.9651718877891796,
        0.008627038909529842,
        0.00099994525960859,
        0.0019696666196799906,
        0.022187652727440704,
        0.0010438086945612486
      ],
      [
        0.9753503219774898,
        0.008386161805127952,
        0.0009999578227182341,
        0.001556589971576861,
        0.012647003708944735,
        0.0010599647141424512
      ],
      [
        0.9789151398639526,
        0.008290614782740712,
        0.0009999721394878679,
        0.0015709631580370909,
        0.00914489618121866,
        0.0010784138745631143
      ],
      [
        0.9833583098671107,
        0.005151827799511358,
        0.000999944744603784,
        0.000999944744603784,
        0.008241014440949664,
        0.0012489584032207254
      ],
      [
        0.01690497549336138,
        0.00517514742844881,
        0.0009999449819714764,
        0.0009999449819714764,
        0.9746708759546283,
        0.0012491111596185356
      ],
      [
        0.9807285938582346,
        0.003451904358398495,
        0.0009999432147842578,
        0.0009999432147842578,
        0.012741829674981135,
        0.0010777856788171795
      ],
      [
        0.9831698841410704,
        0.007086496694008408,
        0.0009999145096330389,
        0.0009999145096330389,
        0.006684468328728346,
        0.0010593218169268638
      ],
      [
        0.9737184891108919,
        0.005997923922030998,
        0.0009999452193333,
        0.0031672058629160196,
        0.015072627232308625,
        0.0010438086525192494
      ],
      [
        0.9603557040002835,
        0.00976020399329238,
        0.000999932875933938,
        0.001985301980452957,
        0.025870976778157757,
        0.0010278803718795995
      ],
      [
        0.04594812365658423,
        0.008355577193331373,
        0.0009988235238267838,
        0.0010851132195268559,
        0.942613538882904,
        0.0009988235238267838
      ],
      [
        0.9654368392372379,
        0.005685880225471591,
        0.0009988612971447174,
        0.0016760959839643651,
        0.02520346195903671,
        0.0009988612971447174
      ],
      [
        0.60489373127205,
        0.08853229235527069,
        0.0009987819679342209,
        0.004509188657365933,
        0.3000672237794448,
        0.0009987819679342209
      ],
      [
        0.14427383391400853,
        0.011190609511970952,
        0.0009988154298244802,
        0.002161595439747187,
        0.8403763302746244,
        0.0009988154298244802
      ],
      [
        0.9513876768477286,
        0.006848331480035239,
        0.0009988723656836425,
        0.0022073186629431637,
        0.03755892827792582,
        0.0009988723656836425
      ],
      [
        0.864870547428539,
        0.011626821386407988,
        0.0009988612816734916,
        0.0022144044950722684,
        0.11929050412663399,
        0.0009988612816734916
      ],
      [
        0.8680363191652317,
        0.01118005837952295,
        0.00099886131115245,
        0.0016760960074694345,
        0.11710980382547116,
        0.00099886131115245
      ],
      [
        0.8322054712436157,
        0.01280710560856556,
        0.0009987819412819506,
        0.0034326572934398353,
        0.14955720197181513,
        0.0009987819412819506
      ],
      [
        0.14099513775388006,
        0.010184017182903973,
        0.0009988154376639087,
        0.002699879182776692,
        0.8441233350051116,
        0.0009988154376639087
      ],
      [
        0.8864318054292234,
        0.007826252029985265,
        0.0009988723613975996,
        0.0032839475651726033,
        0.10046025025282371,
        0.0009988723613975996
      ],
      [
        0.9772687444512523,
        0.006081859363205727,
        0.0009988836084915043,
        0.0014307689970352898,
        0.013220859971523611,
        0.0009988836084915043
      ],
      [
        0.8870002684671402,
        0.08788095930135438,
        0.0009988723790644591,
        0.001669004174812958,
        0.021452023298563508,
        0.0009988723790644591
      ],
      [
        0.9778007346084923,
        0.006090900867013698,
        0.0009988836200954425,
        0.001969089484740201,
        0.01214150779956307,
        0.0009988836200954425
      ],
      [
        0.032552618891760796,
        0.005448304687664524,
        0.0009986406121196972,
        0.0009986406121196972,
        0.9590031545842158,
        0.0009986406121196972
      ],
      [
        0.9698442539077806,
        0.008243442689957813,
        0.0009988724003901367,
        0.0016690042104457832,
        0.018245554391035708,
        0.0009988724003901367
      ],
      [
        0.959698507414751,
        0.011071082660026453,
        0.0009999323077873553,
        0.0013859419270522946,
        0.025817252898092485,
        0.0010272827922903735
      ],
      [
        0.0387395440245575,
        0.011334442078067586,
        0.0009999453296620888,
        0.0030456716479461167,
        0.9448365969845441,
        0.001043799935222621
      ],
      [
        0.9843253757166209,
        0.007144806125240813,
        0.000999914535938404,
        0.000999914535938404,
        0.005470667241466472,
        0.0010593218447950935
      ],
      [
        0.9865087745191277,
        0.00205206562227442,
        0.0013453032912305758,
        0.0009999717573566033,
        0.008015855231867078,
        0.0010780295781436524
      ],
      [
        0.9950224004417905,
        0.0009955199116420117,
        0.0009955199116420117,
        0.0009955199116420117,
        0.0009955199116420117,
        0.0009955199116420117
      ]
    ],
    [
      [
        0.9950224004417905,
        0.0009955199116420117,
        0.0009955199116420117,
        0.0009955199116420117,
        0.0009955199116420117,
        0.0009955199116420117
      ],
      [
        0.9686490285692462,
        0.002478841906255948,
        0.0036443492304250934,
        0.004122807615528361,
        0.02006071977520058,
        0.0010442529033438499
      ],
      [
        0.9543776206182188,
        0.013339151343802123,
        0.0009999328528867992,
        0.004380350726783331,
        0.02587506411012065,
        0.0010278803481883077
      ],
      [
        0.9310509797799243,
        0.014949689214814219,
        0.000999921299755888,
        0.0019159301273341197,
        0.050070300616554556,
        0.0010131789616168382
      ],
      [
        0.905168558393417,
        0.017482051175996622,
        0.0009999111058983773,
        0.00971606541723948,
        0.06563350280155003,
        0.0009999111058983773
      ],
      [
        0.8930746056286505,
        0.023639507706055454,
        0.0009999111305740386,
        0.0061235692326617845,
        0.07516249517148417,
        0.0009999111305740386
      ],
      [
        0.16185595221976332,
        0.023695385988746966,
        0.0009998270563235192,
        0.0036111830183621343,
        0.8088378246604807,
        0.0009998270563235192
      ],
      [
        0.903919250731606,
        0.01635857035003259,
        0.0009999110779636679,
        0.009716065145799887,
        0.06800629161663425,
        0.0009999110779636679
      ],
      [
        0.6424905822842618,
        0.02593715240750848,
        0.0009997344826437346,
        0.01122726195284738,
        0.318345534390095,
        0.0009997344826437346
      ],
      [
        0.9326943133702323,
        0.017505924374275023,
        0.0009999111049672203,
        0.003728572607389961,
        0.04407136743816831,
        0.0009999111049672203
      ],
      [
        0.9244398187383779,
        0.019720941370726202,
        0.0009999219074649877,
        0.0025152839831883143,
        0.05131025743350533,
        0.0010137765667373102
      ],
      [
        0.9579151126414381,
        0.017010411225220273,
        0.0009999328791931296,
        0.0031828265308804543,
        0.01986383634803821,
        0.0010278803752298833
      ],
      [
        0.9748108153425575,
        0.0085433056442848,
        0.000999945247502722,
        0.0019696665958341616,
        0.012632458487896413,
        0.0010438086819243469
      ],
      [
        0.9783506782551032,
        0.007135027866176183,
        0.0009999145236004893,
        0.0009999145236004893,
        0.0114551429997956,
        0.0010593218317241537
      ],
      [
        0.9891399268949679,
        0.003439359102571303,
        0.0009999716111084443,
        0.001569768289891757,
        0.0037731578157539237,
        0.0010778162857067377
      ],
      [
        0.988578710319188,
        0.0027937241305865533,
        0.0009999710002541007,
        0.002763760306208963,
        0.003786614412801848,
        0.0010772198309606195
      ],
      [
        0.9867546099806991,
        0.0035035705014283443,
        0.000999914529303865,
        0.000999914529303865,
        0.006682668621498513,
        0.0010593218377663806
      ],
      [
        0.984278993469137,
        0.005899774569606035,
        0.0009999432346890175,
        0.0009999432346890175,
        0.006743559791607303,
        0.0010777857002714627
      ],
      [
        0.9759921450333555,
        0.0029589746025202577,
        0.0009999572689775684,
        0.003948114436952049,
        0.015041441541488591,
        0.001059367116706096
      ],
      [
        0.042334954433596646,
        0.011330451981845445,
        0.0009999453371118548,
        0.004243210668622509,
        0.9400476376358244,
        0.0010437999429991115
      ],
      [
        0.9783175003633489,
        0.006660015204452294,
        0.0009988836068188646,
        0.0014307689946394541,
        0.011593948223921721,
        0.0009988836068188646
      ],
      [
        0.9525861952458395,
        0.009904089146643627,
        0.000998872363279277,
        0.003822262080551198,
        0.03168970880040717,
        0.000998872363279277
      ],
      [
        0.9648735660656795,
        0.00787477818281225,
        0.000998861283868733,
        0.0027527131428452343,
        0.02250122004092564,
        0.000998861283868733
      ],
      [
        0.9573512225556571,
        0.010018097531332157,
        0.0009988723462396436,
        0.0022073186199756106,
        0.028425616600555884,
        0.0009988723462396436
      ],
      [
        0.9632686876828619,
        0.007702139593535855,
        0.0009988835991874459,
        0.001969089443524472,
        0.02506231608170311,
        0.0009988835991874459
      ],
      [
        0.95999827192925,
        0.00631349816696153,
        0.000998872355020804,
        0.0022073186393803115,
        0.029483166554366648,
        0.000998872355020804
      ],
      [
        0.9536025194514403,
        0.01214349826562771,
        0.000998872362652051,
        0.0016690042520453,
        0.03058723330558281,
        0.000998872362652051
      ],
      [
        0.956749244756295,
        0.007945767010820658,
        0.000998861250835576,
        0.0016760960109117927,
        0.03163116972030163,
        0.000998861250835576
      ],
      [
        0.1378070501712271,
        0.010619108664631297,
        0.0009988235227815097,
        0.004314842555469856,
        0.8452613515631088,
        0.0009988235227815097
      ],
      [
        0.8100154337758132,
        0.008856027323225582,
        0.0009988836071324846,
        0.0019690894591864487,
        0.17716168222750991,
        0.0009988836071324846
      ],
      [
        0.8063334001381506,
        0.16371618846255043,
        0.0009988723813642872,
        0.002207318488283128,
        0.025745348148287536,
        0.0009988723813642872
      ],
      [
        0.05177065686059343,
        0.00854124294259321,
        0.0009988154598233605,
        0.0032381628760317607,
        0.9344523064011351,
        0.0009988154598233605
      ],
      [
        0.8805265660678061,
        0.008879714787629656,
        0.0009988723285727851,
        0.0011306897046144593,
        0.10746528478280437,
        0.0009988723285727851
      ],
      [
        0.05988207761525016,
        0.08638418713789428,
        0.0009988235479726154,
        0.002161689334885028,
        0.8495743988160254,
        0.0009988235479726154
      ],
      [
        0.9643647240478498,
        0.006217758955648798,
        0.0009988612996535654,
        0.0016760959881742287,
        0.0257436984090203,
        0.0009988612996535654
      ],
      [
        0.9197349222168554,
        0.01600677425255174,
        0.0009999219203268722,
        0.003712795202294015,
        0.05853180988639797,
        0.0010137765215742895
      ],
      [
        0.04499882409027283,
        0.010763012920653006,
        0.0009998451354650045,
        0.0017963233783079623,
        0.9404421493398364,
        0.0009998451354650045
      ],
      [
        0.970696566148942,
        0.005459151183432306,
        0.000999944694940008,
        0.004361160762354641,
        0.017439966108166966,
        0.0010432111021641283
      ],
      [
        0.9825541946486708,
        0.0020228484884934543,
        0.0013172106065641434,
        0.0015568089365838767,
        0.011488730902752415,
        0.0010602064169354308
      ],
      [
        0.9950224004417905,
        0.0009955199116420117,
        0.0009955199116420117,
        0.0009955199116420117,
        0.0009955199116420117,
        0.0009955199116420117
      ]
    ],
    [
      [
        0.9950224004417905,
        0.0009955199116420117,
        0.0009955199116420117,
        0.0009955199116420117,
        0.0009955199116420117,
        0.0009955199116420117
      ],
      [
        0.9710740470965504,
        0.0024396787987491417,
        0.004843149952651873,
        0.0065204099280105786,
        0.014078461376614861,
        0.0010442528474230155
      ],
      [
        0.9543552535746389,
        0.009778531219281,
        0.0009999328535851974,
        0.0019853019360809793,
        0.0318531000675077,
        0.0010278803489062256
      ],
      [
        0.9329230365968733,
        0.01718214679146511,
