{"prediction": [[[0.9950224004417905, 0.0009955199116420117, 0.0009955199116420117, 0.0009955199116420117, 0.0009955199116420117, 0.0009955199116420117], [0.9950224004417905, 0.0009955199116420117, 0.0009955199116420117, 0.0009955199116420117, 0.0009955199116420117, 0.0009955199116420117], [0.9950224004417905, 0.0009955199116420117, 0.0009955199116420117, 0.0009955199116420117, 0.0009955199116420117, 0.0009955199116420117], [0.9950224004417905, 0.0009955199116420117, 0.0009955199116420117, 0.0009955199116420117, 0.0009955199116420117, 0.0009955199116420117], [0.9950224004417905, 0.0009955199116420117, 0.0009955199116420117, 0.0009955199116420117, 0.0009955199116420117, 0.0009955199116420117], [0.9950224004417905, 0.0009955199116420117, 0.0009955199116420117, 0.0009955199116420117, 0.0009955199116420117, 0.0009955199116420117], [0.9950224004417905, 0.0009955199116420117, 0.0009955199116420117, 0.0009955199116420117, 0.0009955199116420117, 0.0009955199116420117], [0.9950224004417905, 0.0009955199116420117, 0.0009955199116420117, 0.0009955199116420117, 0.0009955199116420117, 0.0009955199116420117], [0.9950224004417905, 0.0009955199116420117, 0.0009955199116420117, 0.0009955199116420117, 0.0009955199116420117, 0.0009955199116420117], [0.9950224004417905, 0.0009955199116420117, 0.0009955199116420117, 0.0009955199116420117, 0.0009955199116420117, 0.0009955199116420117], [0.9950224004417905, 0.0009955199116420117, 0.0009955199116420117, 0.0009955199116420117, 0.0009955199116420117, 0.0009955199116420117], [0.9950224004417905, 0.0009955199116420117, 0.0009955199116420117, 0.0009955199116420117, 0.0009955199116420117, 0.0009955199116420117], [0.9950224004417905, 0.0009955199116420117, 0.0009955199116420117, 0.0009955199116420117, 0.0009955199116420117, 0.0009955199116420117], [0.9950224004417905, 0.0009955199116420117, 0.0009955199116420117, 0.0009955199116420117, 0.0009955199116420117, 0.0009955199116420117], [0.9950224004417905, 0.0009955199116420117, 0.0009955199116420117, 0.0009955199116420117, 0.0009955199116420117, 0.0009955199116420117], [0.9950224004417905, 0.0009955199116420117, 0.0009955199116420117, 0.0009955199116420117, 0.0009955199116420117, 0.0009955199116420117], [0.9950224004417905, 0.0009955199116420117, 0.0009955199116420117, 0.0009955199116420117, 0.0009955199116420117, 0.0009955199116420117], [0.9950224004417905, 0.0009955199116420117, 0.0009955199116420117, 0.0009955199116420117, 0.0009955199116420117, 0.0009955199116420117], [0.9950224004417905, 0.0009955199116420117, 0.0009955199116420117, 0.0009955199116420117, 0.0009955199116420117, 0.0009955199116420117], [0.9950224004417905, 0.0009955199116420117, 0.0009955199116420117, 0.0009955199116420117, 0.0009955199116420117, 0.0009955199116420117], [0.9950224004417905, 0.0009955199116420117, 0.0009955199116420117, 0.0009955199116420117, 0.0009955199116420117, 0.0009955199116420117], [0.9950224004417905, 0.0009955199116420117, 0.0009955199116420117, 0.0009955199116420117, 0.0009955199116420117, 0.0009955199116420117], [0.9950224004417905, 0.0009955199116420117, 0.0009955199116420117, 0.0009955199116420117, 0.0009955199116420117, 0.0009955199116420117], [0.9950224004417905, 0.0009955199116420117, 0.0009955199116420117, 0.0009955199116420117, 0.0009955199116420117, 0.0009955199116420117], [0.9950224004417905, 0.0009955199116420117, 0.0009955199116420117, 0.0009955199116420117, 0.0009955199116420117, 0.0009955199116420117], [0.9950224004417905, 0.0009955199116420117, 0.0009955199116420117, 0.0009955199116420117, 0.0009955199116420117, 0.0009955199116420117], [0.9950224004417905, 0.0009955199116420117, 0.0009955199116420117, 0.0009955199116420117, 0.0009955199116420117, 0.0009955199116420117], [0.9950224004417905, 0.0009955199116420117, 0.0009955199116420117, 0.0009955199116420117, 0.0009955199116420117, 0.0009955199116420117], [0.9950224004417905, 0.0009955199116420117, 0.0009955199116420117, 0.0009955199116420117, 0.0009955199116420117, 0.0009955199116420117], [0.9950224004417905, 0.0009955199116420117, 0.0009955199116420117, 0.0009955199116420117, 0.0009955199116420117, 0.0009955199116420117], [0.9950224004417905, 0.0009955199116420117, 0.0009955199116420117, 0.0009955199116420117, 0.0009955199116420117, 0.0009955199116420117], [0.9950224004417905, 0.0009955199116420117, 0.0009955199116420117, 0.0009955199116420117, 0.0009955199116420117, 0.0009955199116420117], [0.9950224004417905, 0.0009955199116420117, 0.0009955199116420117, 0.0009955199116420117, 0.0009955199116420117, 0.0009955199116420117], [0.9950224004417905, 0.0009955199116420117, 0.0009955199116420117, 0.0009955199116420117, 0.0009955199116420117, 0.0009955199116420117], [0.9950224004417905, 0.0009955199116420117, 0.0009955199116420117, 0.0009955199116420117, 0.0009955199116420117, 0.0009955199116420117], [0.9950224004417905, 0.0009955199116420117, 0.0009955199116420117, 0.0009955199116420117, 0.0009955199116420117, 0.0009955199116420117], [0.9950224004417905, 0.0009955199116420117, 0.0009955199116420117, 0.0009955199116420117, 0.0009955199116420117, 0.0009955199116420117], [0.9950224004417905, 0.0009955199116420117, 0.0009955199116420117, 0.0009955199116420117, 0.0009955199116420117, 0.0009955199116420117], [0.9950224004417905, 0.0009955199116420117, 0.0009955199116420117, 0.0009955199116420117, 0.0009955199116420117, 0.0009955199116420117], [0.9950224004417905, 0.0009955199116420117, 0.0009955199116420117, 0.0009955199116420117, 0.0009955199116420117, 0.0009955199116420117]], [[0.9950224004417905, 0.0009955199116420117, 0.0009955199116420117, 0.0009955199116420117, 0.0009955199116420117, 0.0009955199116420117], [0.9488890320529692, 0.030070447080986547, 0.015470890060342623, 0.0029625108626187995, 0.0013823787737066867, 0.0012247411693761703], [0.9478791312544682, 0.03146346754961651, 0.015470335202744875, 0.0029624046132915713, 0.000999964135379698, 0.0012246972444991625], [0.003789212517633563, 0.027577350220058847, 0.01401907431968474, 0.002968745150050886, 0.9504182992863238, 0.0012273185062481274], [0.9950224004417905, 0.0009955199116420117, 0.0009955199116420117, 0.0009955199116420117, 0.0009955199116420117, 0.0009955199116420117], [0.005286898535978237, 0.02543779876528074, 0.01401907431968474, 0.002968745150050886, 0.9510601647227572, 0.0012273185062481274], [0.9471455743904095, 0.03220164263898194, 0.01546687661214773, 0.0029617423299857348, 0.0009997405806531337, 0.0012244234478219307], [0.9482113309838673, 0.031038591465417792, 0.015470890060342623, 0.0029625108626187995, 0.0010919354583773131, 0.0012247411693761703], [0.9479874057179959, 0.03135451142677654, 0.015470845697649655, 0.00296250236763504, 0.0009999971325054479, 0.0012247376574375391], [0.9444899263408731, 0.03487400974825194, 0.015454355702285831, 0.00295934470894835, 0.000998931260063752, 0.0012234322395768909], [0.01389873763825068, 0.07750001623557706, 0.056964723000398135, 0.008885862083627565, 0.8415698826101362, 0.001180778432010473], [0.7684413883712803, 0.10455644647294418, 0.08408680280174193, 0.018895157391390686, 0.022970715297604073, 0.001049489665038822], [0.059057422750762, 0.1215650124658058, 0.09740377576582233, 0.020988308761728847, 0.6999378756929061, 0.001047604562974816], [0.6724728457660099, 0.15052884970073935, 0.11645525755776913, 0.025899720009271376, 0.033595404527822254, 0.0010479224383881445], [0.5991661962331362, 0.164925162647196, 0.1549770622866503, 0.034048006977702806, 0.04586207895827997, 0.001021492897034652], [0.5648303493770872, 0.18342822949294282, 0.15941815182170074, 0.03312504479571193, 0.05819334187201995, 0.0010048826405374461], [0.4707574533579803, 0.20121176545469416, 0.22659786764068612, 0.03597305515508598, 0.06445989149530604, 0.000999966896247351], [0.43191927430055904, 0.23114004968089133, 0.22479712565698468, 0.03073735023371163, 0.08040625484272748, 0.0009999452851259826], [0.1360471623152065, 0.22197130522151282, 0.21496591460191805, 0.038161767344502925, 0.38785393393324086, 0.0009999165836188932], [0.4362105220529658, 0.2268599633544395, 0.2344798770471643, 0.033232465965777835, 0.0682172086679494, 0.000999962911703109], [0.43095440408625946, 0.22801793342341523, 0.22456705703351879, 0.033252059269282604, 0.08220860272951502, 0.0009999434580090475], [0.15512611203438265, 0.20514485569596766, 0.2218617313316608, 0.030591637901148393, 0.38627574540448034, 0.0009999176323603816], [0.551511788965646, 0.19313867193055692, 0.14874753295659146, 0.0370201050329551, 0.06857840360849211, 0.0010034975057582618], [0.137810882292937, 0.19838040151169647, 0.14112504682653496, 0.03563161911949953, 0.4860520813073365, 0.000999968941995523], [0.4673028572500665, 0.21619686147420028, 0.22193562681812623, 0.03191673459779726, 0.06164795465289621, 0.0009999652069135995], [0.5585754026415127, 0.18482576517910174, 0.15220765166610364, 0.03634636982337586, 0.06703670649828773, 0.0010081041916182585], [0.5689600228908535, 0.1700143917071315, 0.15750195543254827, 0.031544967534151, 0.07095341080774606, 0.0010252516275697549], [0.5578117084950835, 0.19047301285691376, 0.15036869796348293, 0.034779510203090794, 0.06555675287264341, 0.001010317608785674], [0.449407215146479, 0.21613013826546934, 0.23428792935634876, 0.03272021880634254, 0.06645453463938943, 0.0009999637859708934], [0.1295374573727755, 0.18187244250844625, 0.1571459718764191, 0.03718479279036329, 0.4932593672158905, 0.0009999682361052863], [0.5495786113406708, 0.20206561172406814, 0.14874753406484698, 0.0322249003895224, 0.06637984496765684, 0.001003497513234901], [0.14109461943217094, 0.21468914708920514, 0.2116950247930806, 0.03945764980674657, 0.39206364185498793, 0.0009999170238088632], [0.4150111442625176, 0.24321123983039247, 0.21871587561674607, 0.03739811444842116, 0.08466368335276964, 0.0009999424891530232], [0.4554762653444492, 0.20754438636130088, 0.2187051620608656, 0.04486572017221425, 0.07240850217226454, 0.0009999638889055032], [0.5465285937983736, 0.19157132692589934, 0.16106536075823488, 0.032363637090878104, 0.06746886032139487, 0.0010022211052191801], [0.5376726502182745, 0.19760967379632846, 0.16215199742655184, 0.03730643772021831, 0.06425924151301164, 0.0009999993256151582], [0.1256568200199897, 0.2399866774042768, 0.22958926818052414, 0.041206478706547506, 0.36256083304485925, 0.0009999226438025515], [0.4136706597120414, 0.25791377659077064, 0.22688853223283342, 0.033466627099742796, 0.06706046020797708, 0.0009999441566346712], [0.4517589267755386, 0.1935946200126076, 0.26531258603227426, 0.0342085019672165, 0.05412539554967164, 0.0009999696626916228], [0.9950224004417905, 0.0009955199116420117, 0.0009955199116420117, 0.0009955199116420117, 0.0009955199116420117, 0.0009955199116420117]], [[0.9950224004417905, 0.0009955199116420117, 0.0009955199116420117, 0.0009955199116420117, 0.0009955199116420117, 0.0009955199116420117], [0.003797026367159158, 0.027566187577879424, 0.01401907431968474, 0.002968745150050886, 0.9504216480789777, 0.0012273185062481274], [0.0011567842068375064, 0.05384450929043834, 0.0020498055093436515, 0.004099611018687303, 0.9376290099181418, 0.0012202800565513491], [0.8438513572863058, 0.07932415419858525, 0.057166336581338614, 0.010293107694700859, 0.00818665157407277, 0.0011783926649967652], [0.9950224004417905, 0.0009955199116420117, 0.0009955199116420117, 0.0009955199116420117, 0.0009955199116420117, 0.0009955199116420117], [0.9950224004417905, 0.0009955199116420117, 0.0009955199116420117, 0.0009955199116420117, 0.0009955199116420117, 0.0009955199116420117], [0.8481853681437417, 0.07313271011653384, 0.05716633658133861, 0.010293107694700857, 0.010044084798688187, 0.001178392664996765], [0.946719643303128, 0.03263025524397899, 0.015464868422563963, 0.002961357783044163, 0.0009996107762542963, 0.001224264471030708], [0.9465853517093469, 0.04634283466620194, 0.0020549320717030985, 0.002794707617516214, 0.0009988419589850963, 0.0012233319762468442], [0.8433663572778852, 0.13159876307951826, 0.0019819383689731475, 0.012842960630945996, 0.00903010291576747, 0.001179877726909931], [0.7337411496236415, 0.21196311280210003, 0.0012684538390257954, 0.027671006008601326, 0.024319336847097674, 0.0010369408795337497], [0.6903669858684126, 0.24783095033083236, 0.0012541647686292491, 0.02089837759508839, 0.03861842836511287, 0.0010310930719247082], [0.07070706562638227, 0.2671339931086007, 0.0012568296764327593, 0.0243644702555979, 0.6355032614246059, 0.0010343799083805784], [0.5990351323474149, 0.3252104466898437, 0.0012217866070740756, 0.030911625206694535, 0.042606379596222675, 0.0010146295527500963], [0.5544178585786965, 0.34747154544572084, 0.0012045912089777185, 0.040815664673916736, 0.05508612132630643, 0.0010042187663817665], [0.4402014827152297, 0.433242702331063, 0.0011494462360128316, 0.0427613275467115, 0.08164506892171053, 0.0009999722492725492], [0.4301196584463863, 0.44132392986073854, 0.001134381607265102, 0.0486158796491297, 0.07780618824402144, 0.0009999621924591002], [0.27616088366464137, 0.5143676225921077, 0.0010087813489778404, 0.05239836570085648, 0.15506443266330106, 0.00099991403011563], [0.1691304438781633, 0.4685720414865395, 0.0010965951638259397, 0.044901257119749495, 0.3152997194704655, 0.0009999428812562643], [0.1598987673428301, 0.45866003298957925, 0.001079994367781929, 0.05775780185758418, 0.32160347714263293, 0.00099992629959181], [0.29782786877774237, 0.5049007016876773, 0.0010145238114314993, 0.0417469765131064, 0.15351000895130376, 0.000999920258738693], [0.41957284003810863, 0.46118174494870595, 0.001131297388566013, 0.03722163656181594, 0.07989252191554651, 0.000999959147257106], [0.4266749273184649, 0.4515212431276096, 0.001151888286837425, 0.038640404599536944, 0.08101156192508935, 0.0009999747424618687], [0.42569635230772074, 0.42929626866090537, 0.0011479753670207867, 0.05315604248906886, 0.08970339040073237, 0.0009999707745518697], [0.16821771016905854, 0.4258488706893188, 0.0010872459702475235, 0.04102437485886736, 0.36282186429374047, 0.00099993401876747], [0.42445813163229357, 0.4431143566078491, 0.001148413365907221, 0.04686891071665815, 0.08341021641682769, 0.000999971260464311], [0.5311279326627892, 0.36388437350362823, 0.0012056503474857495, 0.043771933160740906, 0.05900483241075055, 0.0010052779146052526], [0.157777228095225, 0.40194879050661847, 0.0010878643691152228, 0.045742796439189354, 0.39244338988855865, 0.0009999307012933593], [0.17322371153975727, 0.42944581576655194, 0.001096612398680774, 0.04864614412843818, 0.3465877727977471, 0.000999943368824832], [0.13745772218604707, 0.445493465575282, 0.0010941887780506869, 0.04175702282510199, 0.37319766361898676, 0.0009999370165315001], [0.44182794206547016, 0.43686649600581107, 0.0011450268469436428, 0.04349366520329823, 0.07566690200985174, 0.000999967868625249], [0.17261409989943213, 0.43228065373817404, 0.0010818925710196273, 0.04610255023410517, 0.34692087489689605, 0.0009999286603730223], [0.2883501396825878, 0.5120157322068442, 0.0010151059494941956, 0.05186259672543687, 0.14575650514743063, 0.0009999202882064082], [0.40619304038186776, 0.4578765665913743, 0.001132819850607611, 0.04868055267747419, 0.08511705987730754, 0.0009999606213686966], [0.15148919759489146, 0.42191150856515575, 0.0010893880593449414, 0.044674714389478655, 0.37983525917534855, 0.0009999322157808832], [0.4425827311307356, 0.44580870169224274, 0.001154153349940291, 0.041989386872684914, 0.0674650499923824, 0.000999976962014111], [0.1596955523391101, 0.4525130227451373, 0.0013898010049545224, 0.049132771930821106, 0.3362689262576149, 0.0009999257223620476], [0.25692651954306917, 0.534202754442488, 0.0010113250451102135, 0.05450085670618868, 0.15235862773676517, 0.0009999165263789884], [0.4007744349204712, 0.24288655859677777, 0.2460682800452208, 0.034265781972173094, 0.07500500031058499, 0.000999944154772234], [0.9950224004417905, 0.0009955199116420117, 0.0009955199116420117, 0.0009955199116420117, 0.0009955199116420117, 0.0009955199116420117]], [[0.9950224004417905, 0.0009955199116420117, 0.0009955199116420117, 0.0009955199116420117, 0.0009955199116420117, 0.0009955199116420117], [0.0013959136391994333, 0.03099634861782189, 0.01401907431968474, 0.002968745150050886, 0.949392599766995, 0.0012273185062481274], [0.8431446256952132, 0.1319155224833351, 0.001981938368973147, 0.012842960630945992, 0.00893507509462241, 0.0011798777269099309], [0.7472797519670304, 0.2076633874236502, 0.0012689150369587653, 0.020936431373712636, 0.021814112126800633, 0.0010374020718472994], [0.04933993410884429, 0.11167222016621049, 0.0840190430222521, 0.012931782390984458, 0.7409978833327824, 0.0010391369789263093], [0.9950224004417905, 0.0009955199116420117, 0.0009955199116420117, 0.0009955199116420117, 0.0009955199116420117, 0.0009955199116420117], [0.9950224004417905, 0.0009955199116420117, 0.0009955199116420117, 0.0009955199116420117, 0.0009955199116420117, 0.0009955199116420117], [0.9950224004417905, 0.0009955199116420117, 0.0009955199116420117, 0.0009955199116420117, 0.0009955199116420117, 0.0009955199116420117], [0.8423783993518126, 0.08142837981928987, 0.057166336581338614, 0.010293107694700859, 0.007555383887861381, 0.0011783926649967652], [0.7369889349333326, 0.21265796159001815, 0.0012672803861707067, 0.023518564972551666, 0.024531490689954624, 0.0010357674279723404], [0.04907207116701724, 0.24542196266279187, 0.0012483928995685037, 0.021905265283702947, 0.6813263648554031, 0.001025943131516323], [0.6268236785747158, 0.30054725583004593, 0.001215135638191574, 0.02908720999358958, 0.04131874137186034, 0.0010079785915968543], [0.6611485688872915, 0.2715672402254783, 0.0012541484813921213, 0.027002942812142775, 0.03799602281066993, 0.0010310767830255668], [0.0998010016819062, 0.29353203970120506, 0.0012586422838182965, 0.03164218303576976, 0.5727299407921134, 0.00103619250518737], [0.5684761193201209, 0.3359723122784642, 0.001232419384201973, 0.0352391053522213, 0.05805478133704286, 0.001025262327948693], [0.5422489468953101, 0.34437501530924525, 0.0012106488408069665, 0.04149064944073571, 0.06966446311867679, 0.0010102763952252326], [0.42332055149669395, 0.4351708989114775, 0.0011628018653166122, 0.04616917076534203, 0.09317659567912177, 0.000999981282048281], [0.4172376115220667, 0.4397709880574944, 0.0011308826711467067, 0.04869357255183245, 0.09216698647931766, 0.0009999587181421482], [0.4413770415264235, 0.4331084864086783, 0.0011465031685519622, 0.048169434966172875, 0.0751985645962644, 0.0009999693339089908], [0.43725062921237157, 0.4184942223681643, 0.0011523710541861136, 0.04660570168976777, 0.09549710049741711, 0.0009999751780932237], [0.17364906272734157, 0.4420329925158173, 0.0010791702757040156, 0.04355885043302866, 0.3386799980621881, 0.0009999259859205698], [0.4385166043212855, 0.43747781709136097, 0.0011539136947933098, 0.050115091264781426, 0.0717365969181612, 0.0009999767096178773], [0.43530971869629764, 0.4366472305475567, 0.0011529762032263004, 0.046909031747537654, 0.07898106698930558, 0.0009999758160762241], [0.4397080241897064, 0.4323235277006393, 0.0011470884413431483, 0.03741453233167796, 0.08840685241681191, 0.0009999749198213144], [0.31421964448224654, 0.47164842838661086, 0.0010236810765731775, 0.05460746921098513, 0.1575008474003231, 0.000999929443261209], [0.4226730170089499, 0.4269939880745589, 0.0011336586627481828, 0.04736256566729774, 0.10083680908253918, 0.0009999615039062552], [0.17584091013914804, 0.452818491265393, 0.0010735690706108075, 0.06673008684567933, 0.3025370164387479, 0.0009999262404210962], [0.4294905128684385, 0.43752550367659254, 0.0011346519318220852, 0.04503913564096222, 0.08581023337501009, 0.0009999625071747498], [0.31447581477929776, 0.4639462066755942, 0.0010220238483219194, 0.0441450513437023, 0.1754109761209981, 0.000999927232085724], [0.4418533619806008, 0.41657611333531147, 0.00114736384752137, 0.0494611978697031, 0.08996198783154977, 0.0009999751353135244], [0.43962188074253655, 0.42946050093413063, 0.0011529761893452003, 0.04371549793529744, 0.08504916841989425, 0.000999975778796022], [0.4372062189786796, 0.4189317869464489, 0.0011512674477613053, 0.0469371179529174, 0.09477363461329166, 0.0009999740609012075], [0.4229896166666675, 0.43742591582369234, 0.0011382330680450336, 0.04482371243879374, 0.09262255597455353, 0.0009999660282479486], [0.47055589775549017, 0.4161843845513034, 0.0011564034693421154, 0.04261265453920924, 0.06849068049191104, 0.000999979192743999], [0.5508063881220562, 0.3282258995029198, 0.0011974686069601498, 0.04950038701208991, 0.06926985967250988, 0.0009999970834641838], [0.166386598673186, 0.3405562527376426, 0.0011313584987636086, 0.04049682723498319, 0.45042900337419695, 0.000999959481227638], [0.435458822024975, 0.4409983085849614, 0.0011550545519448787, 0.05501426953474528, 0.06637356745051912, 0.0009999778528543826], [0.39980974122774704, 0.4723091782343318, 0.0011577550535941906, 0.05406114457674938, 0.07166222166446536, 0.0009999592431122147], [0.11812885202327256, 0.24546246618930687, 0.221174672793863, 0.03805517339506241, 0.37617891314071344, 0.000999922457781658], [0.9950224004417905, 0.0009955199116420117, 0.0009955199116420117, 0.0009955199116420117, 0.0009955199116420117, 0.0009955199116420117]], [[0.9950224004417905, 0.0009955199116420117, 0.0009955199116420117, 0.0009955199116420117, 0.0009955199116420117, 0.0009955199116420117], [0.8424640917207344, 0.08130596214940149, 0.057166336581338614, 0.010293107694700859, 0.007592109188827898, 0.0011783926649967652], [0.6376980994118091, 0.33481176058369505, 0.0009990366401298196, 0.013430483448921704, 0.012061583275314605, 0.0009990366401298196], [0.7782628843717068, 0.192369006037411, 0.0009990302033506112, 0.01207527517674042, 0.01529477400744065, 0.0009990302033506112], [0.03455174719500763, 0.4398367673029579, 0.0009989945824846345, 0.013037057916113034, 0.5105764384209523, 0.0009989945824846345], [0.7172341063286806, 0.05790269185519124, 0.20250238450036562, 0.009527133037388072, 0.011834216314032375, 0.0009994679643421703], [0.9950237620955412, 0.0009952475808918438, 0.0009952475808918438, 0.0009952475808918438, 0.0009952475808918438, 0.0009952475808918438], [0.9950237620955412, 0.0009952475808918438, 0.0009952475808918438, 0.0009952475808918438, 0.0009952475808918438, 0.0009952475808918438], [0.023369438872409432, 0.12952839286796503, 0.037628252064072464, 0.009277653345895689, 0.7991967886901692, 0.0009994741594883672], [0.029659234985344063, 0.34498056044086006, 0.0009990265186113948, 0.011652541405437013, 0.6117096101311362, 0.0009990265186113948], [0.041115181809013066, 0.1284855965848971, 0.000998999182472095, 0.015279318915089766, 0.8131219043260559, 0.000998999182472095], [0.0476360324198112, 0.30679401718741994, 0.0009989417594017365, 0.015144185201053087, 0.6284278816729123, 0.0009989417594017365], [0.27123715086140576, 0.6077802760948571, 0.0009990087798232758, 0.016749445639247393, 0.10223510984484334, 0.0009990087798232758], [0.8099225692986383, 0.13742061607712042, 0.0009990076745709485, 0.01966904503301035, 0.030989754242089166, 0.0009990076745709485], [0.5630978220466637, 0.38637306864503507, 0.0009989970320131894, 0.016386168513436893, 0.03214494673083804, 0.0009989970320131894], [0.5201425159902384, 0.33883024291364716, 0.0009989582904692954, 0.01917527918776026, 0.11985404532741567, 0.0009989582904692954], [0.43088392735960923, 0.2744430470090831, 0.0009989450719892824, 0.019339626362580218, 0.27333550912474913, 0.0009989450719892824], [0.45550979986830786, 0.4118920786661505, 0.001167277210870205, 0.041452872119541385, 0.0889779863551114, 0.000999985780018574], [0.15243110234974844, 0.34321571359738645, 0.0011297679738055478, 0.036428305703357255, 0.46579515245517406, 0.0009999579205284088], [0.15714605021281403, 0.3274476743128273, 0.0011267552372554684, 0.035233596699669786, 0.47804596863541693, 0.0009999549020164372], [0.4700421209808752, 0.402197773484763, 0.0011526919140705705, 0.045297524231764245, 0.08030991390111378, 0.0009999754874133726], [0.5597722684595189, 0.3182022664931882, 0.0012032946790696563, 0.04050327016243351, 0.07931597796482553, 0.0010029222409640409], [0.5641516034277224, 0.32265485360666424, 0.0012089114228809015, 0.04383115671888934, 0.06714493584729052, 0.001008538976552722], [0.4711478755721394, 0.4055444980447155, 0.0011549025553954837, 0.039300272220193715, 0.08185247386181134, 0.0009999777457446208], [0.17292934877548605, 0.42072858750050923, 0.0010848904067663435, 0.03969124711070475, 0.3645659945052111, 0.00099993170132275], [0.17095565545253696, 0.4088078928323623, 0.0010935833405890435, 0.04310678074586947, 0.37503615169625765, 0.0009999359323847297], [0.18998207123402996, 0.4209712801576917, 0.001083507003298864, 0.03882122485966129, 0.3481419864258053, 0.0009999303195128793], [0.4631414850170743, 0.40458492501789056, 0.0011654007945271145, 0.0432829912366602, 0.0868252140298915, 0.0009999839039562097], [0.44938179884477514, 0.39970510212878957, 0.0011346448458684664, 0.0461872432613795, 0.10259124848612275, 0.0009999624330647554], [0.4550053123830262, 0.41087609858581947, 0.0011542854874533066, 0.03819937959056633, 0.09376494684047623, 0.0009999771126585142], [0.5792045446892027, 0.3186766774397961, 0.0012035815097956731, 0.03572410622053089, 0.0641878810738481, 0.0010032090668264987], [0.5708644845618125, 0.32986118241418977, 0.001206000119619284, 0.034986368731572, 0.062076336490546356, 0.0010056276822601137], [0.45370123367220455, 0.39897604679918325, 0.001152440772707527, 0.048749000990926036, 0.09642130252841127, 0.0009999752365673139], [0.591817812783917, 0.30800498865710746, 0.0011952222981066788, 0.03739435111141545, 0.06058763032262785, 0.000999994826825725], [0.5742887716066504, 0.3064637831787387, 0.0012152097664677212, 0.03704403723027723, 0.07998014549799286, 0.0010080527198730014], [0.5679803372700493, 0.30575251080214316, 0.0012155748726521184, 0.041927934447943044, 0.08211522479081344, 0.0010084178163988387], [0.5711059733779261, 0.31457411016529957, 0.0011978061646990053, 0.04421773842301176, 0.06790437438885534, 0.0009999974802083777], [0.44829268738547845, 0.43979196236286944, 0.0011524788544636884, 0.039150835307288544, 0.07061206081715606, 0.0009999752727438828], [0.5414290910594215, 0.20119811355029907, 0.1627835716342022, 0.033597333479913505, 0.059991890492393216, 0.0009999997837704978], [0.9950224004417905, 0.0009955199116420117, 0.0009955199116420117, 0.0009955199116420117, 0.0009955199116420117, 0.0009955199116420117]], [[0.9950224004417905, 0.0009955199116420117, 0.0009955199116420117, 0.0009955199116420117, 0.0009955199116420117, 0.0009955199116420117], [0.7277116602037783, 0.11581769828320941, 0.10772123295822349, 0.018175752407539107, 0.029525892786036595, 0.0010477633612129566], [0.7734609984848122, 0.19388439878226696, 0.0009990253200357082, 0.013614378518934893, 0.017042173573914497, 0.0009990253200357082], [0.6659616424591069, 0.1422340756392821, 0.0009990006433645098, 0.17067345151987928, 0.01913282909500287, 0.0009990006433645098], [0.5710913521210069, 0.38911486713830545, 0.0009989910871754952, 0.016196105646428104, 0.021599692919908625, 0.0009989910871754952], [0.1287544263152651, 0.44880186827303326, 0.0009990080067381034, 0.010322890103931746, 0.4101227992942938, 0.0009990080067381034], [0.044041503646609616, 0.15547737360102612, 0.2119478817547532, 0.01245852034862184, 0.5750752580951818, 0.0009994625538075168], [0.9950237620955412, 0.0009952475808918438, 0.0009952475808918438, 0.0009952475808918438, 0.0009952475808918438, 0.0009952475808918438], [0.036315748969269576, 0.14653834784029265, 0.12222133335931142, 0.010465991817813393, 0.6834591059719399, 0.000999472041373203], [0.1359800369266382, 0.12931301070509388, 0.0009990045839136125, 0.015680816601868867, 0.717028126598572, 0.0009990045839136125], [0.12741745181237463, 0.4643110265915115, 0.000998941151324503, 0.011820494711765854, 0.3944531445816991, 0.000998941151324503], [0.06294008673524118, 0.4841230847611109, 0.0009989158852292202, 0.018835370813065563, 0.432103625920124, 0.0009989158852292202], [0.48828248455972817, 0.37775595617445473, 0.000998999541235438, 0.016749205477064533, 0.11521435470628168, 0.000998999541235438], [0.2183706055117589, 0.382731105548215, 0.000998937976857443, 0.09396079294062284, 0.3029396200456885, 0.000998937976857443], [0.22884236147552175, 0.17452437108719795, 0.000998909458406504, 0.09413562485159209, 0.5004998236688754, 0.000998909458406504], [0.36163212124838623, 0.49782188680637995, 0.0009989696049623779, 0.01758335264398499, 0.12096470009132422, 0.0009989696049623779], [0.21197726630562622, 0.5337542670871608, 0.0009988718123285956, 0.019013424798686708, 0.2332572981838691, 0.0009988718123285956], [0.19208223303094654, 0.401240102658407, 0.0010810488721363228, 0.04284653698939957, 0.36175015061280275, 0.0009999278363078561], [0.47053413618599127, 0.39497720870709013, 0.0011523963280293276, 0.03666494583731534, 0.09567133774195746, 0.0009999751996165312], [0.14080961477037104, 0.3368644360160607, 0.0011275716071806133, 0.040916833807237867, 0.47928158810782245, 0.0009999556913272824], [0.1389632010554908, 0.34095641446136343, 0.0011317949025906474, 0.03299467744596701, 0.48495395219508475, 0.0009999599395034522], [0.5780244008405456, 0.313165634678741, 0.0012243670040237124, 0.03495251540018484, 0.07161587212564761, 0.0010172099508573133], [0.5786738953122458, 0.29631569689627946, 0.0012327841587795427, 0.0312981993413448, 0.09145379718843828, 0.001025627102912123], [0.5492680928407867, 0.3333661702426777, 0.0012013866991055866, 0.041701864028315244, 0.0734614719266221, 0.001001014262492862], [0.17941036434818375, 0.40171858081950895, 0.0010987896596114512, 0.03939608374607351, 0.3773762402976601, 0.0009999411289624725], [0.45338520922447734, 0.41008940817013206, 0.0011346750017925057, 0.040707455966333746, 0.09368328915361467, 0.0009999624836497087], [0.3300917016720059, 0.4499556574467734, 0.0010236432610649636, 0.04634730783004955, 0.17158176096648375, 0.0009999288236225594], [0.45440554788040055, 0.4045236855058814, 0.0011352975924079072, 0.04310115138504081, 0.0958343545400601, 0.0009999630962093781], [0.4705117207699138, 0.3974726452425249, 0.0011677910857897046, 0.048932405378283875, 0.08091545119479461, 0.0009999863286932077], [0.1462489568493371, 0.33358489941585473, 0.0011300137575604805, 0.03651657032849038, 0.4815196015386027, 0.0009999581101547224], [0.5672228206478696, 0.3148687699632866, 0.0012190445594967095, 0.030045594362215242, 0.08563188296350266, 0.0010118875036292897], [0.12703843877754642, 0.29332453619787247, 0.001214371698512163, 0.029610325569569163, 0.5478047535901946, 0.001007574166305049], [0.6149221534384541, 0.29359648996318516, 0.0012026782362627773, 0.0320303335381758, 0.05724603903548042, 0.0010023057884417067], [0.6123895995511109, 0.28813804480598726, 0.0012217373730637902, 0.025460949116589453, 0.07177508882485038, 0.0010145803283983705], [0.6447896493852934, 0.2702310569051419, 0.001266991789657507, 0.03274245404013584, 0.049925927792635445, 0.0010439200871359183], [0.12442591743547025, 0.24806517625260474, 0.0012417179427895656, 0.0332070007606751, 0.5920409194331014, 0.0010192681753589021], [0.5767237305548444, 0.317029979530971, 0.0012141232170566067, 0.036254542494514486, 0.06777065803292326, 0.0010069661696901668], [0.5612327496170405, 0.3260817437378218, 0.00119419855430085, 0.045578158121690374, 0.06491315614437275, 0.000999993824773754], [0.5900766227825889, 0.17664890960451782, 0.1513560357484455, 0.03471796622942165, 0.04618470481210716, 0.0010157608229189713], [0.9950224004417905, 0.0009955199116420117, 0.0009955199116420117, 0.0009955199116420117, 0.0009955199116420117, 0.0009955199116420117]], [[0.9950224004417905, 0.0009955199116420117, 0.0009955199116420117, 0.0009955199116420117, 0.0009955199116420117, 0.0009955199116420117], [0.6948257994204173, 0.1312222051693428, 0.11567265289251669, 0.027050127863640788, 0.0301903658562706, 0.0010388487978118795], [0.4990828225981565, 0.4575707226593475, 0.0009990054916225513, 0.015241724439906129, 0.026106719319344798, 0.0009990054916225513], [0.6556631116938676, 0.295898853302636, 0.0009989889562517077, 0.019519892207176804, 0.026920164883816294, 0.0009989889562517077], [0.45353112278799596, 0.3381488338414681, 0.0009989585537541574, 0.09535548345341126, 0.11096664280961652, 0.0009989585537541574], [0.5654532711626916, 0.23255418169000858, 0.0009989935425273576, 0.016816848490980467, 0.1831777115712647, 0.0009989935425273576], [0.28811433073694276, 0.15490906682422206, 0.0009989426881095627, 0.014524932670827675, 0.5404537843917884, 0.0009989426881095627], [0.21419973639938109, 0.15828044255036577, 0.21592265997070903, 0.012711614209974674, 0.3978860879425593, 0.0009994589270103413], [0.13302409439541976, 0.2958339692596641, 0.0009990044519461664, 0.015943828087775065, 0.5532000993532488, 0.0009990044519461664], [0.12948438757491273, 0.3916300332798023, 0.0009989390932145456, 0.014706290944255249, 0.4621814100146008, 0.0009989390932145456], [0.06095593742437567, 0.4125238564583956, 0.0009989138884949093, 0.017980938906039832, 0.5065414394341993, 0.0009989138884949093], [0.35373419153655383, 0.5067191634180541, 0.0009989455386626254, 0.09972666739544307, 0.03782208657262399, 0.0009989455386626254], [0.08122261450288384, 0.4794545747817998, 0.0009989145994532612, 0.01881458702472815, 0.41851039449168176, 0.0009989145994532612], [0.14677286292923147, 0.31037835295199667, 0.0009989421699321296, 0.09768429577489066, 0.44316660400401714, 0.0009989421699321296], [0.6053028236936994, 0.336754457688993, 0.0009989604420035352, 0.015960138883584073, 0.0399846588497166, 0.0009989604420035352], [0.2864031681796545, 0.572808612213481, 0.0009989711374975062, 0.017176127218339523, 0.12161415011352998, 0.0009989711374975062], [0.1673116823847865, 0.4164923713525748, 0.0009989107856355546, 0.018459025788254747, 0.395739098903113, 0.0009989107856355546], [0.4806713658424328, 0.3984825564830231, 0.0011514213012362446, 0.04439341114242791, 0.07430127096787754, 0.0009999742630024948], [0.5583303336343155, 0.33533566429886474, 0.001210645863958818, 0.033433417664041266, 0.07067966511072718, 0.0010102734280925387], [0.5785943671108006, 0.3174655179883173, 0.0012283271270949513, 0.03497205629702199, 0.06671856140592342, 0.0010211700708416714], [0.12659387709582462, 0.3116393741908825, 0.001218203717385078, 0.034216448379897915, 0.5253206904219604, 0.0010114061940493808], [0.11146954936724027, 0.2601280187922747, 0.0012526552228367023, 0.030627984326089364, 0.5954915868473531, 0.0010302054442057759], [0.10303078288853325, 0.2612587068686583, 0.0012574666586893319, 0.028335184686108426, 0.6050828420133946, 0.0010350168846162003], [0.6050392900329528, 0.299185272079416, 0.0012273672224445192, 0.027794389312095623, 0.06573347118188382, 0.0010202101712074203], [0.5639129760523388, 0.3211726045482705, 0.0012039780642208312, 0.03993932987656046, 0.07276750584146317, 0.0010036056171462062], [0.49263232855639033, 0.38915853698912284, 0.0011618659230008327, 0.03702908107483578, 0.07901820278741083, 0.000999984669239317], [0.4737407534707553, 0.4059013709062786, 0.0011455002149474952, 0.038960418740523424, 0.07925198337688852, 0.0009999732906067807], [0.48123274778171554, 0.40105774267189215, 0.001162975770593448, 0.03071743362760929, 0.08482911438343083, 0.0009999857647589173], [0.559637674810591, 0.3304567608552307, 0.0012070931486536814, 0.03606213816926147, 0.07162961231580382, 0.001006720700459388], [0.15212204950175423, 0.3141811070982771, 0.0011291322775576478, 0.039243451039267366, 0.49232430281617134, 0.0009999572669724057], [0.5887069371550087, 0.2951387244679927, 0.0012302113595581668, 0.04302782788086997, 0.07087324483210794, 0.0010230543044624672], [0.6504122593701089, 0.26658173064902063, 0.0012627914905798893, 0.031121317284576122, 0.049582181425148086, 0.0010397197805662544], [0.6071070453700461, 0.29431759473909247, 0.001219717730044754, 0.03719865016102754, 0.05914443132368244, 0.0010125606761066347], [0.6457761316634071, 0.2768464297668738, 0.001267265154937662, 0.025556819121604537, 0.04950916084659086, 0.0010441934465860408], [0.6082490016999246, 0.30028728319117637, 0.0012174337532775657, 0.030952457924730968, 0.05828354672613706, 0.0010102767047535455], [0.659166077740401, 0.2576295150652014, 0.0012497829067525613, 0.03013555367847914, 0.050792359399948764, 0.0010267112092170135], [0.09398081289154392, 0.27641782865636444, 0.0012418318178126506, 0.028547005578800366, 0.5987931390067539, 0.0010193820487246073], [0.5865333985304708, 0.31695497763728103, 0.0012150308169737187, 0.03944047976417839, 0.0548482394915332, 0.0010078737595628584], [0.6928473599921212, 0.13043410926710394, 0.10729597518228022, 0.02635216011537984, 0.042031569218874215, 0.0010388262242406116], [0.9950224004417905, 0.0009955199116420117, 0.0009955199116420117, 0.0009955199116420117, 0.0009955199116420117, 0.0009955199116420117]], [[0.9950224004417905, 0.0009955199116420117, 0.0009955199116420117, 0.0009955199116420117, 0.0009955199116420117, 0.0009955199116420117], [0.607101126197048, 0.16961288541754788, 0.14618740828963261, 0.026584240491513828, 0.049490280274149825, 0.0010240593301079847], [0.05429767043235313, 0.4652352987667283, 0.0009989451931686135, 0.018609137254728795, 0.4598600031598528, 0.0009989451931686135], [0.44585861194642085, 0.3401477045982604, 0.0009989624844495217, 0.09980854833523665, 0.112187210151183, 0.0009989624844495217], [0.5093045080923192, 0.4267651879659167, 0.0009989445185633247, 0.020126434793876276, 0.041805980110761136, 0.0009989445185633247], [0.0807139529923233, 0.33461183672716593, 0.0009989117586822385, 0.17628479309625292, 0.40639159366689337, 0.0009989117586822385], [0.5189913803871078, 0.42400429847074733, 0.0009989554521041418, 0.01782138971770115, 0.03718502052023545, 0.0009989554521041418], [0.4908055207569531, 0.22528535432086846, 0.0009989959486686355, 0.09343094867607481, 0.18848018434876643, 0.0009989959486686355], [0.7277017189430077, 0.14733123102459622, 0.0009989948870787787, 0.014704615001163207, 0.10826444525707546, 0.0009989948870787787], [0.36608266758537933, 0.49715947384274684, 0.00099895946301722, 0.01957964567137378, 0.11518029397446576, 0.00099895946301722], [0.4358130896062329, 0.4296242208976038, 0.000998947001475044, 0.01557317252768549, 0.11699162296552784, 0.000998947001475044], [0.21744931174196683, 0.5264427026859954, 0.0009988710102317576, 0.0950937016979195, 0.15901654185365488, 0.0009988710102317576], [0.2385585564784652, 0.26451089130726463, 0.0009989035295139843, 0.01704267800926409, 0.4778900671459781, 0.0009989035295139843], [0.5989113912863795, 0.3327942451623275, 0.0009989728432126428, 0.019094642423412342, 0.04720177544145546, 0.0009989728432126428], [0.5184126591386383, 0.341014926342033, 0.0009989737386933947, 0.09436436718562827, 0.044210099856313814, 0.0009989737386933947], [0.3149351086451453, 0.5005872594011925, 0.0009988814768442794, 0.09791037956531372, 0.08456948943466003, 0.0009988814768442794], [0.598754623499799, 0.25474053681225944, 0.0009989710760585232, 0.021094773098106083, 0.12341212443771846, 0.0009989710760585232], [0.478294274681955, 0.38659246608509024, 0.0011511870644862312, 0.0424596215201697, 0.09050247664164081, 0.0009999740066581437], [0.1366240269768613, 0.3189787000865449, 0.0011356743610474842, 0.038242379024122114, 0.5040192557742694, 0.000999963777154797], [0.6058530093407011, 0.2982183995137763, 0.001228390026867421, 0.033882192630629894, 0.05979677550543755, 0.0010212329825878617], [0.6560196192015687, 0.25381728055839986, 0.001264554639064777, 0.041328998571201564, 0.04652806409239094, 0.0010414829373741952], [0.697680135965987, 0.22725731066608734, 0.001281078939582365, 0.029012477695163515, 0.04371943075524573, 0.0010495659779341869], [0.6842355972934827, 0.241445270822628, 0.0012810789296426666, 0.031407683383905205, 0.04058080360581031, 0.0010495659645312007], [0.6616045649643267, 0.2605626297155283, 0.001266428813757965, 0.03490134213337