{"prediction": [[[0.9950224004417905, 0.0009955199116420117, 0.0009955199116420117, 0.0009955199116420117, 0.0009955199116420117, 0.0009955199116420117], [0.9950224004417905, 0.0009955199116420117, 0.0009955199116420117, 0.0009955199116420117, 0.0009955199116420117, 0.0009955199116420117], [0.9950224004417905, 0.0009955199116420117, 0.0009955199116420117, 0.0009955199116420117, 0.0009955199116420117, 0.0009955199116420117], [0.9950224004417905, 0.0009955199116420117, 0.0009955199116420117, 0.0009955199116420117, 0.0009955199116420117, 0.0009955199116420117], [0.9950224004417905, 0.0009955199116420117, 0.0009955199116420117, 0.0009955199116420117, 0.0009955199116420117, 0.0009955199116420117], [0.9950224004417905, 0.0009955199116420117, 0.0009955199116420117, 0.0009955199116420117, 0.0009955199116420117, 0.0009955199116420117], [0.9950224004417905, 0.0009955199116420117, 0.0009955199116420117, 0.0009955199116420117, 0.0009955199116420117, 0.0009955199116420117], [0.9950224004417905, 0.0009955199116420117, 0.0009955199116420117, 0.0009955199116420117, 0.0009955199116420117, 0.0009955199116420117], [0.9950224004417905, 0.0009955199116420117, 0.0009955199116420117, 0.0009955199116420117, 0.0009955199116420117, 0.0009955199116420117], [0.9950224004417905, 0.0009955199116420117, 0.0009955199116420117, 0.0009955199116420117, 0.0009955199116420117, 0.0009955199116420117], [0.9950224004417905, 0.0009955199116420117, 0.0009955199116420117, 0.0009955199116420117, 0.0009955199116420117, 0.0009955199116420117], [0.9950224004417905, 0.0009955199116420117, 0.0009955199116420117, 0.0009955199116420117, 0.0009955199116420117, 0.0009955199116420117], [0.9950224004417905, 0.0009955199116420117, 0.0009955199116420117, 0.0009955199116420117, 0.0009955199116420117, 0.0009955199116420117], [0.9950224004417905, 0.0009955199116420117, 0.0009955199116420117, 0.0009955199116420117, 0.0009955199116420117, 0.0009955199116420117], [0.9950224004417905, 0.0009955199116420117, 0.0009955199116420117, 0.0009955199116420117, 0.0009955199116420117, 0.0009955199116420117], [0.9950224004417905, 0.0009955199116420117, 0.0009955199116420117, 0.0009955199116420117, 0.0009955199116420117, 0.0009955199116420117], [0.9950224004417905, 0.0009955199116420117, 0.0009955199116420117, 0.0009955199116420117, 0.0009955199116420117, 0.0009955199116420117], [0.9950224004417905, 0.0009955199116420117, 0.0009955199116420117, 0.0009955199116420117, 0.0009955199116420117, 0.0009955199116420117], [0.9950224004417905, 0.0009955199116420117, 0.0009955199116420117, 0.0009955199116420117, 0.0009955199116420117, 0.0009955199116420117], [0.9950224004417905, 0.0009955199116420117, 0.0009955199116420117, 0.0009955199116420117, 0.0009955199116420117, 0.0009955199116420117], [0.9950224004417905, 0.0009955199116420117, 0.0009955199116420117, 0.0009955199116420117, 0.0009955199116420117, 0.0009955199116420117], [0.9950224004417905, 0.0009955199116420117, 0.0009955199116420117, 0.0009955199116420117, 0.0009955199116420117, 0.0009955199116420117], [0.9950224004417905, 0.0009955199116420117, 0.0009955199116420117, 0.0009955199116420117, 0.0009955199116420117, 0.0009955199116420117], [0.9950224004417905, 0.0009955199116420117, 0.0009955199116420117, 0.0009955199116420117, 0.0009955199116420117, 0.0009955199116420117], [0.9950224004417905, 0.0009955199116420117, 0.0009955199116420117, 0.0009955199116420117, 0.0009955199116420117, 0.0009955199116420117], [0.9950224004417905, 0.0009955199116420117, 0.0009955199116420117, 0.0009955199116420117, 0.0009955199116420117, 0.0009955199116420117], [0.9950224004417905, 0.0009955199116420117, 0.0009955199116420117, 0.0009955199116420117, 0.0009955199116420117, 0.0009955199116420117], [0.9950224004417905, 0.0009955199116420117, 0.0009955199116420117, 0.0009955199116420117, 0.0009955199116420117, 0.0009955199116420117], [0.9950224004417905, 0.0009955199116420117, 0.0009955199116420117, 0.0009955199116420117, 0.0009955199116420117, 0.0009955199116420117], [0.9950224004417905, 0.0009955199116420117, 0.0009955199116420117, 0.0009955199116420117, 0.0009955199116420117, 0.0009955199116420117], [0.9950224004417905, 0.0009955199116420117, 0.0009955199116420117, 0.0009955199116420117, 0.0009955199116420117, 0.0009955199116420117], [0.9950224004417905, 0.0009955199116420117, 0.0009955199116420117, 0.0009955199116420117, 0.0009955199116420117, 0.0009955199116420117], [0.9950224004417905, 0.0009955199116420117, 0.0009955199116420117, 0.0009955199116420117, 0.0009955199116420117, 0.0009955199116420117], [0.9950224004417905, 0.0009955199116420117, 0.0009955199116420117, 0.0009955199116420117, 0.0009955199116420117, 0.0009955199116420117], [0.9950224004417905, 0.0009955199116420117, 0.0009955199116420117, 0.0009955199116420117, 0.0009955199116420117, 0.0009955199116420117], [0.9950224004417905, 0.0009955199116420117, 0.0009955199116420117, 0.0009955199116420117, 0.0009955199116420117, 0.0009955199116420117], [0.9950224004417905, 0.0009955199116420117, 0.0009955199116420117, 0.0009955199116420117, 0.0009955199116420117, 0.0009955199116420117], [0.9950224004417905, 0.0009955199116420117, 0.0009955199116420117, 0.0009955199116420117, 0.0009955199116420117, 0.0009955199116420117], [0.9950224004417905, 0.0009955199116420117, 0.0009955199116420117, 0.0009955199116420117, 0.0009955199116420117, 0.0009955199116420117], [0.9950224004417905, 0.0009955199116420117, 0.0009955199116420117, 0.0009955199116420117, 0.0009955199116420117, 0.0009955199116420117]], [[0.9950224004417905, 0.0009955199116420117, 0.0009955199116420117, 0.0009955199116420117, 0.0009955199116420117, 0.0009955199116420117], [0.9225099870961864, 0.046739624372768115, 0.023955507541167376, 0.0045872248483086455, 0.0010159715618962796, 0.0011916845796733227], [0.9204229255122287, 0.04886200733279827, 0.023940425601598342, 0.004584336817327342, 0.0009993704187004548, 0.001190934317347004], [0.9207556251294229, 0.04852616707129289, 0.023942873532481753, 0.004584805570049697, 0.0009994726052593996, 0.0011910560914935484], [0.9207556251294229, 0.04852616707129289, 0.023942873532481753, 0.004584805570049697, 0.0009994726052593996, 0.0011910560914935484], [0.9209288921069498, 0.04835126447436878, 0.02394414839293678, 0.004585049692264489, 0.0009995258231030558, 0.001191119510377197], [0.0027496917315738955, 0.04245518182107821, 0.02177443695122544, 0.004611057236730092, 0.927211756422321, 0.0011978758370713757], [0.0009980890064687025, 0.047598823976520516, 0.021732826143064002, 0.0046022455361782585, 0.9238724286336731, 0.0011955867040954347], [0.7797311804033221, 0.11244110905504834, 0.08406870380478493, 0.015137024230778449, 0.00753302496661077, 0.0010889575394553888], [0.0009977665816627349, 0.048044936318403016, 0.021725805524454952, 0.0046007588169434, 0.9234355322793248, 0.0011952004792110938], [0.9158287196530305, 0.05349958194191591, 0.023906622441551683, 0.004577863871786492, 0.0009979593377626552, 0.0011892527539527572], [0.7782032665225261, 0.11462384317047129, 0.08406870380478493, 0.01513702423077845, 0.006878204731983888, 0.0010889575394553888], [0.7666638257615332, 0.10910603393803243, 0.08706212336018555, 0.01556454198765601, 0.02057467835900969, 0.001028796593582868], [0.7441048969833359, 0.11605791519588585, 0.09538855860648462, 0.017293531156321287, 0.026145096952379092, 0.0010100011055932353], [0.6490088829066194, 0.1521511946318956, 0.14892407838509086, 0.02396264276424575, 0.02495325172105854, 0.000999949591089739], [0.07514383303698757, 0.17530822029233104, 0.15256509723318717, 0.026184126912984433, 0.5697988486796215, 0.0009998738448882601], [0.6491123860847174, 0.15158919555174694, 0.1425094868414027, 0.02236189999091381, 0.03342708218351301, 0.0009999493477060395], [0.7375989181373275, 0.11683412279031839, 0.0972296815242983, 0.019292544317356674, 0.028034566500061135, 0.0010101667306379864], [0.038470698887458216, 0.11648207365454863, 0.08313005330784881, 0.017067574758474112, 0.7438318805705718, 0.0010177188210982963], [0.7768537406340015, 0.11655173729693503, 0.08406870380478493, 0.01513702423077845, 0.0062998364940447665, 0.0010889575394553888], [0.758528064623302, 0.11398851709565819, 0.08800870182942092, 0.017242600184178624, 0.02120323598695894, 0.0010288802804812767], [0.7384640778215044, 0.11958597853012833, 0.09875248393265229, 0.016091000578397914, 0.026097069505828983, 0.0010093896314881782], [0.6410348326816466, 0.16519764342700027, 0.14374311793021277, 0.023962381392157305, 0.025062074983882354, 0.0009999495851005947], [0.5997996715198869, 0.17836826404868217, 0.16174379203823808, 0.024765858956804766, 0.03432247916971436, 0.0009999342666738977], [0.43951444503710857, 0.2266855825833987, 0.2558485605468439, 0.03269839357515687, 0.044253182744464756, 0.000999835513027366], [0.42770085606612634, 0.24491561047875307, 0.24420992935497646, 0.031321912632491164, 0.05085186505054443, 0.000999826417108577], [0.4384103553560773, 0.23293328770047625, 0.25193496895638856, 0.030331688408608393, 0.045389862447811825, 0.0009998371306377968], [0.6117278295861145, 0.17836730030163225, 0.1463820088982495, 0.029627649472546046, 0.03289527197636127, 0.000999939765096469], [0.6423369772254715, 0.15741809317799774, 0.14334876780731157, 0.021299286396952784, 0.034596918844887366, 0.0009999565473790652], [0.7253359327225465, 0.12570223843992678, 0.09786852626209412, 0.019140625051711706, 0.030939590761531455, 0.0010130867621894418], [0.723516534011247, 0.12824430909738477, 0.0982681222204291, 0.016343421023219114, 0.03261452688677122, 0.0010130867609486577], [0.6263476611141676, 0.1571497567399284, 0.1500677210702339, 0.02687505662747902, 0.03855984982383426, 0.0009999546243568058], [0.6039156106919078, 0.18175364407885847, 0.1534224419522157, 0.028794435973492884, 0.031113926547831645, 0.0009999407556935973], [0.44991968081922484, 0.23238782630859295, 0.24652137219536951, 0.02906918792905037, 0.041102088909783514, 0.000999843837978799], [0.9950224004417905, 0.0009955199116420117, 0.0009955199116420117, 0.0009955199116420117, 0.0009955199116420117, 0.0009955199116420117], [0.06430594546339437, 0.1440868935046333, 0.1411868535003817, 0.027381037119103214, 0.6220393205443053, 0.0009999498681822312], [0.7409825640513972, 0.12019270400493788, 0.10306663270646108, 0.015267887251157752, 0.01947984796040859, 0.00101036402563757], [0.7439987042959867, 0.12210203538296306, 0.10333323437131203, 0.015535328226760983, 0.01400175174403134, 0.0010289459789460233], [0.7803414372399783, 0.11156931357411112, 0.08406870380478493, 0.01513702423077845, 0.00779456361089194, 0.0010889575394553888], [0.9950224004417905, 0.0009955199116420117, 0.0009955199116420117, 0.0009955199116420117, 0.0009955199116420117, 0.0009955199116420117]], [[0.9950224004417905, 0.0009955199116420117, 0.0009955199116420117, 0.0009955199116420117, 0.0009955199116420117, 0.0009955199116420117], [0.9204229255122287, 0.04886200733279827, 0.023940425601598342, 0.004584336817327342, 0.0009993704187004548, 0.001190934317347004], [0.000998085600910852, 0.08168258438010738, 0.0031573293563367504, 0.006314658712673501, 0.906666222908046, 0.0011811190419254271], [0.9227480777837955, 0.06753788560376518, 0.003187593998206158, 0.004335127837560375, 0.00099887409523026, 0.0011924406814424666], [0.9230808497843536, 0.06720412082723236, 0.0031879197707830134, 0.004335570888264898, 0.0009989761803101478, 0.0011925625490560206], [0.9230808497843536, 0.06720412082723236, 0.0031879197707830134, 0.004335570888264898, 0.0009989761803101478, 0.0011925625490560206], [0.9166178371960277, 0.07368641485634017, 0.003181592699209637, 0.004326966070925106, 0.0009969935100275242, 0.0011901956674698656], [0.7816440970928289, 0.1871504335697714, 0.002924364094006228, 0.018949879329160358, 0.00823725638266637, 0.0010939695315667793], [0.018693071270478298, 0.18985997185479955, 0.0018911801791980938, 0.019460604186560194, 0.7690811659532182, 0.0010140065557456782], [0.01620121764744316, 0.20002231959809164, 0.0029043753592344827, 0.019052702356578206, 0.760732893053011, 0.001086491985641606], [0.7785713255554916, 0.1915401071945391, 0.002924364094006228, 0.018949879329160358, 0.0069203542952360605, 0.0010939695315667793], [0.7632170305136866, 0.1977587703318115, 0.0019142691301141028, 0.01890853007746843, 0.017170128991962436, 0.0010312709549569132], [0.7441617279733658, 0.21247111523085863, 0.001866842682896063, 0.020450851296950713, 0.020035607900016454, 0.001013854915912335], [0.0725465961590803, 0.29534339400268195, 0.001699284725498591, 0.029648436793735456, 0.5997623432081013, 0.0009999451109023874], [0.5940732663817662, 0.3406876534052674, 0.0016709452980924004, 0.029100968481225925, 0.03346723028281389, 0.0009999361508342556], [0.084095300282999, 0.4628621367004441, 0.0013692354801130733, 0.03526965159461797, 0.41540385210268255, 0.000999823839143231], [0.06944077185695524, 0.34504558415344516, 0.0015094793124553398, 0.028119440911517756, 0.5548848531122859, 0.0009998706533407842], [0.6382683158072859, 0.301072442172763, 0.001714234636405158, 0.023628316701377577, 0.03431673343804079, 0.0009999572441275612], [0.7406170331656308, 0.21350626402891038, 0.0018676144907680573, 0.02148458281518447, 0.021509878770161136, 0.0010146267293451767], [0.7564986268192451, 0.1965268704161287, 0.0019145257222794674, 0.020484614561463554, 0.023543834948177886, 0.0010315275327053462], [0.7544898413616788, 0.19783339536916478, 0.0018678138060897404, 0.021486227908249896, 0.023307895521271566, 0.001014826033545165], [0.6384410819196906, 0.28761017617944784, 0.0017146397513913769, 0.035209032883329536, 0.036025111592479175, 0.0009999576736615758], [0.6031692775127849, 0.3299230946425503, 0.0016698335274429612, 0.029884329318505227, 0.034353529930738536, 0.0009999350679779618], [0.08893482212002315, 0.4619521534480513, 0.0013718355186331727, 0.03771999999800024, 0.409021362480123, 0.0009998264351691554], [0.09172536409485592, 0.4901203447231336, 0.0013544386696281493, 0.037782403201797654, 0.3780176286543574, 0.0009998206562274014], [0.2758467965467027, 0.547157950908495, 0.0011224105627806503, 0.03502184543863472, 0.1398511829513051, 0.0009998135920821214], [0.42429992172954734, 0.4790574448268078, 0.001412869896633082, 0.03739078077435045, 0.05683914649807821, 0.0009998362745833645], [0.44741726080397143, 0.4700528977778451, 0.001439631946774669, 0.03309997944771457, 0.04699038057223516, 0.0009998494514590075], [0.5987059605026042, 0.3301501988014539, 0.001674744692248444, 0.031256078981152034, 0.03721307707331533, 0.0009999399492261615], [0.6234687981977081, 0.299993521665518, 0.0017152124541092667, 0.03140279432448141, 0.04241971514353112, 0.0009999582146522877], [0.6217655615492831, 0.2948395633222526, 0.001715243408674618, 0.03458790628460162, 0.046091767170084126, 0.0009999582651042658], [0.5996552769857251, 0.32084629063954173, 0.0016759031944518978, 0.03394934161356, 0.04287324646285879, 0.0009999411038626512], [0.08391175072775757, 0.46808426937561454, 0.0013771683729243021, 0.037434827177601285, 0.4081921525807307, 0.0009998317653717153], [0.41560472250387726, 0.4883777781519402, 0.0014145187189988433, 0.038871007907145434, 0.054732134794439426, 0.0009998379235989891], [0.08919223417794543, 0.22805448701856326, 0.24564025645412071, 0.03597446958978185, 0.4001387315135289, 0.0009998212460600815], [0.9950224004417905, 0.0009955199116420117, 0.0009955199116420117, 0.0009955199116420117, 0.0009955199116420117, 0.0009955199116420117], [0.6458907192179022, 0.15755549597095683, 0.1413881065561625, 0.025183113924913302, 0.028982609075258372, 0.0009999552548067823], [0.7461983694533835, 0.21627381973099086, 0.001867537851138608, 0.020825193927353585, 0.013820528949801122, 0.0010145500873325068], [0.7557414515502666, 0.12083073427337701, 0.0978011082427271, 0.013541049977140378, 0.011055923701339097, 0.0010297322551497997], [0.9950224004417905, 0.0009955199116420117, 0.0009955199116420117, 0.0009955199116420117, 0.0009955199116420117, 0.0009955199116420117]], [[0.9950224004417905, 0.0009955199116420117, 0.0009955199116420117, 0.0009955199116420117, 0.0009955199116420117, 0.0009955199116420117], [0.9153788595064659, 0.05395368871407663, 0.02390331246916495, 0.004577230047286904, 0.0009978211660966595, 0.0011890880969090422], [0.020512460619899368, 0.19386340106601133, 0.0029043753592344827, 0.019052702356578206, 0.762580568612635, 0.001086491985641606], [0.9156897721015526, 0.07461724869556363, 0.0031806841547503393, 0.004325730450460461, 0.0009967088057881298, 0.0011898557918850908], [0.922267606938748, 0.06801978986241358, 0.003187123633436789, 0.004334488141474033, 0.000998726700303649, 0.0011922647236239901], [0.9156897721015526, 0.07461724869556363, 0.0031806841547503393, 0.004325730450460461, 0.0009967088057881298, 0.0011898557918850908], [0.7812268486014902, 0.1877465028431125, 0.002924364094006228, 0.018949879329160358, 0.008058435600664039, 0.0010939695315667793], [0.027726457749176838, 0.18835248046388023, 0.0018908956558549453, 0.018020495069136406, 0.7629959490156357, 0.0010137220463158959], [0.7614081006646982, 0.19971199724671926, 0.001866170933022195, 0.02031587955034467, 0.015684668442354742, 0.00101318316286084], [0.7695804716551857, 0.18764138025959048, 0.0019135210673962217, 0.021582307625737478, 0.018251796498617575, 0.001030522893472566], [0.758610839620308, 0.19754353613866193, 0.0019134193509196137, 0.021980778776366273, 0.018921004957332815, 0.001030421156411356], [0.7485685581471472, 0.20442432137815897, 0.0018661709602367641, 0.023110290162615146, 0.021017476180857128, 0.0010131831709848209], [0.06676206171013545, 0.2976976860964779, 0.001698990705517789, 0.027011780578650037, 0.6058295360978643, 0.0009999448113546317], [0.595650483152061, 0.3375185729355417, 0.0016706325644024532, 0.02808497572346303, 0.036075399754252516, 0.0009999358702793405], [0.44165669646103994, 0.47186882631710353, 0.0014313680838902929, 0.03430613712006966, 0.0497371308413795, 0.0009998411765171152], [0.41837121156764706, 0.495004326118301, 0.0014087082698679388, 0.03547744777138671, 0.04873847417656052, 0.0009998320962369856], [0.4438883614815304, 0.47428642784123454, 0.0014314207010824548, 0.036702092443024206, 0.04269185629478074, 0.0009998412383477166], [0.5940402736625469, 0.33586619471282764, 0.0016693998251277843, 0.03245851925254688, 0.034965677933335174, 0.0009999346136157893], [0.6418308853850776, 0.2870435210293638, 0.0017158181518298272, 0.029495571644835905, 0.03891424496123835, 0.0009999588276544777], [0.7438024376571307, 0.2060001569177833, 0.001867853701800139, 0.021677597593331665, 0.02563708820946191, 0.0010148659204922638], [0.7526441131161957, 0.19362856911465545, 0.0019139589760358545, 0.020670267965774352, 0.030112130015358167, 0.0010309608119804723], [0.7394354636302609, 0.20946485870961712, 0.0018672925333065372, 0.022071817909136624, 0.02614626244579514, 0.0010143047718836563], [0.6376308970798195, 0.29641751276140826, 0.0017141170714983374, 0.027410492615113174, 0.03582702333888441, 0.0009999571332764054], [0.596852906048556, 0.3401349503508943, 0.0016693423639741742, 0.028465952390749834, 0.03187691428585293, 0.0009999345599727473], [0.44520509717748, 0.47007477006498627, 0.0014303393519756204, 0.03627979781408204, 0.04601015544391689, 0.0009998401475593533], [0.42446431688154274, 0.48479360333174476, 0.001412623242433749, 0.03517253445087194, 0.05315708606508942, 0.0009998360283174903], [0.4553136955661183, 0.45529370714303724, 0.0014392072570596393, 0.03925524409090815, 0.047698296939634344, 0.0009998490032423152], [0.6013529669070894, 0.3226267103931542, 0.0016739637997707205, 0.032630636356943736, 0.04071578336963739, 0.0009999391734047199], [0.620374390128536, 0.29929257387505503, 0.001713826759625816, 0.02998091858293082, 0.04763833381781578, 0.000999956836036542], [0.6380655525947098, 0.2847680939925037, 0.0017135773369368256, 0.028372524039743104, 0.04608029542299592, 0.0009999566131105519], [0.612933165037193, 0.30868969442408406, 0.0016748390990580964, 0.03205167217045635, 0.04365068919967984, 0.0009999400695288295], [0.10142866022358252, 0.4382370755613831, 0.0013716498696647271, 0.03730834769158544, 0.42065444039839917, 0.000999826255385038], [0.09850319149912261, 0.47732067909577186, 0.0013498685778622294, 0.03950282241266861, 0.38232362229444794, 0.0009998161201267618], [0.27528913932324683, 0.551932679148784, 0.0011278428266916203, 0.03578696647586299, 0.13486355321282015, 0.0009998190125944729], [0.44043916074041334, 0.2371088480281572, 0.2367430450458113, 0.030868994939757904, 0.05384012031157342, 0.0009998309342868943], [0.9950224004417905, 0.0009955199116420117, 0.0009955199116420117, 0.0009955199116420117, 0.0009955199116420117, 0.0009955199116420117], [0.9950224004417905, 0.0009955199116420117, 0.0009955199116420117, 0.0009955199116420117, 0.0009955199116420117, 0.0009955199116420117], [0.6463196448796104, 0.16216773816470476, 0.13778916476098027, 0.026355733908468976, 0.026367765892052, 0.0009999523941837249], [0.027697069567175027, 0.1264304670974651, 0.08806020071184353, 0.017078402087167818, 0.7397328060708611, 0.0010010544654874777], [0.9950224004417905, 0.0009955199116420117, 0.0009955199116420117, 0.0009955199116420117, 0.0009955199116420117, 0.0009955199116420117]], [[0.9950224004417905, 0.0009955199116420117, 0.0009955199116420117, 0.0009955199116420117, 0.0009955199116420117, 0.0009955199116420117], [0.778555323170052, 0.11412090510257705, 0.08406870380478493, 0.01513702423077845, 0.007029086152352157, 0.0010889575394553888], [0.01843714066558361, 0.18607973603098354, 0.0018913374453198382, 0.017734032708634433, 0.7748435893312874, 0.0010141638181912307], [0.7807688333251641, 0.18840081038072104, 0.002924364094006228, 0.018949879329160358, 0.007862143339381473, 0.0010939695315667793], [0.0009926772151303048, 0.0889810510309178, 0.0031402205480544434, 0.006280441096108887, 0.8994308912678317, 0.0011747188419569544], [0.017631725780542222, 0.19797873655080725, 0.0029043753592344827, 0.019052702356578206, 0.7613459679671962, 0.001086491985641606], [0.7723025443673905, 0.18997971110299586, 0.001912601909840053, 0.0173971784446394, 0.0173783604482894, 0.0010296037268447814], [0.03600133955154227, 0.21030782328159084, 0.0018451418898571214, 0.02329593738901537, 0.7275497602841694, 0.0009999976038249678], [0.6525400535593336, 0.2846038810030029, 0.0017119737889726033, 0.02689437116834717, 0.033249765474476, 0.000999955005867614], [0.04585019092024171, 0.2117430063840016, 0.0018446575868938284, 0.022906170762836773, 0.7166559772395841, 0.0009999971064420386], [0.7498899923158271, 0.2011492945905395, 0.0018658641541132932, 0.02023584779538818, 0.025846124772915445, 0.0010128763712166043], [0.07140125934341342, 0.2801765581597138, 0.0016973104461412041, 0.032467127209820576, 0.6132578016747716, 0.000999943166139322], [0.6164008854799502, 0.31501661390958435, 0.0016744176897452226, 0.029216606013673367, 0.036691537264705226, 0.0009999396423417675], [0.45987968865443996, 0.4542733256875901, 0.0014305681111471613, 0.03569844877810585, 0.047718128391831975, 0.0009998403768849684], [0.4195219233360767, 0.48960685355052763, 0.0014079794772232554, 0.03234433205882477, 0.05611908019992392, 0.0009998313774238932], [0.30035464869146467, 0.5174269923497868, 0.0011298155866044314, 0.0317755534263722, 0.14831317250818363, 0.000999817437588211], [0.4227339269957384, 0.48408277910979186, 0.0014077417085774596, 0.03832556055193475, 0.05245016050276012, 0.0009998311311974434], [0.44946149358918674, 0.4643839445266943, 0.0014288264700905776, 0.036857283730467184, 0.0468686130464816, 0.0009998386370798043], [0.07616185234997482, 0.33033711946035205, 0.0015113644906242691, 0.03335525100536265, 0.5576345401363756, 0.0009998725573106657], [0.6545778891847955, 0.2732942854103778, 0.0017133544722428954, 0.02908576901421185, 0.040328745556583154, 0.0009999563617885984], [0.7451980412969054, 0.19858213285009868, 0.0018666058578710569, 0.023172111038992617, 0.03016749087003615, 0.0010136180860960632], [0.74601132276917, 0.1956902590639677, 0.0019133657426384622, 0.0249642663347602, 0.030390418517459446, 0.0010303675720042312], [0.7448173715568648, 0.19696769332359443, 0.0018662581291056172, 0.02237026929080493, 0.03296513735183254, 0.001013270347797742], [0.6466084429150741, 0.2803306287962912, 0.0017163682850163547, 0.028207578967897783, 0.04213702164399446, 0.0009999593917262135], [0.07822561173841554, 0.34302180778752006, 0.001507560933288759, 0.03369542568791244, 0.5425497251059305, 0.000999868746932696], [0.4483838978813733, 0.45099778006742725, 0.0014382188126024315, 0.03826274732288749, 0.059917507882578526, 0.000999848033131124], [0.6033921802480265, 0.321330539570999, 0.0016722296864210187, 0.028483952359560964, 0.04412116068619031, 0.000999937448802226], [0.09735410983034072, 0.29347562119999404, 0.0016941981704772296, 0.03258857726046661, 0.5738875535138334, 0.0009999400248882084], [0.6227735305407127, 0.3000913349934955, 0.0016715698747735751, 0.03126804806212404, 0.04319557974898709, 0.000999936779907137], [0.09957638442187287, 0.2861097757671193, 0.0016916892548462612, 0.0277647653031544, 0.5838574476991452, 0.0009999375538620667], [0.09056498480654109, 0.28314802466198896, 0.001693900571110287, 0.03549532800079225, 0.5880978222224612, 0.0009999397371063556], [0.608015900303315, 0.30835412638170595, 0.001672552802402402, 0.030206650335886164, 0.05075083241648793, 0.0009999377602027868], [0.44443158521666337, 0.45679264930310526, 0.00143671101918828, 0.03774028297140377, 0.05859892496190754, 0.000999846527731938], [0.4291724410041496, 0.47490068136083835, 0.0014127394352555806, 0.03646432846675612, 0.05704997360729614, 0.0009998361257042494], [0.4497686288710915, 0.22474474654240506, 0.2344413828837622, 0.029892426484101037, 0.06015297316622901, 0.000999842052411251], [0.9950224004417905, 0.0009955199116420117, 0.0009955199116420117, 0.0009955199116420117, 0.0009955199116420117, 0.0009955199116420117], [0.6616960050979123, 0.14462312197153704, 0.13507358483231852, 0.02647925029146757, 0.031128079549408078, 0.000999958257356583], [0.03426873266593685, 0.2287331090578742, 0.0018459370433284376, 0.020873907663624656, 0.7132783151707944, 0.0009999983984416722], [0.7461048707689141, 0.1180812603537888, 0.09992724460496709, 0.017615340162661978, 0.01724178960544691, 0.0010294945042212337], [0.9950224004417905, 0.0009955199116420117, 0.0009955199116420117, 0.0009955199116420117, 0.0009955199116420117, 0.0009955199116420117]], [[0.9950224004417905, 0.0009955199116420117, 0.0009955199116420117, 0.0009955199116420117, 0.0009955199116420117, 0.0009955199116420117], [0.7865534220732, 0.10008264105799704, 0.08406902829626366, 0.013160546826684083, 0.015103239974946165, 0.0010311217709090199], [0.777330323628668, 0.18725431714342278, 0.0018670007874879292, 0.016829201522897314, 0.015705143915713152, 0.0010140130018108167], [0.023452638413176848, 0.1973921361361906, 0.001890650955971697, 0.024323333897773407, 0.7519277632660021, 0.0010134773308854183], [0.777750659169233, 0.19271248774633698, 0.002924364094006228, 0.018949879329160358, 0.00656864012969669, 0.0010939695315667793], [0.7515862304291094, 0.20203950636003454, 0.0019137667867904315, 0.020956075058329828, 0.0224736527471123, 0.0010307686186232692], [0.047819297055968824, 0.20904198564854926, 0.0018481373248026942, 0.019926379672115933, 0.7203636141559312, 0.0010005861426321816], [0.658150995673145, 0.2813872860307107, 0.001715571097744712, 0.028137247930605055, 0.029608940668138968, 0.0009999585996557838], [0.6168283530215675, 0.31917800286203507, 0.0016701203293775966, 0.029542033460334405, 0.031781554975191334, 0.0009999353514942434], [0.6387325998327004, 0.28997082038841604, 0.00171513065538972, 0.02653504483685394, 0.042046446148065034, 0.0009999581385749428], [0.7457061207673449, 0.2010682346623285, 0.0018674712158314613, 0.02384454879249697, 0.026499141125091323, 0.0010144834369068064], [0.7466800536474935, 0.19802649301746714, 0.0018673915593027622, 0.02238218409705574, 0.030029473891922592, 0.001014403786758187], [0.08193010605247356, 0.27866061428342936, 0.0017011825346540954, 0.027764400621774012, 0.6089437495041403, 0.0009999470035288187], [0.6101193004252384, 0.3156151238483361, 0.0016756590423052356, 0.028826787692624017, 0.04276318813136286, 0.0009999408601333508], [0.09785041165631267, 0.4452282546099791, 0.001370286896555924, 0.03203315172604653, 0.4225180701961076, 0.0009998249149983237], [0.42800613274062094, 0.4801346457828167, 0.0014092546571750392, 0.033164753528991085, 0.05628538063933527, 0.0009998326510610707], [0.45760293154270115, 0.45744141928351506, 0.0014317539196761996, 0.03451839275071071, 0.048005660925822854, 0.0009998415775741172], [0.08108230681887567, 0.3231451694553473, 0.0015124429840058873, 0.030538841739011557, 0.5627213653919916, 0.0009998736107681917], [0.6348054870888913, 0.2854066739781929, 0.0017136813664789738, 0.03301326969509894, 0.04406093117393208, 0.0009999566974059544], [0.6398170201535636, 0.28709268120702425, 0.0017137571022627644, 0.028224025959654637, 0.04215255880448593, 0.000999956773008899], [0.06287152256987374, 0.20322880365108512, 0.0018452792924423984, 0.021015827713444412, 0.7100385690480125, 0.0009999977251418635], [0.05814625150192322, 0.19748819823905644, 0.001888321951524325, 0.022613638596961198, 0.7188524413677324, 0.0010111483428022073], [0.7481102441259306, 0.1920197329985765, 0.0019118503321172693, 0.024164034339380715, 0.032765286056517635, 0.0010288521474772856], [0.7385440625266043, 0.20058233500736913, 0.0018672903087015294, 0.02515450636457446, 0.032837503255799344, 0.0010143025369513605], [0.656747073975645, 0.270619218095128, 0.001718590472184844, 0.028635484026115002, 0.04127967184046332, 0.000999961590463969], [0.0915366345600074, 0.31727661674457963, 0.001509143161889226, 0.02899508655612368, 0.5596826486396427, 0.0009998703377574103], [0.088474194126526, 0.28946666182867575, 0.0016958781774336403, 0.03219092026390247, 0.5871724039080165, 0.000999941695445664], [0.09771076224889323, 0.3057843112665409, 0.00151031119521991, 0.03539160501482078, 0.5586031387994949, 0.000999871475030341], [0.4798537384524896, 0.4244652322576759, 0.0014369088690632731, 0.03661973031225317, 0.056624543396295364, 0.0009998467122227766], [0.09266580338296733, 0.31817117608340617, 0.0015113666838022354, 0.0301148650906542, 0.5565369162043183, 0.0009998725548518543], [0.6342813530443829, 0.2861254624375517, 0.0017144397407157443, 0.027687958063579494, 0.04919082927140557, 0.0009999574423645756], [0.629132283232025, 0.2853043265532885, 0.0017153601445663413, 0.032955760772511604, 0.049892310933665605, 0.000999958363942998], [0.10342259949055202, 0.3244873803078303, 0.0015135488223426588, 0.03220302231499983, 0.5373735743634236, 0.0009998747008517503], [0.11429107721203594, 0.44040414016605145, 0.0013705766810613305, 0.04845345530075277, 0.39448092900651677, 0.000999821633581662], [0.09173356986987063, 0.18584368931033537, 0.13460545241218846, 0.031449382602247805, 0.5553680292858267, 0.0009998765195310417], [0.9950224004417905, 0.0009955199116420117, 0.0009955199116420117, 0.0009955199116420117, 0.0009955199116420117, 0.0009955199116420117], [0.06172215702049198, 0.12372277933139339, 0.08166812422357154, 0.020708279295907187, 0.7111786620954201, 0.0009999980332157947], [0.7501097945257379, 0.2092317436714896, 0.001914870635340244, 0.019259574861595387, 0.018452143851024814, 0.0010318724548120408], [0.7765756522333955, 0.11694900644065775, 0.08406870380478493, 0.015137024230778449, 0.006180655750927946, 0.0010889575394553888], [0.9950224004417905, 0.0009955199116420117, 0.0009955199116420117, 0.0009955199116420117, 0.0009955199116420117, 0.0009955199116420117]], [[0.9950224004417905, 0.0009955199116420117, 0.0009955199116420117, 0.0009955199116420117, 0.0009955199116420117, 0.0009955199116420117], [0.9950224004417905, 0.0009955199116420117, 0.0009955199116420117, 0.0009955199116420117, 0.0009955199116420117, 0.0009955199116420117], [0.6862705608791737, 0.14238878110047634, 0.12886667157878817, 0.02079137687357956, 0.02068265390679432, 0.0009999556611877854], [0.030727934399971596, 0.12282087703119368, 0.08063628111864514, 0.02090421903097433, 0.743908342452038, 0.0010023459671772868], [0.7472681861567492, 0.2086230534654431, 0.0019142827347661529, 0.020542825247043546, 0.02062036784258249, 0.0010312845534155934], [0.7368201992344672, 0.21577299004904635, 0.0018675008540808764, 0.022513307594332774, 0.02201148919529986, 0.001014513072773001], [0.6407370058573794, 0.28875384331629017, 0.0017152670346138278, 0.028028639279487764, 0.03976528621238444, 0.0009999582998445693], [0.5989564366463647, 0.32761127982851146, 0.0016691841175735932, 0.03254388623639573, 0.038219278756110135, 0.0009999344150445452], [0.4537195885953112, 0.46410552984716125, 0.0014316967008038378, 0.03407065082652591, 0.04567269250417359, 0.000999841526024281], [0.08263495962424192, 0.3298145654513918, 0.0015094947759393205, 0.03405524875827538, 0.5509858607097227, 0.0009998706804289963], [0.6502890287985799, 0.2771920800523385, 0.0017160538759298037, 0.030158700599722248, 0.03964417760020922, 0.0009999590732203347], [0.05924149323996751, 0.20237336948360635, 0.0018464266165299534, 0.024195875723027765, 0.7113428360497565, 0.0009999988871120346], [0.7368965540384388, 0.2049593256580564, 0.0018664385298707367, 0.023121347542625174, 0.03214288348562372, 0.001013450745385234], [0.0816186960021654, 0.2807815073192925, 0.0017022488067882377, 0.03054098323746838, 0.6043566165672815, 0.0009999480670040539], [0.6118306217039177, 0.3145851280269637, 0.0016739958325321543, 0.0263490092931664, 0.044561305915697486, 0.0009999392277227305], [0.4596114853814836, 0.45254054464085264, 0.0014306688036124335, 0.03563848855919277, 0.04977897213000359, 0.0009998404848551054], [0.6157407779927963, 0.3113121615392903, 0.0016721625663984128, 0.03071492464489494, 0.03956003588225893, 0.0009999373743612365], [0.6343039715318763, 0.28368094404219574, 0.0017127290842789593, 0.030955445190420965, 0.04834695439417875, 0.0009999557570492148], [0.091082887539138, 0.2871424030142056, 0.0016975196850894556, 0.03211517332294976, 0.5869620730859458, 0.0009999433526714698], [0.6187976688954602, 0.3108689941657117, 0.0016725500086796931, 0.03152540579253942, 0.03613544338112478, 0.0009999377564842507], [0.6507558510187428, 0.2760247771563744, 0.001716270078657811, 0.029762213544449096, 0.04074092892670585, 0.0009999592750700298], [0.7534560846991779, 0.19525647898929957, 0.0018646951851589277, 0.01869226099151382, 0.029718772716674603, 0.0010117074181751995], [0.7467931501440161, 0.19443056358997782, 0.0019136170097528093, 0.021735312309713456, 0.03409673810824358, 0.0010306188382962218], [0.060372716317605706, 0.1957657664711256, 0.0018885593224575003, 0.01859955840448853, 0.7223620137800076, 0.0010113857043151401], [0.745051648500216, 0.19661661041747935, 0.001863970606761806, 0.023983046980821043, 0.03147374066688452, 0.0010109828278371512], [0.6459060344367693, 0.2778418857462223, 0.0017157855525660136, 0.028659889703780368, 0.04487644574878705, 0.0009999588118751578], [0.6189234775035939, 0.3024233044509882, 0.0016733672019307623, 0.030865759298465894, 0.045114152971829406, 0.00099993857319186], [0.47364451125026086, 0.43178669766734706, 0.0014394119067346201, 0.03463071753744026, 0.05749881243436911, 0.0009998492038482093], [0.45690775163818054, 0.4476570941020914, 0.0014156049553416452, 0.038052101870605246, 0.0549676084219371, 0.0009998390118440225], [0.10444537232255485, 0.41565707463540474, 0.0013711188203649873, 0.03188076963517793, 0.44564583886878, 0.000999825717717509], [0.6069032096709646, 0.30780723889622774, 0.0016722188114392383, 0.030069326771650327, 0.05254806839129074, 0.0009999374584274627], [0.1006525126809435, 0.30993484234349145, 0.0015069927365857427, 0.03240385889193426, 0.5545019251859729, 0.0009998681610722396], [0.4628830524767225, 0.44116685792636606, 0.00143852346981862, 0.035477764956366176, 0.05803395284925616, 0.0009998483214705754], [0.44379730135113193, 0.45762570399485675, 0.00141800935176728, 0.038066197238469504, 0.05809294665131951, 0.000999841412455052], [0.46858954467645164, 0.4336141839842333, 0.0014402899706704398, 0.03607135542052215, 0.0592847758378249, 0.0009998501102974394], [0.6204183713630206, 0.17011037937005016, 0.13158840247164724, 0.027929396690555806, 0.04895351195366731, 0.0009999381510589086], [0.9950224004417905, 0.0009955199116420117, 0.0009955199116420117, 0.0009955199116420117, 0.0009955199116420117, 0.0009955199116420117], [0.05494214416000118, 0.1335390541182795, 0.07856063667356047, 0.014904104262612867, 0.7170523494835833, 0.0010017113019627954], [0.7649366609639073, 0.1096706532981288, 0.09029887913243241, 0.015923840205179677, 0.018138981023212975, 0.001030985377138874], [0.9950224004417905, 0.0009955199116420117, 0.0009955199116420117, 0.0009955199116420117, 0.0009955199116420117, 0.0009955199116420117]], [[0.9950224004417905, 0.0009955199116420117, 0.0009955199116420117, 0.0009955199116420117, 0.0009955199116420117, 0.0009955199116420117], [0.7020700374162367, 0.1224157600800292, 0.13662580041190994, 0.016821151777235366, 0.021067291821818376, 0.000999958492770482], [0.9950224004417905, 0.0009955199116420117, 0.0009955199116420117, 0.0009955199116420117, 0.0009955199116420117, 0.0009955199116420117], [0.9950224004417905, 0.0009955199116420117, 0.0009955199116420117, 0.0009955199116420117, 0.0009955199116420117, 0.0009955199116420117], [0.052801418948101385, 0.12917981318743935, 0.08230305981139027, 0.01874534404339263, 0.7159702552436235, 0.0010001087660528696], [0.07499350108291801, 0.29243633732509444, 0.0016993793863823397, 0.03042329396043036, 0.599447543046285, 0.0009999451988900166], [0.5896368314616968, 0.3344117907218725, 0.0016706816564269586, 0.032229819239604544, 0.04105094101226868, 0.0009999359081305432], [0.09854977698288717, 0.4507327057071434, 0.001371644577786579, 0.03133861514487526, 0.4170074313372064, 0.0009998262501013271], [0.4218128367134708, 0.4851552784189801, 0.0014071743986705256, 0.035711773097356514, 0.054913106805811664, 0.0009998305657104047], [0.10277924463211092, 0.44808705867397186, 0.0013714188036304624, 0.03639005993784292, 0.4103723919268386, 0.0009998260256053266], [0.6101793227772521, 0.31785791492827786, 0.0016746666207160194, 0.029533684803818225, 0.03975447099120879, 0.0009999398787270705], [0.6495250342028503, 0.28182777938475834, 0.0017166888816227193, 0.028142845026806387, 0.037787692824768584, 0.0009999596791936474], [0.7477058724690041, 0.19599637847233803, 0.0018644066719558073, 0.022377706446347657, 0.031044217041762384, 0.0010114188985920001], [0.7513938847275948, 0.18654118374957956, 0.0018674161500785284, 0.027046252924341683, 0.03213683406292746, 0.0010144283854780203], [0.09012401140714554, 0.2677804493833177, 0.0017006877476206414, 0.028462625598908463, 0.6109322793291997, 0.0009999465338079978], [0.6323932403714257, 0.29695900736908487, 0.0016752744595100754, 0.027510568571433774, 0.04046196874489186, 0.0009999404836538476], [0.638439736844758, 0.27932353253737324, 0.0017136077944496695, 0.030140581972755414, 0.04938258423320819, 0.0009999566174554275], [0.09212202449190679, 0.28595038296404895, 0.0016976153913091513, 0.02650138635498777, 0.5927286473537208, 0.0009999434440267135], [0.6052832990604252, 0.3193064202516631, 0.0016721321831393969, 0.031492180431863935, 0.04124603073352601, 0.000999937339382341], [0.464147009309407, 0.44617232834570486, 0.0014345220001116025, 0.03170518989149125, 0.05554110610737767, 0.0009998443459076046], [0.6210216021408176, 0.3050918034885234, 0.0016719276469333644, 0.027056057126336436, 0.04415867244077786, 0.0009999371566113996], [0.6599026001778197, 0.27067167445872164, 0.0017180982710297838, 0.02692565396281161, 0.03978201201930642, 0.000999961110311014], [0.7492318358130692, 0.19417266495182475, 0.0018649510188326571, 0.02302440647925691, 0.03069417849313641, 0.0010119632438