{"prediction": [[[0.9950224004417905, 0.0009955199116420117, 0.0009955199116420117, 0.0009955199116420117, 0.0009955199116420117, 0.0009955199116420117], [0.9950224004417905, 0.0009955199116420117, 0.0009955199116420117, 0.0009955199116420117, 0.0009955199116420117, 0.0009955199116420117], [0.9950224004417905, 0.0009955199116420117, 0.0009955199116420117, 0.0009955199116420117, 0.0009955199116420117, 0.0009955199116420117], [0.9950224004417905, 0.0009955199116420117, 0.0009955199116420117, 0.0009955199116420117, 0.0009955199116420117, 0.0009955199116420117], [0.9950224004417905, 0.0009955199116420117, 0.0009955199116420117, 0.0009955199116420117, 0.0009955199116420117, 0.0009955199116420117], [0.9950224004417905, 0.0009955199116420117, 0.0009955199116420117, 0.0009955199116420117, 0.0009955199116420117, 0.0009955199116420117], [0.9950224004417905, 0.0009955199116420117, 0.0009955199116420117, 0.0009955199116420117, 0.0009955199116420117, 0.0009955199116420117], [0.9950224004417905, 0.0009955199116420117, 0.0009955199116420117, 0.0009955199116420117, 0.0009955199116420117, 0.0009955199116420117], [0.9950224004417905, 0.0009955199116420117, 0.0009955199116420117, 0.0009955199116420117, 0.0009955199116420117, 0.0009955199116420117], [0.9950224004417905, 0.0009955199116420117, 0.0009955199116420117, 0.0009955199116420117, 0.0009955199116420117, 0.0009955199116420117], [0.9950224004417905, 0.0009955199116420117, 0.0009955199116420117, 0.0009955199116420117, 0.0009955199116420117, 0.0009955199116420117], [0.9950224004417905, 0.0009955199116420117, 0.0009955199116420117, 0.0009955199116420117, 0.0009955199116420117, 0.0009955199116420117], [0.9950224004417905, 0.0009955199116420117, 0.0009955199116420117, 0.0009955199116420117, 0.0009955199116420117, 0.0009955199116420117], [0.9950224004417905, 0.0009955199116420117, 0.0009955199116420117, 0.0009955199116420117, 0.0009955199116420117, 0.0009955199116420117], [0.9950224004417905, 0.0009955199116420117, 0.0009955199116420117, 0.0009955199116420117, 0.0009955199116420117, 0.0009955199116420117], [0.9950224004417905, 0.0009955199116420117, 0.0009955199116420117, 0.0009955199116420117, 0.0009955199116420117, 0.0009955199116420117], [0.9950224004417905, 0.0009955199116420117, 0.0009955199116420117, 0.0009955199116420117, 0.0009955199116420117, 0.0009955199116420117], [0.9950224004417905, 0.0009955199116420117, 0.0009955199116420117, 0.0009955199116420117, 0.0009955199116420117, 0.0009955199116420117], [0.9950224004417905, 0.0009955199116420117, 0.0009955199116420117, 0.0009955199116420117, 0.0009955199116420117, 0.0009955199116420117], [0.9950224004417905, 0.0009955199116420117, 0.0009955199116420117, 0.0009955199116420117, 0.0009955199116420117, 0.0009955199116420117], [0.9950224004417905, 0.0009955199116420117, 0.0009955199116420117, 0.0009955199116420117, 0.0009955199116420117, 0.0009955199116420117], [0.9950224004417905, 0.0009955199116420117, 0.0009955199116420117, 0.0009955199116420117, 0.0009955199116420117, 0.0009955199116420117], [0.9950224004417905, 0.0009955199116420117, 0.0009955199116420117, 0.0009955199116420117, 0.0009955199116420117, 0.0009955199116420117], [0.9950224004417905, 0.0009955199116420117, 0.0009955199116420117, 0.0009955199116420117, 0.0009955199116420117, 0.0009955199116420117], [0.9950224004417905, 0.0009955199116420117, 0.0009955199116420117, 0.0009955199116420117, 0.0009955199116420117, 0.0009955199116420117], [0.9950224004417905, 0.0009955199116420117, 0.0009955199116420117, 0.0009955199116420117, 0.0009955199116420117, 0.0009955199116420117], [0.9950224004417905, 0.0009955199116420117, 0.0009955199116420117, 0.0009955199116420117, 0.0009955199116420117, 0.0009955199116420117], [0.9950224004417905, 0.0009955199116420117, 0.0009955199116420117, 0.0009955199116420117, 0.0009955199116420117, 0.0009955199116420117], [0.9950224004417905, 0.0009955199116420117, 0.0009955199116420117, 0.0009955199116420117, 0.0009955199116420117, 0.0009955199116420117], [0.9950224004417905, 0.0009955199116420117, 0.0009955199116420117, 0.0009955199116420117, 0.0009955199116420117, 0.0009955199116420117], [0.9950224004417905, 0.0009955199116420117, 0.0009955199116420117, 0.0009955199116420117, 0.0009955199116420117, 0.0009955199116420117], [0.9950224004417905, 0.0009955199116420117, 0.0009955199116420117, 0.0009955199116420117, 0.0009955199116420117, 0.0009955199116420117], [0.9950224004417905, 0.0009955199116420117, 0.0009955199116420117, 0.0009955199116420117, 0.0009955199116420117, 0.0009955199116420117], [0.9950224004417905, 0.0009955199116420117, 0.0009955199116420117, 0.0009955199116420117, 0.0009955199116420117, 0.0009955199116420117], [0.9950224004417905, 0.0009955199116420117, 0.0009955199116420117, 0.0009955199116420117, 0.0009955199116420117, 0.0009955199116420117], [0.9950224004417905, 0.0009955199116420117, 0.0009955199116420117, 0.0009955199116420117, 0.0009955199116420117, 0.0009955199116420117], [0.9950224004417905, 0.0009955199116420117, 0.0009955199116420117, 0.0009955199116420117, 0.0009955199116420117, 0.0009955199116420117], [0.9950224004417905, 0.0009955199116420117, 0.0009955199116420117, 0.0009955199116420117, 0.0009955199116420117, 0.0009955199116420117], [0.9950224004417905, 0.0009955199116420117, 0.0009955199116420117, 0.0009955199116420117, 0.0009955199116420117, 0.0009955199116420117], [0.9950224004417905, 0.0009955199116420117, 0.0009955199116420117, 0.0009955199116420117, 0.0009955199116420117, 0.0009955199116420117]], [[0.9950224004417905, 0.0009955199116420117, 0.0009955199116420117, 0.0009955199116420117, 0.0009955199116420117, 0.0009955199116420117], [0.7931776004214456, 0.07770722833864888, 0.07616637176128206, 0.011480228629941462, 0.04042662405835813, 0.0010419467903238278], [0.6825622353289732, 0.10302952329561745, 0.1281734979596063, 0.02275649506900867, 0.06242828935952929, 0.0010499589872649021], [0.1258749709128273, 0.12994380901861385, 0.1170245860895411, 0.02696933795119518, 0.5991873104441968, 0.000999985583625904], [0.6991542628628062, 0.10801851608085473, 0.12720924413535006, 0.016614359078842685, 0.0479536146747587, 0.0010500031673876884], [0.06774032967077141, 0.07388276639945042, 0.06159043781897774, 0.012117858478021605, 0.7836686181680328, 0.0009999894647459969], [0.872901834163458, 0.04613111351048703, 0.04549704985318461, 0.011171124603603236, 0.0232435629940182, 0.0010553148752489709], [0.026740771381171667, 0.030582155149980816, 0.019647841289545658, 0.00486238683859088, 0.9171083814108631, 0.0010584639298478308], [0.951491455855616, 0.02269202354390297, 0.01579673159883128, 0.0045136919753280816, 0.004433051972147818, 0.001073045054173675], [0.9391017901301217, 0.025820536343455894, 0.019184788309512733, 0.003454324764870713, 0.011133900663047534, 0.0013046597889911952], [0.9805202443998222, 0.011093301342621709, 0.004847604114934579, 0.000999928336281472, 0.0012728837529256804, 0.0012660380534143445], [0.9814074836373814, 0.009825816717537218, 0.004847604114934579, 0.000999928336281472, 0.001653129140451028, 0.0012660380534143445], [0.9813558551807486, 0.009899571655584019, 0.004847604114934579, 0.000999928336281472, 0.0016310026590369876, 0.0012660380534143445], [0.9804669738619968, 0.011169402110943853, 0.004847604114934579, 0.000999928336281472, 0.0012500535224290374, 0.0012660380534143445], [0.9387745173009568, 0.02628806895654867, 0.019184788309512733, 0.003454324764870713, 0.0109936408791197, 0.0013046597889911952], [0.9484622608590811, 0.018289491253229297, 0.02115619349590558, 0.005351689514843613, 0.0056681960320471144, 0.0010721688448931436], [0.03042648275730922, 0.03240977686514262, 0.02630409640386831, 0.007358084726479741, 0.9024418186953655, 0.0010597405518346001], [0.8495629685824558, 0.05259293885070269, 0.051610069512472045, 0.009694722509995717, 0.03548239663316114, 0.0010569039112124172], [0.8081731320055785, 0.07476162794432575, 0.06683733726369061, 0.013384357460363365, 0.03580143024359846, 0.0010421150824433353], [0.689831860983023, 0.10219826910417952, 0.1267620943976491, 0.016750537576660358, 0.06340228906051991, 0.0010549488779680537], [0.6748190651020417, 0.1262843419324039, 0.10585426474019778, 0.01796077414276352, 0.07404109032909507, 0.0010404637534979003], [0.9950224004417905, 0.0009955199116420117, 0.0009955199116420117, 0.0009955199116420117, 0.0009955199116420117, 0.0009955199116420117], [0.9950224004417905, 0.0009955199116420117, 0.0009955199116420117, 0.0009955199116420117, 0.0009955199116420117, 0.0009955199116420117], [0.9950224004417905, 0.0009955199116420117, 0.0009955199116420117, 0.0009955199116420117, 0.0009955199116420117, 0.0009955199116420117], [0.9950224004417905, 0.0009955199116420117, 0.0009955199116420117, 0.0009955199116420117, 0.0009955199116420117, 0.0009955199116420117], [0.9718963786678676, 0.010842790875945084, 0.006610297424315339, 0.004303786581767675, 0.005276136383521786, 0.001070610066582639], [0.9950224004417905, 0.0009955199116420117, 0.0009955199116420117, 0.0009955199116420117, 0.0009955199116420117, 0.0009955199116420117], [0.9810214312197828, 0.01037732017124947, 0.004847604114934579, 0.000999928336281472, 0.0014876781043373518, 0.0012660380534143445], [0.9814337556415116, 0.009788285283065537, 0.004847604114934579, 0.000999928336281472, 0.0016643885707925323, 0.0012660380534143445], [0.004571663413646871, 0.0098059401564676, 0.004375842319989058, 0.0009999267222396404, 0.9789827928888947, 0.0012638344987621266], [0.02136195299693164, 0.024538209543179087, 0.019044317975761796, 0.002970701411260893, 0.9307824958747519, 0.001302322198114658], [0.962857769236637, 0.017464673628746246, 0.012637421664419475, 0.0023519634439924412, 0.003618012049873689, 0.0010701599763310245], [0.9391041372230979, 0.025817183353490005, 0.019184788309512733, 0.003454324764870713, 0.0111349065600373, 0.0013046597889911952], [0.9805202443998222, 0.011093301342621709, 0.004847604114934579, 0.000999928336281472, 0.0012728837529256804, 0.0012660380534143445], [0.9814074836373814, 0.009825816717537218, 0.004847604114934579, 0.000999928336281472, 0.001653129140451028, 0.0012660380534143445], [0.9808624472820026, 0.010604440082364117, 0.004847604114934579, 0.000999928336281472, 0.0014195421310029578, 0.0012660380534143445], [0.00543349298062336, 0.008574755060786901, 0.004375842319989058, 0.0009999267222396404, 0.9793521484175988, 0.0012638344987621266], [0.9813821271848786, 0.009862040221112336, 0.004847604114934578, 0.0009999283362814718, 0.0016422620893784916, 0.001266038053414344], [0.9816877621923231, 0.009425418781905916, 0.004847604114934578, 0.0009999283362814718, 0.001773248521140417, 0.001266038053414344], [0.9950224004417905, 0.0009955199116420117, 0.0009955199116420117, 0.0009955199116420117, 0.0009955199116420117, 0.0009955199116420117]], [[0.9950224004417905, 0.0009955199116420117, 0.0009955199116420117, 0.0009955199116420117, 0.0009955199116420117, 0.0009955199116420117], [0.11901385568754519, 0.11268878122135219, 0.1276405333985249, 0.028092384412008186, 0.6115638747999048, 0.0010005704806647043], [0.607565750659576, 0.2824672563852557, 0.0009999144004597792, 0.026186850525019692, 0.08175790240967407, 0.0010223256200148332], [0.3977885449356135, 0.36089217725249056, 0.0009998389158964777, 0.03359681048661011, 0.20572278949349287, 0.0009998389158964777], [0.6359414850635887, 0.2715864994689611, 0.0009998677297771855, 0.022851970637983644, 0.06758346031341732, 0.001036716786272008], [0.10311967860909164, 0.20119291608776857, 0.000999859158825229, 0.017681345239446103, 0.6760026272106495, 0.0010035736942189141], [0.06314253786880536, 0.12217797867632746, 0.000999828998294644, 0.00997500180592267, 0.8027048236523553, 0.000999828998294644], [0.05301035778741965, 0.08691246652637914, 0.000999872953435914, 0.008088776266407435, 0.8499406795377175, 0.0010478469286403294], [0.9304844127176686, 0.052124685727990866, 0.0009998751598529199, 0.0035750226280095443, 0.011764803365624734, 0.0010512004008535406], [0.9530986110520595, 0.03745013218289242, 0.00099988217450283, 0.0024959917931542137, 0.004889825095832563, 0.0010655577015584482], [0.9381772350196831, 0.041377925969474046, 0.0009996621349688663, 0.00428844523285063, 0.013856974188585534, 0.0012997574544379904], [0.980848317113028, 0.014444721571134848, 0.000999518345287304, 0.000999518345287304, 0.0014451659138708603, 0.0012627587113915823], [0.004332886858367981, 0.017722624683519313, 0.0009996451541763852, 0.0012895986611235785, 0.9743888705053952, 0.0012663741374173444], [0.03074542517976498, 0.04550370699018443, 0.000999663726262944, 0.004351838329198128, 0.917096479922302, 0.001302885852287422], [0.9295511342468875, 0.0583751543326044, 0.0009998826887456398, 0.0025428010596563627, 0.007464950928659815, 0.0010660767434461918], [0.9204066059761126, 0.05923563640053547, 0.0009998751945385367, 0.007630793757410818, 0.010675895506621517, 0.0010511931647812572], [0.8664416236163942, 0.09817933136328473, 0.0009998735703359877, 0.0080250001071266, 0.025305977354331058, 0.0010481939885275359], [0.8228066220106625, 0.13015134932078717, 0.000999868934749394, 0.01065965474715571, 0.03434558041278477, 0.0010369245738603451], [0.7010790942002827, 0.20598495309991605, 0.0009998836416067096, 0.020467743504937994, 0.0704089300595638, 0.0010593954936926606], [0.6307341935052879, 0.2665691479285665, 0.000999870212774658, 0.02264442716149751, 0.0780131211988848, 0.001039239992988452], [0.3850391057055171, 0.36814440645272783, 0.0009998480839748618, 0.033633997864591744, 0.21118279380921362, 0.0009998480839748618], [0.12811774067387302, 0.1575029212194738, 0.14566366922677318, 0.025335366123154766, 0.5423800915918758, 0.0010002111648495268], [0.9950224004417905, 0.0009955199116420117, 0.0009955199116420117, 0.0009955199116420117, 0.0009955199116420117, 0.0009955199116420117], [0.9950224004417905, 0.0009955199116420117, 0.0009955199116420117, 0.0009955199116420117, 0.0009955199116420117, 0.0009955199116420117], [0.9950224004417905, 0.0009955199116420117, 0.0009955199116420117, 0.0009955199116420117, 0.0009955199116420117, 0.0009955199116420117], [0.9950224004417905, 0.0009955199116420117, 0.0009955199116420117, 0.0009955199116420117, 0.0009955199116420117, 0.0009955199116420117], [0.9641042674018655, 0.014796417590909825, 0.010807720760635959, 0.004267895961550432, 0.004951313792151438, 0.0010723844928867722], [0.9380283544193022, 0.041590612541446456, 0.000999662134968866, 0.0042884452328506295, 0.013793168216993805, 0.0012997574544379902], [0.9797364893279159, 0.016002289508884826, 0.0009994966291062724, 0.0009994966291062724, 0.0009994966291062724, 0.001262731275880363], [0.9375121887802759, 0.04232799202577001, 0.0009996621349688663, 0.00428844523285063, 0.013571954371696742, 0.0012997574544379904], [0.9466968347310625, 0.041690993288576735, 0.0009998804122821918, 0.002279663707462185, 0.007268881695192115, 0.0010637461654241613], [0.01707701824624872, 0.05113400808294231, 0.0009998770149087495, 0.002732724487062632, 0.9270029527365782, 0.0010534194322595401], [0.9490355695094371, 0.04261369773171685, 0.000999881874083289, 0.002454947196954356, 0.0038307023430939053, 0.0010652013447143918], [0.9376170300927242, 0.04217821872227201, 0.000999662134968866, 0.0042884452328506295, 0.013616886362746139, 0.0012997574544379902], [0.9796608855613906, 0.016077990515850914, 0.0009994738207400639, 0.0009994738207400639, 0.0009994738207400639, 0.0012627024605381953], [0.9381300953913884, 0.04144526829560929, 0.0009996621349688663, 0.00428844523285063, 0.01383677149074496, 0.0012997574544379904], [0.9803035042336617, 0.015223025684515577, 0.0009995183452873042, 0.0009995183452873042, 0.0012116746798566428, 0.0012627587113915825], [0.005623431139469094, 0.01587898999623201, 0.0009996451541763852, 0.0012895986611235785, 0.9749419609115816, 0.0012663741374173444], [0.00538186460732706, 0.008648509879781616, 0.004375842319989058, 0.0009999267222396404, 0.9793300219719004, 0.0012638344987621266], [0.9950224004417905, 0.0009955199116420117, 0.0009955199116420117, 0.0009955199116420117, 0.0009955199116420117, 0.0009955199116420117]], [[0.9950224004417905, 0.0009955199116420117, 0.0009955199116420117, 0.0009955199116420117, 0.0009955199116420117, 0.0009955199116420117], [0.6900653428247315, 0.11066594652343441, 0.12000174551376312, 0.018559364537641888, 0.059654738891752844, 0.0010528617086761466], [0.6184464106626093, 0.2753178100348182, 0.0009998586840809977, 0.026185871819623372, 0.07802611214809713, 0.0010239366507709393], [0.6048773333153645, 0.2921267817578391, 0.0009999219922195825, 0.02705301865273047, 0.0739204477959222, 0.0010224964859240724], [0.12917881074682547, 0.227437671095881, 0.000999855817639533, 0.02279290508155247, 0.6185905369545146, 0.001000220303586859], [0.7822225220200928, 0.16398405438645636, 0.0009998681221224145, 0.013040491189754071, 0.03871692435856602, 0.0010361399230082989], [0.06176670218003643, 0.1275328969964029, 0.0009998727559774893, 0.00824591546007032, 0.8004070085909167, 0.0010476040165959815], [0.9060625003848717, 0.07454240792697119, 0.0009998736111911212, 0.0053405030071338325, 0.012005030464912119, 0.0010496846049199806], [0.9355533026115088, 0.05041470251783106, 0.000999881004125117, 0.0030173476867124027, 0.008950408381200679, 0.001064357798621796], [0.9367628170490728, 0.04339852307034546, 0.000999662134968866, 0.0042884452328506295, 0.013250795058324102, 0.0012997574544379902], [0.9796389162466587, 0.016099988087188988, 0.0009994671929727079, 0.0009994671929727079, 0.0009994671929727079, 0.0012626940872341884], [0.9802601278697514, 0.015284991918673177, 0.0009995183452873042, 0.0009995183452873042, 0.001193084809609363, 0.0012627587113915825], [0.9372202723308969, 0.042745015524882586, 0.000999662134968866, 0.0042884452328506295, 0.013446847321962965, 0.0012997574544379902], [0.016996693041156644, 0.04867956040080599, 0.000999886091238966, 0.0032943744133685777, 0.9289596354218622, 0.001069850631567629], [0.9159832771593922, 0.06388568934001061, 0.0009998739532467082, 0.009289929942220578, 0.008791224192810388, 0.0010500054123195853], [0.8802952758356304, 0.08437907636632287, 0.0009998720805868212, 0.008923089804842937, 0.024355962936896212, 0.0010467229757208484], [0.8944800262015935, 0.07959949123742947, 0.0009998728597021959, 0.005347191235736757, 0.018524529534455037, 0.0010488889310829729], [0.840895885176714, 0.11324178620878536, 0.0009998723154395254, 0.011933658704640852, 0.03188181894541092, 0.0010469786490092253], [0.7902020652157061, 0.1495255937905492, 0.0009998661797753503, 0.013009554585285632, 0.04522872492173481, 0.0010341953069489334], [0.647197849625494, 0.24885748938070507, 0.0009998785772105548, 0.021561601032108604, 0.08032885903574842, 0.0010543223487332022], [0.6174237447338954, 0.28385669392434715, 0.0009999171680749705, 0.025394765269927944, 0.07130232232363333, 0.001022556580121271], [0.1537393972971916, 0.15851299135972552, 0.14203131686723386, 0.02712460340919361, 0.5175916946193607, 0.000999996447294694], [0.9950224004417905, 0.0009955199116420117, 0.0009955199116420117, 0.0009955199116420117, 0.0009955199116420117, 0.0009955199116420117], [0.0809608612844629, 0.0631783973772204, 0.050172584233186546, 0.011460873560866114, 0.7932272839606802, 0.0009999995835839237], [0.9950224004417905, 0.0009955199116420117, 0.0009955199116420117, 0.0009955199116420117, 0.0009955199116420117, 0.0009955199116420117], [0.9950224004417905, 0.0009955199116420117, 0.0009955199116420117, 0.0009955199116420117, 0.0009955199116420117, 0.0009955199116420117], [0.015834565598367684, 0.028328113270779973, 0.01506431828693417, 0.006498383951455452, 0.933198368132418, 0.0010762507600447508], [0.9363164408196291, 0.044036203398122316, 0.000999662134968866, 0.0042884452328506295, 0.013059490959991045, 0.0012997574544379902], [0.9366885096820721, 0.04350467645177545, 0.0009996621349688663, 0.00428844523285063, 0.01321894904389511, 0.0012997574544379904], [0.014116279193198081, 0.04666914560047524, 0.0009998864284751308, 0.005723846665996362, 0.9314206472099512, 0.0010701949019039834], [0.017590333560208646, 0.058523793268076725, 0.000999876747393096, 0.0028240833904139406, 0.9190087660880855, 0.0010531469458220284], [0.04427657756471005, 0.08317287037238102, 0.0009998720049655394, 0.006539206968456945, 0.8639646195704724, 0.0010468535190140272], [0.9329087590341328, 0.052573348280033814, 0.0009998752540921747, 0.002593418978996392, 0.009873317873590451, 0.0010512805791543062], [0.9501051530845168, 0.03910401612181518, 0.0009998828465052683, 0.002602257302015943, 0.006122461775443958, 0.001066228869702933], [0.03064325451851732, 0.04564966507768108, 0.000999663726262944, 0.004351838329198128, 0.917052692496053, 0.001302885852287422], [0.013681215239141498, 0.04036648255817653, 0.0009998857092028775, 0.003172668818709439, 0.9407102646321229, 0.0010694830426468559], [0.9373906945774478, 0.04250155517266725, 0.0009996621349688663, 0.00428844523285063, 0.013519885427627571, 0.0012997574544379904], [0.9802772430015886, 0.015260541730334318, 0.0009995183452873042, 0.0009995183452873042, 0.0012004198661110202, 0.0012627587113915825], [0.9814337556415116, 0.009788285283065537, 0.004847604114934579, 0.000999928336281472, 0.0016643885707925323, 0.0012660380534143445], [0.9950224004417905, 0.0009955199116420117, 0.0009955199116420117, 0.0009955199116420117, 0.0009955199116420117, 0.0009955199116420117]], [[0.9950224004417905, 0.0009955199116420117, 0.0009955199116420117, 0.0009955199116420117, 0.0009955199116420117, 0.0009955199116420117], [0.6737501795764423, 0.12042868852229274, 0.11834409051174959, 0.017362986849118366, 0.06907379589870752, 0.0010402586416896566], [0.41210988110248903, 0.35207668647769064, 0.0009998448260937261, 0.03366686225792435, 0.20014688050970844, 0.0009998448260937261], [0.6221716030499577, 0.25987881179434646, 0.0009998639706476646, 0.030635969647126643, 0.08528450446670575, 0.0010292470712156695], [0.1253600126238685, 0.22768738824062967, 0.0009998592575691716, 0.021340903640111656, 0.6236082019236907, 0.001003634314130404], [0.07718058470471968, 0.1638506935530328, 0.0009998352933466349, 0.012084257543861733, 0.7448847936116926, 0.0009998352933466349], [0.06285015850109031, 0.11532552102250748, 0.0009998738969559998, 0.009177727341375647, 0.8105979155750015, 0.00104880366306921], [0.8601577774095014, 0.09714663767020543, 0.0009998741190014122, 0.00909123779374751, 0.03155573529626729, 0.001048737711277017], [0.9079844018699553, 0.06574971511565823, 0.000999872771717739, 0.008641878427084122, 0.015575355940353855, 0.0010487758752307293], [0.935456871623431, 0.05018783326924097, 0.0009998808522662219, 0.005185332395166434, 0.007105866118468373, 0.0010642157414268744], [0.9366391441818079, 0.04357519859500997, 0.0009996621349688663, 0.00428844523285063, 0.013197792400924757, 0.0012997574544379904], [0.93674579476135, 0.04342284062423557, 0.0009996621349688663, 0.00428844523285063, 0.013243499792157075, 0.0012997574544379904], [0.015096005584730253, 0.0486045983576718, 0.0009998865866804006, 0.004052208227994516, 0.9301769220489786, 0.0010703791939444705], [0.9136799975215136, 0.07517356770080598, 0.0009998737670064352, 0.0030945798612140338, 0.006002162196469469, 0.0010498189529904777], [0.05074463099141366, 0.10230303040970753, 0.0009998729196973716, 0.006707193111273523, 0.8381974818245557, 0.0010477907433522316], [0.8319041486183276, 0.12560521471391303, 0.0009998704589066908, 0.011742165051714498, 0.028710126376097992, 0.0010384747810402858], [0.8461047258597556, 0.11359764722075037, 0.0009998730657055054, 0.009843478984045728, 0.02840650875636148, 0.0010477661133813732], [0.8397277321290003, 0.10792170289965329, 0.0009998722473443117, 0.016255594542781585, 0.03404816722094514, 0.001046930960275381], [0.8108128271763062, 0.13323307959925487, 0.0009998677930793157, 0.014789991140661889, 0.039128429382364105, 0.0010358049083337986], [0.12086763760403599, 0.21986348865327965, 0.0009998564068444736, 0.02468533696078208, 0.6325828739169009, 0.0010008064581569877], [0.611541589266318, 0.27107897227505034, 0.000999865840904585, 0.027218866862838982, 0.08812962914038024, 0.0010310766145079692], [0.4118835878058157, 0.34269173200010394, 0.00099986595103264, 0.027067970535492532, 0.21635697775652263, 0.00099986595103264], [0.1395293462367589, 0.13573584953253048, 0.11641992229315161, 0.026508987807438444, 0.5808059089891714, 0.0009999851409492105], [0.7120500777997614, 0.09801640544335255, 0.11742589065603663, 0.017753708047106288, 0.053717181078831354, 0.0010367369749118888], [0.9950224004417905, 0.0009955199116420117, 0.0009955199116420117, 0.0009955199116420117, 0.0009955199116420117, 0.0009955199116420117], [0.059515500411602786, 0.04469050973254368, 0.04186701351214444, 0.0062976078124747665, 0.8465777927656334, 0.001051575765600898], [0.928461803540547, 0.05496321635747714, 0.0009998756167391813, 0.0034957226528615263, 0.011027722611065723, 0.0010516592213093545], [0.9251456261299831, 0.0563213394273311, 0.0009998820457776966, 0.0064223505294239685, 0.010045409418905199, 0.0010653924485789434], [0.9317796560903187, 0.050871571488124046, 0.000999883045261322, 0.005619291575656555, 0.009663221680209211, 0.001066376120430291], [0.025147216882328523, 0.060788153003447545, 0.0009998750923936779, 0.007334413634073447, 0.9046788708856645, 0.001051470502092466], [0.8722968757843289, 0.09399592685995924, 0.000999872121187618, 0.009754436586551743, 0.021906097960656182, 0.0010467906873163498], [0.8561628148991293, 0.11284619890846548, 0.0009998704929202555, 0.00934726486025969, 0.019605376051958272, 0.00103847478726703], [0.8937645085838546, 0.08087250907206724, 0.0009998715390598066, 0.005040485313053189, 0.01827642460037726, 0.0010462008915878994], [0.9327772608297524, 0.05329383663463787, 0.0009998746824098094, 0.004680671025573896, 0.007197692806412802, 0.0010506640212130896], [0.02009197403782409, 0.04910164175652719, 0.0009998868335140125, 0.0025323720616481278, 0.9262035361229818, 0.001070589187504629], [0.9291025522164574, 0.05714792849399314, 0.0009998744542837805, 0.0062486003581490625, 0.005450552803298078, 0.0010504916738184804], [0.9387550219706419, 0.04972979301546846, 0.0009998821912626868, 0.002495991834991608, 0.00695375326821634, 0.001065557719419147], [0.9372917467322815, 0.04264290923719028, 0.000999662134968866, 0.0042884452328506295, 0.013477479208270655, 0.0012997574544379902], [0.980545652679274, 0.011057003800547792, 0.004847604114934579, 0.000999928336281472, 0.0012837730155478557, 0.0012660380534143445], [0.9950224004417905, 0.0009955199116420117, 0.0009955199116420117, 0.0009955199116420117, 0.0009955199116420117, 0.0009955199116420117]], [[0.9950224004417905, 0.0009955199116420117, 0.0009955199116420117, 0.0009955199116420117, 0.0009955199116420117, 0.0009955199116420117], [0.6877064783184659, 0.10166662334812789, 0.12952165160110912, 0.019076293750689883, 0.06097452980155752, 0.0010544231800498128], [0.13511876525569225, 0.235457097605011, 0.0009998603479327785, 0.024697029912384504, 0.6027270672554466, 0.0010001796235328902], [0.1199036445172921, 0.24132031231774137, 0.0009998604843801811, 0.021463186834571456, 0.6153081258672022, 0.0010048699788127381], [0.09202978912484135, 0.15717995596921758, 0.0009998319539426266, 0.021656323785596267, 0.7271342672124597, 0.0009998319539426266], [0.7210857815813285, 0.2003763422290496, 0.0009998826011951088, 0.021031099954251623, 0.055448533257001, 0.0010583603771741792], [0.827396934358589, 0.1206467937108277, 0.0009998689734441535, 0.010915099337850195, 0.03900436265428172, 0.0010369409650072751], [0.8269120592531521, 0.12050323965764835, 0.000999866563543057, 0.01083340099003534, 0.03971687077422863, 0.0010345627613925499], [0.8716303534801876, 0.08912963131875695, 0.0009998746259775565, 0.0066492066104306465, 0.030541648174194677, 0.0010492857904526808], [0.9105917638377479, 0.0653065155759662, 0.0009998756356825419, 0.00626390969781168, 0.01578628668985572, 0.001051648562935973], [0.9327393554879461, 0.049181508172331204, 0.000999880951920597, 0.006788556301475467, 0.009226419482434425, 0.0010642796038921787], [0.9373889134291246, 0.046188689449751325, 0.0009998809753145063, 0.004393632507883998, 0.009964604009132757, 0.0010642796287928034], [0.9178812338595959, 0.06698206870788595, 0.000999874954734246, 0.005507586980085737, 0.007578286376878081, 0.001050949120820053], [0.054311565752037744, 0.10605303282925188, 0.00099987400036982, 0.009751533911300658, 0.8278351361863134, 0.001048857320726505], [0.8130943821977783, 0.14603122466581933, 0.0009998629228081648, 0.009910206433930811, 0.02893340926528792, 0.0010309145143753986], [0.7071805702752665, 0.21492046418519617, 0.000999884970872048, 0.01796042365207867, 0.05787794270028535, 0.0010607142163011646], [0.06369541018094547, 0.13298420816423642, 0.0009998280939028522, 0.01253607123981321, 0.7887846542271992, 0.0009998280939028522], [0.8451774706693719, 0.11234275007577398, 0.00099987500302364, 0.012240393124583065, 0.02818980914449887, 0.0010497019827486003], [0.8382595373916223, 0.10497180522535206, 0.0009998751628722772, 0.013910462863403274, 0.04080850768090773, 0.0010498116758423126], [0.7999226589221049, 0.12896895761754623, 0.0009998674489403569, 0.01625017258492433, 0.0528228672287349, 0.0010354761977490199], [0.1353237131695369, 0.2057938795666653, 0.0009998602201475389, 0.021879501009442068, 0.6349984098029156, 0.0010046362312927408], [0.6459627649087597, 0.2533357423767782, 0.0009998733234198324, 0.019916116976532287, 0.07874317793799367, 0.0010423244765163833], [0.6851736733731719, 0.22324906847929182, 0.0009998761883571264, 0.01753797485121519, 0.07199150551478567, 0.0010479015931781526], [0.6790169381469311, 0.12832430147484317, 0.10498504146606158, 0.022460180941786055, 0.06417385607112874, 0.0010396818992492746], [0.9950224004417905, 0.0009955199116420117, 0.0009955199116420117, 0.0009955199116420117, 0.0009955199116420117, 0.0009955199116420117], [0.9950224004417905, 0.0009955199116420117, 0.0009955199116420117, 0.0009955199116420117, 0.0009955199116420117, 0.0009955199116420117], [0.04981071432730642, 0.03607568354706512, 0.03680847491875965, 0.00614401091757234, 0.8701057922704462, 0.0010553240188503087], [0.9291192481784243, 0.053727203283981936, 0.0009998770272859074, 0.00656037648868485, 0.008540199383109593, 0.0010530956385133967], [0.8970364380000757, 0.08098444218995325, 0.0009998771277408406, 0.007372333292229588, 0.012553787267645396, 0.00105312212235531], [0.8492096220647102, 0.11004681062038463, 0.0009998749031884934, 0.01034673912573166, 0.028347416963901827, 0.0010495363220831071], [0.8288164680593187, 0.116657448672374, 0.000999867256295398, 0.015365330293002584, 0.03712566297739536, 0.0010352227416140427], [0.7315873216205756, 0.19661978010339706, 0.000999882174784285, 0.018476366154675194, 0.051258757513198666, 0.0010578924333691554], [0.8444736682772381, 0.1158708403674296, 0.0009998676070635138, 0.007705046701789768, 0.02991501290460194, 0.0010355641418771178], [0.8741089721625215, 0.08935413783999094, 0.000999873791761923, 0.00905309888345105, 0.025435491404431396, 0.0010484259178433564], [0.9026478755350476, 0.07767957539449258, 0.00099987726547442, 0.004594607027897728, 0.013024788113811112, 0.0010532766632765183], [0.8898724289929393, 0.08360673409575593, 0.0009998717856625537, 0.005697615596517431, 0.01877693963340691, 0.0010464098957179062], [0.9222038949145327, 0.06381234130077486, 0.0009998753879361185, 0.003813693092053914, 0.008118806768863191, 0.0010513885358392463], [0.01752691014530388, 0.048463534650926135, 0.00099988576156862, 0.003172737602817864, 0.9287673803637194, 0.0010695514756640075], [0.021146784841494248, 0.024845592622375363, 0.019044317975761796, 0.002970701411260893, 0.930690280950993, 0.001302322198114658], [0.9950224004417905, 0.0009955199116420117, 0.0009955199116420117, 0.0009955199116420117, 0.0009955199116420117, 0.0009955199116420117]], [[0.9950224004417905, 0.0009955199116420117, 0.0009955199116420117, 0.0009955199116420117, 0.0009955199116420117, 0.0009955199116420117], [0.8167742271776874, 0.06887312238570081, 0.06091936943890609, 0.015321535676037452, 0.037065529883120354, 0.0010462154385478765], [0.13409089864306348, 0.2110461171962231, 0.0009998598810082805, 0.017531439420952675, 0.6353273993291936, 0.0010042855295588756], [0.10965084767313331, 0.15649546253060537, 0.0009998342440839007, 0.02082460675310895, 0.7110294145549846, 0.0009998342440839007], [0.12384726529368653, 0.1963927934653694, 0.0009998516828357712, 0.01699693168859881, 0.6607633061866739, 0.0009998516828357712], [0.12057084768931563, 0.21605125723374413, 0.0009998357152669476, 0.02137984916018572, 0.6399983744862208, 0.0009998357152669476], [0.7151807740112218, 0.19665348157809381, 0.0009998807609694575, 0.02198877210957387, 0.06412056796526527, 0.0010565235748757052], [0.722562180377982, 0.18510825378379073, 0.0009998811503060172, 0.025883885944589863, 0.06438891802469064, 0.0010568807186406772], [0.8179923508277452, 0.12933972687828987, 0.0009998681110625495, 0.011469282124802516, 0.03916264227667704, 0.001036129781422915], [0.05737103302839414, 0.08903767772170564, 0.0009998738183024422, 0.00816292326475333, 0.8433798003657347, 0.0010486918011096257], [0.9256003037496046, 0.0557805873292843, 0.0009998752483072848, 0.0068857130723597995, 0.00968226987884902, 0.0010512507215949774], [0.9237021827061246, 0.05851303393424189, 0.0009998748704510318, 0.006887066046124372, 0.008846975609367664, 0.0010508668336903625], [0.8736120517315127, 0.09506208978654103, 0.0009998750751620917, 0.007279909460651013, 0.0219963344858136, 0.001049739460319619], [0.8204354160997444, 0.13312366221098484, 0.0009998633744416846, 0.012165277681834714, 0.032244372984928125, 0.0010314076480662903], [0.7039429834696648, 0.22759224353919197, 0.0009998826683302064, 0.014678627541928016, 0.05172785521075568, 0.0010584075701295533], [0.6705082915404869, 0.2396177618131652, 0.000999867812013027, 0.01848548401716916, 0.0693517709639215, 0.0010368238532443557], [0.6986916567144984, 0.2306176376729326, 0.000999881340580881, 0.01862903561833537, 0.05000473140459046, 0.0010570572490621144], [0.06955828686803854, 0.12809153311801894, 0.0009998264862682287, 0.011611223689326213, 0.7887393033520799, 0.0009998264862682287], [0.8564682570860003, 0.09369541922924453, 0.000999875016433497, 0.01289828261331541, 0.034888469270769384, 0.0010496967842368629], [0.8342572700403972, 0.11377319770225235, 0.000999874594583586, 0.009245806498923512, 0.04067458464036802, 0.0010492665234754736], [0.8011469632206307, 0.13017286151635601, 0.000999866336776392, 0.013026375014205085, 0.05361959818220263, 0.0010343357298291265], [0.6881379834824644, 0.21431225701352816, 0.0009998792104217772, 0.020759071355421963, 0.07473985473381088, 0.0010509542043529193], [0.6676025964174274, 0.2324729580733774, 0.0009998718420808999, 0.022921578361106476, 0.0749621417946885, 0.0010408535113194993], [0.4315887584917395, 0.32138423883925044, 0.000999864512566273, 0.02607228892982649, 0.21895498471405103, 0.000999864512566273], [0.7135804817764536, 0.10445283101271705, 0.1020202385961579, 0.018837718106008004, 0.06006964389140963, 0.001039086617253725], [0.740276331749807, 0.08429382073779021, 0.10134643168090036, 0.018440971516789743, 0.054582761415926884, 0.00105968289878593], [0.9950224004417905, 0.0009955199116420117, 0.0009955199116420117, 0.0009955199116420117, 0.0009955199116420117, 0.0009955199116420117], [0.8875356158702189, 0.045324390090885264, 0.030387304004925335, 0.008882112374040553, 0.02680959418578284, 0.001060983474147043], [0.06574516023325122, 0.09505842905815105, 0.0009998714852811274, 0.010223455729929288, 0.8269267465446025, 0.0010463369487847532], [0.06802380599934363, 0.14539333118854061, 0.0009998260481442263, 0.014389805178527885, 0.7701934055372995, 0.0009998260481442263], [0.7014919685075252, 0.2282965887492892, 0.0009998787067519539, 0.01801843631321143, 0.050138676611973465, 0.0010544511112486566], [0.1130446675978061, 0.2319504023020828, 0.000999838157351571, 0.017022575260660037, 0.635982678524748, 0.000999838157351571], [0.7324224777367034, 0.18876104878065844, 0.0009998834255948675, 0.019067034094840975, 0.05769037021585999, 0.0010591857463423096], [0.8288704641819543, 0.12479470939760443, 0.0009998689862898188, 0.010611532818070639, 0.0336864670656009, 0.001036957550479997], [0.8534358490784768, 0.10851060386962672, 0.0009998747609832686, 0.009931585468187317, 0.026072649513651014, 0.0010494373090748198], [0.8354825736610532, 0.12042446466967582, 0.0009998685015613186, 0.00844930252786222, 0.03360731116729026, 0.001036479472557404], [0.8631764125734469, 0.09642208029086051, 0.0009998715911735824, 0.008883302921970251, 0.029472121983897197, 0.0010462106386514832], [0.9167550865853169, 0.0643787883794809, 0.0009998753106099359, 0.0038079622489746233, 0.01300692217233289, 0.0010513653032847906], [0.9457777904967096, 0.020464791397753666, 0.019792735787780322, 0.0045136919561486865, 0.008377945311993587, 0.001073045049614136], [0.9950224004417905, 0.0009955199116420117, 0.0009955199116420117, 0.0009955199116420117, 0.0009955199116420117, 0.0009955199116420117]], [[0.9950224004417905, 0.0009955199116420117, 0.0009955199116420117, 0.0009955199116420117, 0.0009955199116420117, 0.0009955199116420117], [0.08017781276616222, 0.06949468129423367, 0.05493391814108202, 0.015177808477979404, 0.7791628930963566, 0.0010528862241861114], [0.7856904108002227, 0.14063643216330052, 0.0009998694774092818, 0.016740176536116456, 0.05489564688010276, 0.0010374641428481652], [0.7086034803602137, 0.21236750970038384, 0.0009998822156091706, 0.01693901441479895, 0.060032148283296415, 0.001057965025697858], [0.1446262189455114, 0.21051728311731305, 0.000999844055546468, 0.024695141845712157, 0.6181616679803705, 0.000999844055546468], [0.4201309747542425, 0.3382509408555183, 0.0009998529808242877, 0.03023309093976442, 0.20938528748882632, 0.0009998529808242877], [0.6672541276731685, 0.241326369839963, 0.0009998650457280199, 0.02299141408329302, 0.06639793539702193, 0.0010302879608255584], [0.6740397239971635, 0.2227831626080759, 0.0009998605537758726, 0.022383366680927098, 0.07876807583125148, 0.0010258103288062466], [0.7274871312457953, 0.1916003359279193, 0.000999880926221657, 0.018768268155548315, 0.060087750654020736, 0.0010566330904945086], [0.827065191290736, 0.123448792658645, 0.0009998683035728382, 0.013836180032246558, 0.033613630299003924, 0.0010363374157958303], [0.052265746627393445, 0.07974141846932309, 0.0009998735279301357, 0.007404377412273094, 0.8585401905579106, 0.0010483934051697113], [0.872711414936099, 0.09268290583908337, 0.0009998753255349576, 0.011193834646605203, 0.02136197982375603, 0.001049989428921383], [0.0562993187611808, 0.12579991502327156, 0.00099982318812425, 0.010687273956585685, 0.8052138458827135, 0.00099982318812425], [0.10014011902958067, 0.20771353857411182, 0.0009998584344165, 0.012031201005709964, 0.6781124750648283, 0.0010028078913526554], [0.673146246952913, 0.23451658340961792, 0.0009998688596307029, 0.019392278554332475, 0.0709071760669586, 0.001037846156547213], [0.3987600164759953, 0.3675002714993797, 0.0009998418266741495, 0.030755047207037003, 0.2009849811642398, 0.0009998418266741495], [0.6725696797685823, 0.23781307491487857, 0.0009998693389372442, 0.021774575481918055, 0.06580443163697837, 0.0010383688587056108], [0.1072542527206738, 0.18493491205417537, 0.0009998595112374943, 0.022462418091225102, 0.6833446385623753, 0.0010039190603129214], [0.8217654468568709, 0.12803795445749075, 0.0009998683741551026, 0.013876358560630646, 0.03428401680693799, 0.0010363549439145626], [0.08352396826061692, 0.12413444547389396, 0.0009998281297079058, 0.014784684357187182, 0.7755572456488862, 0.0009998281297079058], [0.8153757754429521, 0.11688812999499182, 0.0009998736705950906, 0.012414133723324922, 0.05327372569776924, 0.0010483614703668028], [0.7729611309973394, 0.1552622