{"prediction": [[[0.9950224004417905, 0.0009955199116420117, 0.0009955199116420117, 0.0009955199116420117, 0.0009955199116420117, 0.0009955199116420117], [0.9950224004417905, 0.0009955199116420117, 0.0009955199116420117, 0.0009955199116420117, 0.0009955199116420117, 0.0009955199116420117], [0.9950224004417905, 0.0009955199116420117, 0.0009955199116420117, 0.0009955199116420117, 0.0009955199116420117, 0.0009955199116420117], [0.9950224004417905, 0.0009955199116420117, 0.0009955199116420117, 0.0009955199116420117, 0.0009955199116420117, 0.0009955199116420117], [0.9950224004417905, 0.0009955199116420117, 0.0009955199116420117, 0.0009955199116420117, 0.0009955199116420117, 0.0009955199116420117], [0.9950224004417905, 0.0009955199116420117, 0.0009955199116420117, 0.0009955199116420117, 0.0009955199116420117, 0.0009955199116420117], [0.9950224004417905, 0.0009955199116420117, 0.0009955199116420117, 0.0009955199116420117, 0.0009955199116420117, 0.0009955199116420117], [0.9950224004417905, 0.0009955199116420117, 0.0009955199116420117, 0.0009955199116420117, 0.0009955199116420117, 0.0009955199116420117], [0.9950224004417905, 0.0009955199116420117, 0.0009955199116420117, 0.0009955199116420117, 0.0009955199116420117, 0.0009955199116420117], [0.9950224004417905, 0.0009955199116420117, 0.0009955199116420117, 0.0009955199116420117, 0.0009955199116420117, 0.0009955199116420117], [0.9950224004417905, 0.0009955199116420117, 0.0009955199116420117, 0.0009955199116420117, 0.0009955199116420117, 0.0009955199116420117], [0.9950224004417905, 0.0009955199116420117, 0.0009955199116420117, 0.0009955199116420117, 0.0009955199116420117, 0.0009955199116420117], [0.9950224004417905, 0.0009955199116420117, 0.0009955199116420117, 0.0009955199116420117, 0.0009955199116420117, 0.0009955199116420117], [0.9950224004417905, 0.0009955199116420117, 0.0009955199116420117, 0.0009955199116420117, 0.0009955199116420117, 0.0009955199116420117], [0.9950224004417905, 0.0009955199116420117, 0.0009955199116420117, 0.0009955199116420117, 0.0009955199116420117, 0.0009955199116420117], [0.9950224004417905, 0.0009955199116420117, 0.0009955199116420117, 0.0009955199116420117, 0.0009955199116420117, 0.0009955199116420117], [0.9950224004417905, 0.0009955199116420117, 0.0009955199116420117, 0.0009955199116420117, 0.0009955199116420117, 0.0009955199116420117], [0.9950224004417905, 0.0009955199116420117, 0.0009955199116420117, 0.0009955199116420117, 0.0009955199116420117, 0.0009955199116420117], [0.9950224004417905, 0.0009955199116420117, 0.0009955199116420117, 0.0009955199116420117, 0.0009955199116420117, 0.0009955199116420117], [0.9950224004417905, 0.0009955199116420117, 0.0009955199116420117, 0.0009955199116420117, 0.0009955199116420117, 0.0009955199116420117], [0.9950224004417905, 0.0009955199116420117, 0.0009955199116420117, 0.0009955199116420117, 0.0009955199116420117, 0.0009955199116420117], [0.9950224004417905, 0.0009955199116420117, 0.0009955199116420117, 0.0009955199116420117, 0.0009955199116420117, 0.0009955199116420117], [0.9950224004417905, 0.0009955199116420117, 0.0009955199116420117, 0.0009955199116420117, 0.0009955199116420117, 0.0009955199116420117], [0.9950224004417905, 0.0009955199116420117, 0.0009955199116420117, 0.0009955199116420117, 0.0009955199116420117, 0.0009955199116420117], [0.9950224004417905, 0.0009955199116420117, 0.0009955199116420117, 0.0009955199116420117, 0.0009955199116420117, 0.0009955199116420117], [0.9950224004417905, 0.0009955199116420117, 0.0009955199116420117, 0.0009955199116420117, 0.0009955199116420117, 0.0009955199116420117], [0.9950224004417905, 0.0009955199116420117, 0.0009955199116420117, 0.0009955199116420117, 0.0009955199116420117, 0.0009955199116420117], [0.9950224004417905, 0.0009955199116420117, 0.0009955199116420117, 0.0009955199116420117, 0.0009955199116420117, 0.0009955199116420117], [0.9950224004417905, 0.0009955199116420117, 0.0009955199116420117, 0.0009955199116420117, 0.0009955199116420117, 0.0009955199116420117], [0.9950224004417905, 0.0009955199116420117, 0.0009955199116420117, 0.0009955199116420117, 0.0009955199116420117, 0.0009955199116420117], [0.9950224004417905, 0.0009955199116420117, 0.0009955199116420117, 0.0009955199116420117, 0.0009955199116420117, 0.0009955199116420117], [0.9950224004417905, 0.0009955199116420117, 0.0009955199116420117, 0.0009955199116420117, 0.0009955199116420117, 0.0009955199116420117], [0.9950224004417905, 0.0009955199116420117, 0.0009955199116420117, 0.0009955199116420117, 0.0009955199116420117, 0.0009955199116420117], [0.9950224004417905, 0.0009955199116420117, 0.0009955199116420117, 0.0009955199116420117, 0.0009955199116420117, 0.0009955199116420117], [0.9950224004417905, 0.0009955199116420117, 0.0009955199116420117, 0.0009955199116420117, 0.0009955199116420117, 0.0009955199116420117], [0.9950224004417905, 0.0009955199116420117, 0.0009955199116420117, 0.0009955199116420117, 0.0009955199116420117, 0.0009955199116420117], [0.9950224004417905, 0.0009955199116420117, 0.0009955199116420117, 0.0009955199116420117, 0.0009955199116420117, 0.0009955199116420117], [0.9950224004417905, 0.0009955199116420117, 0.0009955199116420117, 0.0009955199116420117, 0.0009955199116420117, 0.0009955199116420117], [0.9950224004417905, 0.0009955199116420117, 0.0009955199116420117, 0.0009955199116420117, 0.0009955199116420117, 0.0009955199116420117], [0.9950224004417905, 0.0009955199116420117, 0.0009955199116420117, 0.0009955199116420117, 0.0009955199116420117, 0.0009955199116420117]], [[0.9950224004417905, 0.0009955199116420117, 0.0009955199116420117, 0.0009955199116420117, 0.0009955199116420117, 0.0009955199116420117], [0.9189572008084883, 0.05034156830118922, 0.02392964112039237, 0.004582271703904921, 0.000998920230734809, 0.0011903978352903893], [0.7771237249204862, 0.11616604545909973, 0.08406870380478493, 0.01513702423077845, 0.006415544045395357, 0.0010889575394553888], [0.04835655032285929, 0.13467223819807997, 0.09832137940158721, 0.019238676708607714, 0.6983834796636276, 0.0010276757052382172], [0.7007222970099324, 0.13665134027785114, 0.10714974485467725, 0.021245320088132433, 0.03322427340088837, 0.0010070243685182745], [0.05936473300409533, 0.1372111807083768, 0.10408116025950036, 0.0220498387034559, 0.6762793375349184, 0.0010137497896533837], [0.6019572427514922, 0.16954310921077329, 0.1675596969473879, 0.022871947398149968, 0.03706805964363637, 0.0009999440485603144], [0.5816825074438576, 0.18393062093561424, 0.16808241373925684, 0.02389018987215759, 0.0414143415150982, 0.0009999264940156003], [0.437041263590731, 0.23467783430989528, 0.2578756858401256, 0.02921652001094591, 0.040188855201761096, 0.0009998410465413376], [0.43108743345881934, 0.23382709633328458, 0.2578539202995055, 0.030385273758907386, 0.045846447934812115, 0.0009998282146711152], [0.43803736807652877, 0.22399400494327357, 0.25223366199956493, 0.03032183934659662, 0.05441328386537183, 0.0009998417686642943], [0.5725444412159992, 0.18667933291184535, 0.16770039471698717, 0.025484031836125583, 0.04659187620824359, 0.0009999231107991958], [0.580461351183748, 0.1792509953770091, 0.16770039471698717, 0.025084461846660043, 0.04650287376479666, 0.0009999231107991958], [0.5987351888919513, 0.17250864869349491, 0.16282285436436975, 0.024064833730464644, 0.04086853289073773, 0.0009999414289817426], [0.6990746207068623, 0.13429131524571966, 0.11127852075236153, 0.01834581377960574, 0.03600113190578669, 0.001008597609664063], [0.05663137966280802, 0.13135337869618857, 0.09917724629172843, 0.017272511124241028, 0.6945400332883837, 0.0010254509366503083], [0.7142916833712966, 0.12753590305150658, 0.10267659631586967, 0.020283662286806666, 0.0341904674092609, 0.0010216875652594834], [0.7040756721737063, 0.13596253855114965, 0.10822811421242463, 0.01925875568704718, 0.03146633803154961, 0.0010085813441225737], [0.595583867200716, 0.16900534666641182, 0.16830873914775454, 0.022403758300200173, 0.04369834704998591, 0.0009999416349316039], [0.5969257464749653, 0.166286131765431, 0.17513270446440637, 0.02398094862452926, 0.03667452899026749, 0.0009999396804004509], [0.0870795747388566, 0.1782911313647715, 0.17936443522315185, 0.0290996991711421, 0.525165283066671, 0.000999876435407082], [0.6043601172050096, 0.1736206792374225, 0.1616767327258807, 0.02666930475135305, 0.0326732248748529, 0.000999941205481402], [0.7093455239094802, 0.13301088754864265, 0.11025052968949052, 0.018310426398764287, 0.028075956847784696, 0.0010066756058374844], [0.05035128534872673, 0.1304933892897173, 0.09170827879076672, 0.016999778078933492, 0.7094200953419375, 0.0010271731499183904], [0.7250860798395422, 0.11844316477692694, 0.10171489016088021, 0.023093015943987563, 0.030641933525007502, 0.0010209157536554929], [0.7075351566825901, 0.13258696923084684, 0.1097672061504144, 0.020118565895953226, 0.02898467164584974, 0.0010074303943456674], [0.08139561576254653, 0.15931169320347882, 0.16485403217912256, 0.029640928558824435, 0.5637977847964725, 0.0009999454995552061], [0.583425875342298, 0.18308258832657442, 0.16860638703116546, 0.02584060048878964, 0.0380446284721262, 0.0009999203390463854], [0.4378418498704586, 0.22210254131275092, 0.25916524249126094, 0.03288270888718081, 0.047007821683962496, 0.0009998357543863777], [0.078662915687185, 0.24379871018111368, 0.265029444724023, 0.034973095206147255, 0.3765360306575191, 0.0009998035440119172], [0.08146347446187294, 0.21914760413346526, 0.26546267937311785, 0.03644612846374301, 0.3964803019085291, 0.000999811659271917], [0.5789727097465805, 0.18530049668005324, 0.17626812409641676, 0.025551181912476188, 0.03290756709094901, 0.0009999204735242032], [0.08301924378103542, 0.16483264154437727, 0.16769415542287272, 0.025819127328174162, 0.5576348846432061, 0.0009999472803343828], [0.6947672309400462, 0.14022675698480516, 0.10500599743845049, 0.02105569262084252, 0.037940992798140324, 0.001003329217715269], [0.5985782163337977, 0.17909649731033803, 0.15664796168156167, 0.025941498272194847, 0.03873588226328312, 0.0009999441388246232], [0.5668397503908718, 0.19020563883176408, 0.17475949031807392, 0.02836296717280002, 0.0388322314959025, 0.0009999217905877703], [0.4202339272533158, 0.2399051215427972, 0.25762750576818433, 0.038115076427563656, 0.043118533195012326, 0.000999835813126711], [0.4083419133780978, 0.26049921653448815, 0.261659124923592, 0.03128004061009339, 0.03721988137370116, 0.0009998231800276206], [0.4334741382037385, 0.22286612843081, 0.2684299098726966, 0.029726082722213762, 0.04450390200095063, 0.000999838769590697], [0.9950224004417905, 0.0009955199116420117, 0.0009955199116420117, 0.0009955199116420117, 0.0009955199116420117, 0.0009955199116420117]], [[0.9950224004417905, 0.0009955199116420117, 0.0009955199116420117, 0.0009955199116420117, 0.0009955199116420117, 0.0009955199116420117], [0.7771211574855833, 0.11616971322324678, 0.08406870380478493, 0.01513702423077845, 0.006414443716151241, 0.0010889575394553888], [0.7194315305583315, 0.22580195361631125, 0.0019093339071679007, 0.02984696794425333, 0.021983878243981257, 0.0010263357299548207], [0.6970484983627061, 0.2532158328975956, 0.0018621008471516275, 0.024746446709090635, 0.02211800811681793, 0.0010091130666381593], [0.5899446935277256, 0.32995995856499505, 0.0017052103893820181, 0.03764416525429431, 0.03974602402324585, 0.0009999482403571251], [0.5894474729057616, 0.3300584705301191, 0.0017050895571312432, 0.03844100407702431, 0.039348014791605115, 0.00099994813835868], [0.578453639284763, 0.34250593972749305, 0.0016700615116895582, 0.034198561223052176, 0.04217186297140877, 0.000999935281593575], [0.44717780705788346, 0.4562652633817408, 0.0014477535533244856, 0.037799628256999195, 0.056309690195460935, 0.000999857554591035], [0.27217387505600515, 0.607967822261557, 0.0009990260773157945, 0.016511330884064084, 0.10134891964374239, 0.0009990260773157945], [0.20475371410935977, 0.7121085669808177, 0.0009988925538321517, 0.016107756073019418, 0.06503217772913887, 0.0009988925538321517], [0.507651125249452, 0.4514217332560304, 0.0009990247309439588, 0.016361570213058313, 0.022567521819571546, 0.0009990247309439588], [0.3541700035838548, 0.6035784085286275, 0.0009990359477619797, 0.01713830610946429, 0.023115209882529457, 0.0009990359477619797], [0.5084972646716807, 0.36826299723483785, 0.0009990354237685163, 0.09407863673643183, 0.02716303050951264, 0.0009990354237685163], [0.04305092043561416, 0.3946279662373382, 0.000999078998603996, 0.17341694701300195, 0.38690600831683775, 0.000999078998603996], [0.4252816792545335, 0.5357840631630286, 0.0009991939010987171, 0.015864895832621996, 0.021070973947618553, 0.0009991939010987171], [0.7841650057632041, 0.18665505503312782, 0.0009992928313450355, 0.01110321489400453, 0.01607813864697354, 0.0009992928313450355], [0.46892985062157233, 0.3471028003651745, 0.0009992927995579224, 0.0105645350540646, 0.17140422836007288, 0.0009992927995579224], [0.5796103511203505, 0.3821376264897629, 0.0009991951078440848, 0.01407762741885991, 0.022176004755338447, 0.0009991951078440848], [0.6521697546126068, 0.30993104418157713, 0.0009991707270658914, 0.01663559105467301, 0.019265268697011242, 0.0009991707270658914], [0.6507700624444602, 0.23472829068221446, 0.0009991688088838207, 0.09309623449452052, 0.019407074761037247, 0.0009991688088838207], [0.12009088177957011, 0.36176382478762786, 0.000999001152958122, 0.017307674574081264, 0.4988396165528046, 0.000999001152958122], [0.49511799914709137, 0.470559744395377, 0.0009991738510855364, 0.014783462859191191, 0.017540445896169474, 0.0009991738510855364], [0.040504876956102775, 0.3797203507736873, 0.0009991953168248617, 0.09394555682989521, 0.4838308248066651, 0.0009991953168248617], [0.05096937931491378, 0.24722029222188358, 0.0018566987686534228, 0.028782350306493638, 0.6701621318154108, 0.0010091475726447308], [0.708645121598254, 0.22914599910581515, 0.0018637271954395271, 0.027734178407879315, 0.031600234267334056, 0.0010107394252781717], [0.5988018832682509, 0.3316976203467906, 0.0017061246124551342, 0.03250933634784227, 0.03428508625585161, 0.0009999491688096323], [0.575186139298595, 0.34924128425495354, 0.0016686973985373132, 0.029657196030159344, 0.04324674908486792, 0.00099993393288704], [0.44537379830073, 0.4699461216494427, 0.0014460658941944419, 0.03597280474930551, 0.04626135353485614, 0.0009998558714711587], [0.42091652272930097, 0.48847874000727204, 0.0014225002796035755, 0.0361598286340155, 0.05202256248141585, 0.0009998458683920873], [0.27405903733032716, 0.550464252342122, 0.0011314403133676628, 0.03205505159131109, 0.14129039582028405, 0.0009998226025881342], [0.4209834875809379, 0.48677129083014253, 0.0014194037593338973, 0.041659313950175685, 0.04816666110173332, 0.0009998427776766656], [0.08280316027595108, 0.45532833042914517, 0.0013866463840830397, 0.035870203410486926, 0.42361181827715655, 0.0009998412231772451], [0.577107254629461, 0.3440863825184327, 0.0016658534815508054, 0.03276864806670921, 0.04337193022857281, 0.0009999310752733979], [0.08446863361764684, 0.33570818916603673, 0.0016989791599836281, 0.03404930998571881, 0.5430749432461202, 0.0009999448244938365], [0.5675582016027994, 0.35286912439017243, 0.001665806856993263, 0.0323688222410337, 0.044538113856071884, 0.0009999310529294244], [0.09528057199356857, 0.4563683644076094, 0.0013868119023050594, 0.035473467917567995, 0.41049094239608724, 0.000999841382861599], [0.40694975706986686, 0.5015453947842275, 0.0014195205839537836, 0.04206014887453915, 0.047025335785657686, 0.0009998429017550397], [0.2682347354218378, 0.5640548232077498, 0.0011409722299678133, 0.032238517194618704, 0.13333112338577735, 0.000999828560048517], [0.4074899194746407, 0.24978753286991398, 0.26645348262798507, 0.03247862994083716, 0.042790611903802525, 0.0009998231828206004], [0.9950224004417905, 0.0009955199116420117, 0.0009955199116420117, 0.0009955199116420117, 0.0009955199116420117, 0.0009955199116420117]], [[0.9950224004417905, 0.0009955199116420117, 0.0009955199116420117, 0.0009955199116420117, 0.0009955199116420117, 0.0009955199116420117], [0.038397618309925205, 0.13486630069380914, 0.09967354954039272, 0.02094224459885153, 0.7050913072201126, 0.0010289796369087876], [0.6940231357943187, 0.25530551156194936, 0.0018623916149838964, 0.02525850910097731, 0.022541048078976094, 0.0010094038487945753], [0.07289024804337764, 0.33867272732892356, 0.0017043524934543088, 0.03912016859774379, 0.5466125533490128, 0.0009999501874879907], [0.08399200562682674, 0.3433038599843375, 0.0015242113586878049, 0.04037439934246909, 0.529805638313819, 0.0009998853738600409], [0.5907154292697149, 0.32571396860551094, 0.001701732356582164, 0.03632840998659269, 0.04454051499641227, 0.0009999447851872527], [0.589276561796248, 0.32138545869666263, 0.0017014780805110934, 0.03396491221097995, 0.05267164468703021, 0.0009999445285682597], [0.5729812229587871, 0.3461703049705166, 0.0016668266992081802, 0.03621105332156589, 0.04197066000776478, 0.000999932042157314], [0.2780101356804003, 0.5963510269802833, 0.0009990355585854066, 0.02015972823796288, 0.10348103798418284, 0.0009990355585854066], [0.42951564011978716, 0.5241500770782692, 0.0009990223525408078, 0.016101808435693553, 0.028234429661168448, 0.0009990223525408078], [0.4361707587424995, 0.5192883767186895, 0.000999035610304178, 0.017545171903293695, 0.02499762141490902, 0.000999035610304178], [0.19825985479135927, 0.6767285789317105, 0.0009990343331098106, 0.09413898707421961, 0.0288745105364911, 0.0009990343331098106], [0.43458206957844436, 0.44351260110200913, 0.0009990224454456066, 0.015205466077510395, 0.104701818351145, 0.0009990224454456066], [0.12413355774798206, 0.5888438333311451, 0.0009989956922909023, 0.09472905883727287, 0.19029555869901846, 0.0009989956922909023], [0.03875040572217544, 0.470358566509242, 0.0009990866143325837, 0.0949458041858411, 0.39394705035407623, 0.0009990866143325837], [0.7397712936033559, 0.2233909516981972, 0.0009991945353306322, 0.014841741159190305, 0.01999762446859536, 0.0009991945353306322], [0.5034154846812138, 0.3774594555208915, 0.0009991913342720577, 0.09430267084273074, 0.02282400628661995, 0.0009991913342720577], [0.4941396877828481, 0.467282198982962, 0.000999170384546425, 0.014544443961886058, 0.022035328503210886, 0.000999170384546425], [0.5119346548920081, 0.44255618181931744, 0.000999036135338703, 0.017904561984855998, 0.02560652903314107, 0.000999036135338703], [0.5067822947614498, 0.2914126491986348, 0.0009990361286461007, 0.17489595350929954, 0.02491103027332377, 0.0009990361286461007], [0.3478031201883538, 0.6092520948905757, 0.0009990182461362535, 0.018099819900353753, 0.022846928528444145, 0.0009990182461362535], [0.04090824647233746, 0.440359504689633, 0.0009990010031353642, 0.016467660455469737, 0.5002665863762891, 0.0009990010031353642], [0.6507400710562666, 0.236076465175346, 0.000999173533869476, 0.09245651441212518, 0.018728602288523157, 0.000999173533869476], [0.5997851044164227, 0.32422512212959215, 0.001707355400936753, 0.031625076558536226, 0.04165739111941332, 0.0009999503750988742], [0.7156909224041643, 0.22985929972119987, 0.0018625832413559553, 0.020507905679696355, 0.031069693470472705, 0.0010095954831107015], [0.0632311166153533, 0.23531103664617675, 0.0018583065725856804, 0.02510768147537911, 0.6734811032981167, 0.0010107553923885265], [0.0829135968935094, 0.3318149937005227, 0.001703029471357655, 0.027101174657959224, 0.5554672564098685, 0.0009999488667827446], [0.5716073579436082, 0.35312301291710163, 0.0016691579095354893, 0.03220371423610232, 0.040396822617814826, 0.000999934375837764], [0.44191813937767666, 0.47055061093308026, 0.0014457427227642702, 0.03571944635854022, 0.04936620505540675, 0.0009998555525317294], [0.4239285502431813, 0.4807684012082555, 0.0014222766928562633, 0.03550758690684598, 0.05737333929812546, 0.0009998456507356302], [0.4382880184476948, 0.47639295899405165, 0.0014454580092930405, 0.03231887829890104, 0.05055483101342828, 0.0009998552366311895], [0.07534824779638179, 0.36660690208717706, 0.0015241506022907105, 0.035462450644670095, 0.5200583635739705, 0.0009998852955098616], [0.5928997094211539, 0.32440760189272255, 0.0017063158984287955, 0.032771621708482135, 0.047214801741793044, 0.0009999493374196386], [0.6970052387619553, 0.23422334936831543, 0.0018601854959663237, 0.02613751342661841, 0.039766515228513995, 0.0010071977186304826], [0.5955449413834342, 0.3258015284308444, 0.0017064840194745642, 0.030342353498069703, 0.0456047431610722, 0.0009999495071050868], [0.5723513532542418, 0.34872800468477483, 0.0016705368168706061, 0.03515490270972627, 0.041095266779240455, 0.000999935755145931], [0.08116644018723598, 0.4645157569495892, 0.0013867892765411594, 0.04236886268772549, 0.4095623095116462, 0.0009998413872622034], [0.40565098070200567, 0.5093482322199075, 0.0014208952061971203, 0.0369367138553274, 0.04564333373209338, 0.0009998442844689798], [0.42162614753177086, 0.2424967091884424, 0.2649996472750848, 0.028459669816728834, 0.041417992587656154, 0.0009998336003170512], [0.9950224004417905, 0.0009955199116420117, 0.0009955199116420117, 0.0009955199116420117, 0.0009955199116420117, 0.0009955199116420117]], [[0.9950224004417905, 0.0009955199116420117, 0.0009955199116420117, 0.0009955199116420117, 0.0009955199116420117, 0.0009955199116420117], [0.7022327361824069, 0.13880757152263726, 0.11119047894097202, 0.018913063870477066, 0.02784979194900628, 0.0010063575345004674], [0.06731234641124456, 0.34407315590001264, 0.0017034387269682352, 0.038557500052788726, 0.5473536096336642, 0.0009999492753216745], [0.5799505613294297, 0.33815217433853423, 0.0016708648889697327, 0.039264018939471866, 0.039962444407900505, 0.0009999360956940003], [0.000995519911642011, 0.000995519911642011, 0.000995519911642011, 0.000995519911642011, 0.000995519911642011, 0.99502240044179], [0.585538218952158, 0.3255667259936843, 0.00166829449537189, 0.034006717758410944, 0.05222010928273744, 0.000999933517637531], [0.576535958073881, 0.34457685497950336, 0.001666115269310788, 0.028701862373583954, 0.04751927797176138, 0.0009999313319595407], [0.4408909131492161, 0.4576952515625749, 0.001444193968777278, 0.03461385965239169, 0.06435592765615437, 0.0009998540108855402], [0.12272061474800001, 0.39633276998188327, 0.0009990743468174378, 0.016188686606657125, 0.46275977996982487, 0.0009990743468174378], [0.2802528930911306, 0.5942697498128735, 0.000999035391602663, 0.09493585561473097, 0.028543430698059525, 0.000999035391602663], [0.36096923807766373, 0.5937646194438354, 0.0009990346054700046, 0.016252840822068414, 0.027015232445492584, 0.0009990346054700046], [0.12827627494079494, 0.593482922473458, 0.0009989885396463074, 0.016984272578009094, 0.25925855292844546, 0.0009989885396463074], [0.21263474984743655, 0.5514573338977428, 0.0009988842143522007, 0.09199947921110672, 0.1419106686150095, 0.0009988842143522007], [0.27336263788587856, 0.6794844093560773, 0.0009990240321190477, 0.015585544020337542, 0.029569360673468627, 0.0009990240321190477], [0.5182627737446872, 0.4359660738632398, 0.0009990394795380232, 0.015922060686932478, 0.02785101274606468, 0.0009990394795380232], [0.5781506162895383, 0.3791346953650817, 0.0009991693878500314, 0.013801557092258126, 0.026914792477421713, 0.0009991693878500314], [0.5004551008196991, 0.4601238998074127, 0.0009991693815740428, 0.01451952352958195, 0.02290313708015808, 0.0009991693815740428], [0.5186911952380986, 0.3577866080003769, 0.0009990365529212177, 0.015016123588821931, 0.10650800006686008, 0.0009990365529212177], [0.43400223563494394, 0.4389779418888167, 0.0009990489958595149, 0.01730343833334601, 0.10771828615117435, 0.0009990489958595149], [0.43433992189311416, 0.5177875731262359, 0.0009990487673020645, 0.019096049465149402, 0.026778357980896523, 0.0009990487673020645], [0.12977420356117006, 0.7858743775298774, 0.000998893592906183, 0.01634175991635781, 0.06601187180678253, 0.000998893592906183], [0.35024471511661476, 0.6048395759738142, 0.0009990211093405111, 0.017823471915810022, 0.025094194775080163, 0.0009990211093405111], [0.4406627285554015, 0.519035373277287, 0.0009990373162969118, 0.014478952683801812, 0.023824870850915777, 0.0009990373162969118], [0.5968339324450028, 0.32681842290548335, 0.0016708381850001472, 0.031176638633897708, 0.04250023178113141, 0.0009999360494845732], [0.6187483317985707, 0.3030928215246373, 0.0017068180544795343, 0.028608627939206054, 0.0468434508425523, 0.0009999498405541998], [0.7216413630030083, 0.21956918226693115, 0.0018621813234364396, 0.023083645042515363, 0.032834434810833556, 0.0010091935532750844], [0.7159065473803438, 0.22305686544409228, 0.0018630045404581716, 0.02526748166362829, 0.03289608419085328, 0.0010100167806241043], [0.6088731397690342, 0.3150268925372413, 0.0017054760878644762, 0.02764223163675109, 0.04575231147932317, 0.0009999484897856784], [0.5867867345452874, 0.3371389694029729, 0.0016688009148296283, 0.031149539021077866, 0.04225602210659697, 0.000999934009235203], [0.4637510401972464, 0.44972717138157614, 0.0014473704996375567, 0.03387274679513086, 0.050201813966378864, 0.000999857160030304], [0.5789660723919573, 0.3447660508734722, 0.0016695175886835454, 0.03256404235678577, 0.04103438205978511, 0.000999934729316093], [0.6062912163514631, 0.319146689896732, 0.0017061063850024212, 0.029486583878804574, 0.04236945435693541, 0.0009999491310626212], [0.7155200019037913, 0.21672249520287423, 0.0018624927089792404, 0.023152476735340644, 0.04173302850860784, 0.0010095049404066987], [0.7382637301882152, 0.20093519617361633, 0.0019087466943864813, 0.022430310967171237, 0.03543626745285862, 0.0010257485237522503], [0.709176829274477, 0.23013349635606697, 0.001862447982971675, 0.02478352152125955, 0.03303424466753301, 0.0010094601976917657], [0.6064676616453578, 0.309204121191953, 0.0017073554357010163, 0.03242343743471288, 0.04919747388829388, 0.00099995040398156], [0.08273636147730622, 0.3580431859797991, 0.0015235185718440972, 0.035565749700836764, 0.5211312996019816, 0.0009998846682324107], [0.08509950996897021, 0.4611282165148061, 0.00138547327088184, 0.03895490890176519, 0.4124320512721487, 0.0009998400714280123], [0.08138469742914264, 0.19572021087533362, 0.1779715180105736, 0.03012067935159473, 0.51380301975659, 0.0009998745767654583], [0.9950224004417905, 0.0009955199116420117, 0.0009955199116420117, 0.0009955199116420117, 0.0009955199116420117, 0.0009955199116420117]], [[0.9950224004417905, 0.0009955199116420117, 0.0009955199116420117, 0.0009955199116420117, 0.0009955199116420117, 0.0009955199116420117], [0.6002918370803856, 0.17259843520981813, 0.1660374796657565, 0.025084690823801326, 0.03498761452648238, 0.0009999426937561502], [0.5698404918120308, 0.3606577086255582, 0.0016686595335152154, 0.030325908038758734, 0.03650729808947178, 0.0009999339006654844], [0.0957167270786873, 0.450970830583334, 0.001383745861370087, 0.03460866787511596, 0.4163201902715726, 0.000999838329920065], [0.000995519911642011, 0.000995519911642011, 0.000995519911642011, 0.000995519911642011, 0.000995519911642011, 0.99502240044179], [0.4589689295664115, 0.4466567250150556, 0.0014509098569622984, 0.03276025202911533, 0.059163322830291444, 0.0009998607021639216], [0.45349151364602397, 0.45097696257517295, 0.0014509743021328947, 0.03732751547563511, 0.05575317322895024, 0.000999860772085045], [0.4295721233301181, 0.4694152873884649, 0.001429652931821961, 0.03575612446777079, 0.06282695886739256, 0.0009998530144318233], [0.3557815734447311, 0.4387643213885845, 0.0009990372555360807, 0.018655682282402938, 0.1848003483732094, 0.0009990372555360807], [0.04878107983285292, 0.626216345773463, 0.0009990736887992972, 0.09414999334337791, 0.2288544336727078, 0.0009990736887992972], [0.3431558177682678, 0.6152226705568336, 0.0009991732163852891, 0.0142159132897962, 0.02540725195233199, 0.0009991732163852891], [0.3639878442108677, 0.43481423720698775, 0.0009990366117809538, 0.09442695236140337, 0.10477289299717922, 0.0009990366117809538], [0.2102935150359482, 0.5867323039833975, 0.0009990538221798045, 0.09632742898605709, 0.1046486443502377, 0.0009990538221798045], [0.05172075012751363, 0.42711652366436864, 0.0009989954071103794, 0.09534160123420823, 0.4238231341596887, 0.0009989954071103794], [0.5772647460612558, 0.30410398741073025, 0.0009991725645867966, 0.014748649957348453, 0.10188427144149206, 0.0009991725645867966], [0.26725965474007035, 0.6143412156537371, 0.000999172790480678, 0.09343646065234143, 0.02296432337288982, 0.000999172790480678], [0.602426972193814, 0.35234293637538233, 0.0009990431641501223, 0.017773436414904555, 0.025458568687598826, 0.0009990431641501223], [0.04437637145490567, 0.515932069780079, 0.0009989929961160809, 0.014975250337909002, 0.4227183224348743, 0.0009989929961160809], [0.12164296223100284, 0.7229083822928739, 0.0009988738583583806, 0.09262189624662269, 0.060829011512783984, 0.0009988738583583806], [0.36781400020466326, 0.28267219982436775, 0.000998998488674424, 0.09771080421213162, 0.2498049987814885, 0.000998998488674424], [0.2813050981459982, 0.6727634444156838, 0.0009990530078382368, 0.017316703751707376, 0.02661664767093418, 0.0009990530078382368], [0.3607403726322369, 0.5925241989839931, 0.000999041636108804, 0.017842691664577658, 0.026894653446974764, 0.000999041636108804], [0.736577706169767, 0.22633416886544938, 0.000999172327617865, 0.014224350559872893, 0.020865429749675046, 0.000999172327617865], [0.6124476424539699, 0.3050751136925417, 0.0017069020121810157, 0.029903228528013234, 0.049867163391718504, 0.0009999499215757135], [0.7242932661453078, 0.21919820350600153, 0.001863671339826297, 0.02194519107375231, 0.031688984384537794, 0.0010106835505743538], [0.7468722610255644, 0.19695327278187102, 0.0019064646815829807, 0.020366194740825405, 0.032878340255095666, 0.0010234665150605305], [0.7497316186650927, 0.19384558344282382, 0.001907206967379657, 0.021171001262901272, 0.03232038088893116, 0.0010242087728713992], [0.7259640660302175, 0.22102435151031835, 0.0018637134829743913, 0.023431581537267092, 0.02670556172640972, 0.0010107257128130359], [0.08850005617636562, 0.30274219657603085, 0.0017077543881169582, 0.028979217888178446, 0.5770708214018567, 0.0009999535694515435], [0.5946023554135846, 0.334428542143127, 0.0016725828774634363, 0.031836151240992414, 0.03646043051319594, 0.000999937811636804], [0.6213632728842102, 0.30111544957677405, 0.0017100566036362707, 0.03137469472079025, 0.04343657312812198, 0.0009999530864670814], [0.7371057574639298, 0.20556374685270484, 0.001865387037075561, 0.020683281477153436, 0.03376942791257424, 0.0010123992565620925], [0.06653248105972209, 0.20049191799708851, 0.0019034613433331262, 0.022303491275266592, 0.7077423605875279, 0.0010262877370618034], [0.7758351130195412, 0.1954489822458967, 0.002924364094006228, 0.018949879329160358, 0.005747691779828771, 0.0010939695315667793], [0.05978907146896866, 0.20483641775620595, 0.0019012860865533737, 0.026009708715294767, 0.7064394034935122, 0.001024112479465119], [0.7060022392316392, 0.22618846925045746, 0.0018623182436910018, 0.02427861033455575, 0.04065903246374386, 0.0010093304759128667], [0.09347640898884327, 0.32174949726886376, 0.001703049890543714, 0.03346778550238392, 0.5486033094798914, 0.000999948869473883], [0.5754744443581541, 0.3488294166128142, 0.0016686973938753345, 0.037241524633038516, 0.035785983072024546, 0.0009999339300934412], [0.5921340222479776, 0.17069554257109976, 0.1743449218264719, 0.027350115544306327, 0.0344754573906124, 0.0009999404195321024], [0.9950224004417905, 0.0009955199116420117, 0.0009955199116420117, 0.0009955199116420117, 0.0009955199116420117, 0.0009955199116420117]], [[0.9950224004417905, 0.0009955199116420117, 0.0009955199116420117, 0.0009955199116420117, 0.0009955199116420117, 0.0009955199116420117], [0.5777860907607486, 0.193750832941019, 0.16781984255353827, 0.02604677033356662, 0.03359653829222114, 0.000999925118906558], [0.4358353904434892, 0.47324548764269847, 0.001445343397134051, 0.03909078568833076, 0.049383137667999406, 0.0009998551603481497], [0.403333563506692, 0.4976551743357406, 0.001420447791821424, 0.037492958262381165, 0.05909801227865092, 0.0009998438247139927], [0.2905675207813173, 0.5298415338791542, 0.0011279940479529077, 0.028642706966535633, 0.1488204217103955, 0.0009998226146445066], [0.13200023406884678, 0.4343168518653677, 0.001377722941264906, 0.04640071574209464, 0.38490463487460647, 0.0009998405078196298], [0.000995519911642011, 0.000995519911642011, 0.000995519911642011, 0.000995519911642011, 0.000995519911642011, 0.99502240044179], [0.30711792505021923, 0.5021382745386563, 0.0011476943950584795, 0.03393300072347628, 0.15466327003034766, 0.0009998352622420292], [0.4325697334541116, 0.44172963602444615, 0.0009990247450496778, 0.09416288028101862, 0.029539700750324305, 0.0009990247450496778], [0.04981544267671183, 0.5846362636620057, 0.0009989896559135685, 0.016452059744472686, 0.3470982546049827, 0.0009989896559135685], [0.4160624996313039, 0.46323200320897334, 0.0009991684883266878, 0.09281150099958323, 0.02589565918348614, 0.0009991684883266878], [0.2068614747957329, 0.5874061809101989, 0.000998993428802284, 0.016641575533545103, 0.18709278190291861, 0.000998993428802284], [0.3690657902234809, 0.5033930335872921, 0.0009990500872485415, 0.09886067595590894, 0.02668240005882095, 0.0009990500872485415], [0.363492327635647, 0.5895870101547572, 0.0009990360099844824, 0.017345090526349655, 0.027577499663277334, 0.0009990360099844824], [0.34371624878120427, 0.46065330131324256, 0.0009991694938667564, 0.17081772358639152, 0.022814387331428036, 0.0009991694938667564], [0.3561182794344118, 0.5275217557702134, 0.0009991908360666643, 0.013920357363359068, 0.1004412257598825, 0.0009991908360666643], [0.5097395355694575, 0.4563659452231524, 0.000999173288031382, 0.012633015639567646, 0.019263156991759758, 0.000999173288031382], [0.2902975026099649, 0.6662422320415529, 0.00099904028698664, 0.015474364744430768, 0.025987820030078296, 0.00099904028698664], [0.12787754771332352, 0.511840352413197, 0.0009989903856038797, 0.016372997343998056, 0.3419111217582737, 0.0009989903856038797], [0.36184775233978866, 0.5934130075568497, 0.0009990378216396625, 0.0170678619688364, 0.025673302491246008, 0.0009990378216396625], [0.3613533775578068, 0.43553056500910403, 0.000999038104471008, 0.17441813964958647, 0.02669984157456067, 0.000999038104471008], [0.4989119054919059, 0.38219874151119465, 0.0009991702715972453, 0.013523278372195547, 0.10336773408150944, 0.0009991702715972453], [0.6705293237942658, 0.2934599914082289, 0.0009991939676503245, 0.014554415572553367, 0.019457881289651396, 0.0009991939676503245], [0.7288692780220928, 0.21279826480555805, 0.001861366761785339, 0.02284644034910146, 0.032616271084162596, 0.0010083789772998366], [0.7442727376822071, 0.20303442950190564, 0.0019076875459652146, 0.021029991107471245, 0.02873046479616574, 0.001024689366285066], [0.7758169778328088, 0.1954748896555144, 0.002924364094006228, 0.018949879329160358, 0.0057399195569434675, 0.0010939695315667793], [0.015303673623252242, 0.20130452534693574, 0.0029043753592344823, 0.019052702356578202, 0.7603482313283575, 0.0010864919856416059], [0.04614542296417435, 0.2077264263255209, 0.0019044696610342675, 0.020319977782802704, 0.7228764072133388, 0.0010272960531290812], [0.7342211766580894, 0.21406369649611387, 0.0018611276209226264, 0.020604581848973923, 0.028241277527546904, 0.0010081398483532255], [0.0807696079737546, 0.29634644102507307, 0.0017051846606006174, 0.030518037025717874, 0.5896607783189965, 0.0009999509958573043], [0.7433457523923841, 0.2044110726283436, 0.001862241459394206, 0.022208987495190374, 0.027162692354545354, 0.001009253670142263], [0.7502713418095147, 0.1910675173137057, 0.0019093069102469667, 0.020910744464922963, 0.034814780778469674, 0.0010263087231399144], [0.012900640108650453, 0.20473743036779551, 0.002904375359234483, 0.01905270235657821, 0.7593183598220998, 0.0010864919856416063], [0.7759075915200594, 0.19534544153087063, 0.002924364094006228, 0.018949879329160358, 0.005778753994336596, 0.0010939695315667793], [0.7426686961514467, 0.20011169530226586, 0.0019072532355704174, 0.021880426740461825, 0.032407673506141536, 0.0010242550641138303], [0.723575445257234, 0.21307078472426033, 0.0018630045508685206, 0.025267481804821343, 0.035213266876547716, 0.0010100167862680128], [0.7069357197500624, 0.23569039893321614, 0.0018623182534751532, 0.026673819595412797, 0.02782841299328297, 0.0010093304745504984], [0.5959992938703715, 0.3277122252342844, 0.0017061688445533804, 0.03290896260540936, 0.04067340025103897, 0.0009999491943422608], [0.699270303977633, 0.13493937292309924, 0.11524645400977171, 0.023716357620904877, 0.025819858637570383, 0.0010076528310209486], [0.9950224004417905, 0.0009955199116420117, 0.0009955199116420117, 0.0009955199116420117, 0.0009955199116420117, 0.0009955199116420117]], [[0.9950224004417905, 0.0009955199116420117, 0.0009955199116420117, 0.0009955199116420117, 0.0009955199116420117, 0.0009955199116420117], [0.6041797611666354, 0.16863663678430443, 0.16213206220908177, 0.024684186474931383, 0.03936741076346554, 0.0009999426015815096], [0.5740184424376074, 0.3560260183681048, 0.0016697288208669247, 0.0315366201751415, 0.03574925524880062, 0.0009999349494789356], [0.4446637854905587, 0.46841052980068393, 0.0014450710867844475, 0.038038795694466554, 0.04644196306788642, 0.0009998548596201731], [0.09665018797003837, 0.4642251125086635, 0.0013677831630651124, 0.03642663159581994, 0.4003304507523513, 0.0009998340100617622], [0.43372557369288206, 0.4665610532903471, 0.0014473245889255915, 0.03881154847536385, 0.058454642844797, 0.0009998571076845185], [0.1115089761640386, 0.42794770446469543, 0.0013808335898865072, 0.0396956574228648, 0.4184669929103101, 0.0009998354482045908], [0.4547265145397167, 0.4468795829678974, 0.001425182856253112, 0.037992372459169095, 0.05797649862464015, 0.0009998485523236018], [0.04491024591141532, 0.43155819771419135, 0.0009989907050409448, 0.016810564291202545, 0.5047230106731089, 0.0009989907050409448], [0.3430922505280965, 0.3812139162551214, 0.0009991698579377003, 0.2494289257229206, 0.02426656777798596, 0.0009991698579377003], [0.28485095084277057, 0.5904826266193652, 0.0009990387844739238, 0.09588334492292745, 0.026785000045988838, 0.0009990387844739238], [0.27702512039179156, 0.6744362839815148, 0.0009990257456761243, 0.01907120494601466, 0.027469339189326706, 0.0009990257456761243], [0.13175408586952223, 0.7068674399297106, 0.0009988844007571577, 0.01475277041178427, 0.1446279349874688, 0.0009988844007571577], [0.04863784032247706, 0.5892992116222546, 0.0009989857096238503, 0.015145267773404423, 0.3449197088626163, 0.0009989857096238503], [0.3673173143249511, 0.5841354700879616, 0.0009990377801184155, 0.017172902818175365, 0.029376237208675188, 0.0009990377801184155], [0.5030106191619106, 0.4547270282400305, 0.0009991707801272705, 0.014527628980456113, 0.025736382057348423, 0.0009991707801272705], [0.20576903804746507, 0.3709355952656414, 0.0009991862670282517, 0.013896169450752454, 0.40740082470208466, 0.0009991862670282517], [0.5055464428286709, 0.45588015187048075, 0.000999173773787342, 0.014373516111141663, 0.022201541642132123, 0.000999173773787342], [0.6071627880983358, 0.2713847227599687, 0.0009990421551207193, 0.09464342430224222, 0.02481098052921195, 0.0009990421551207193], [0.5813408595595834, 0.30287673501718065, 0.0009991717513621534, 0.09218304674843125, 0.02160101517208064, 0.0009991717513621534], [0.5010405158206962, 0.3818529833485718, 0.0009991726720051004, 0.0911161524303632, 0.023992003056358752, 0.0009991726720051004], [0.5935370699332416, 0.3697385588973274, 0.0009991944336285408, 0.014140791554803939, 0.020585190747370044, 0.0009991944336285408], [0.026810869474241095, 0.2589787752142192, 0.0009992894350697129, 0.011933557130421586, 0.7002782193109788, 0.0009992894350697129], [0.7458999156298184, 0.1973717964170891, 0.0019074308740216444, 0.023789313602390103, 0.03000711077411563, 0.00102443270