{"prediction": [[[0.9950002809256457, 0.0009999438148708467, 0.0009999438148708467, 0.0009999438148708467, 0.0009999438148708467, 0.0009999438148708467], [0.9950002354007685, 0.0009999529198463093, 0.0009999529198463093, 0.0009999529198463093, 0.0009999529198463093, 0.0009999529198463093], [0.9950001845643406, 0.000999963087131894, 0.000999963087131894, 0.000999963087131894, 0.000999963087131894, 0.000999963087131894], [0.9950001800614451, 0.0009999639877110113, 0.0009999639877110113, 0.0009999639877110113, 0.0009999639877110113, 0.0009999639877110113], [0.9950001731030407, 0.0009999653793918927, 0.0009999653793918927, 0.0009999653793918927, 0.0009999653793918927, 0.0009999653793918927], [0.9950001755514064, 0.0009999648897187374, 0.0009999648897187374, 0.0009999648897187374, 0.0009999648897187374, 0.0009999648897187374], [0.995000145367213, 0.0009999709265574171, 0.0009999709265574171, 0.0009999709265574171, 0.0009999709265574171, 0.0009999709265574171], [0.9950001800614451, 0.0009999639877110113, 0.0009999639877110113, 0.0009999639877110113, 0.0009999639877110113, 0.0009999639877110113], [0.9950002056368537, 0.0009999588726292677, 0.0009999588726292677, 0.0009999588726292677, 0.0009999588726292677, 0.0009999588726292677], [0.9950002354007685, 0.0009999529198463093, 0.0009999529198463093, 0.0009999529198463093, 0.0009999529198463093, 0.0009999529198463093], [0.9950002809256457, 0.0009999438148708467, 0.0009999438148708467, 0.0009999438148708467, 0.0009999438148708467, 0.0009999438148708467], [0.9950002809256457, 0.0009999438148708467, 0.0009999438148708467, 0.0009999438148708467, 0.0009999438148708467, 0.0009999438148708467], [0.9950002809256457, 0.0009999438148708467, 0.0009999438148708467, 0.0009999438148708467, 0.0009999438148708467, 0.0009999438148708467], [0.9950002809256457, 0.0009999438148708467, 0.0009999438148708467, 0.0009999438148708467, 0.0009999438148708467, 0.0009999438148708467], [0.9950002597731898, 0.0009999480453620419, 0.0009999480453620419, 0.0009999480453620419, 0.0009999480453620419, 0.0009999480453620419], [0.9950002616867812, 0.0009999476626437436, 0.0009999476626437436, 0.0009999476626437436, 0.0009999476626437436, 0.0009999476626437436], [0.9950002600365827, 0.0009999479926834486, 0.0009999479926834486, 0.0009999479926834486, 0.0009999479926834486, 0.0009999479926834486], [0.9950002354007685, 0.0009999529198463093, 0.0009999529198463093, 0.0009999529198463093, 0.0009999529198463093, 0.0009999529198463093], [0.9950002809256457, 0.0009999438148708467, 0.0009999438148708467, 0.0009999438148708467, 0.0009999438148708467, 0.0009999438148708467], [0.9950002910857194, 0.000999941782856147, 0.000999941782856147, 0.000999941782856147, 0.000999941782856147, 0.000999941782856147], [0.9950002809256457, 0.0009999438148708467, 0.0009999438148708467, 0.0009999438148708467, 0.0009999438148708467, 0.0009999438148708467], [0.9950002354007685, 0.0009999529198463093, 0.0009999529198463093, 0.0009999529198463093, 0.0009999529198463093, 0.0009999529198463093], [0.9950002056368537, 0.0009999588726292677, 0.0009999588726292677, 0.0009999588726292677, 0.0009999588726292677, 0.0009999588726292677], [0.9950001800614451, 0.0009999639877110113, 0.0009999639877110113, 0.0009999639877110113, 0.0009999639877110113, 0.0009999639877110113], [0.9950001731030407, 0.0009999653793918927, 0.0009999653793918927, 0.0009999653793918927, 0.0009999653793918927, 0.0009999653793918927], [0.9950001755514064, 0.0009999648897187374, 0.0009999648897187374, 0.0009999648897187374, 0.0009999648897187374, 0.0009999648897187374], [0.9950001731030407, 0.0009999653793918927, 0.0009999653793918927, 0.0009999653793918927, 0.0009999653793918927, 0.0009999653793918927], [0.9949208379493969, 0.0010792605027932494, 0.0009999753869524796, 0.0009999753869524796, 0.0009999753869524796, 0.0009999753869524796], [0.9950002056368537, 0.0009999588726292677, 0.0009999588726292677, 0.0009999588726292677, 0.0009999588726292677, 0.0009999588726292677], [0.9950002144008747, 0.0009999571198250749, 0.0009999571198250749, 0.0009999571198250749, 0.0009999571198250749, 0.0009999571198250749], [0.9950002809256457, 0.0009999438148708467, 0.0009999438148708467, 0.0009999438148708467, 0.0009999438148708467, 0.0009999438148708467], [0.9950002616867812, 0.0009999476626437436, 0.0009999476626437436, 0.0009999476626437436, 0.0009999476626437436, 0.0009999476626437436], [0.9950002809256457, 0.0009999438148708467, 0.0009999438148708467, 0.0009999438148708467, 0.0009999438148708467, 0.0009999438148708467], [0.9950002809256457, 0.0009999438148708467, 0.0009999438148708467, 0.0009999438148708467, 0.0009999438148708467, 0.0009999438148708467], [0.9950002809256457, 0.0009999438148708467, 0.0009999438148708467, 0.0009999438148708467, 0.0009999438148708467, 0.0009999438148708467], [0.9950002354007685, 0.0009999529198463093, 0.0009999529198463093, 0.0009999529198463093, 0.0009999529198463093, 0.0009999529198463093], [0.9950002056368537, 0.0009999588726292677, 0.0009999588726292677, 0.0009999588726292677, 0.0009999588726292677, 0.0009999588726292677], [0.9950002354007685, 0.0009999529198463093, 0.0009999529198463093, 0.0009999529198463093, 0.0009999529198463093, 0.0009999529198463093], [0.9950002809256457, 0.0009999438148708467, 0.0009999438148708467, 0.0009999438148708467, 0.0009999438148708467, 0.0009999438148708467], [0.9950002809256457, 0.0009999438148708467, 0.0009999438148708467, 0.0009999438148708467, 0.0009999438148708467, 0.0009999438148708467]], [[0.9950002354007685, 0.0009999529198463093, 0.0009999529198463093, 0.0009999529198463093, 0.0009999529198463093, 0.0009999529198463093], [0.9335983315201176, 0.027717071924400635, 0.021992923637022942, 0.0046015177722096385, 0.011058589821352565, 0.0010315653248964755], [0.05065226445946772, 0.04855109678756432, 0.060361095411371725, 0.007266019404682231, 0.8321657050767831, 0.001003818860130993], [0.824538932467969, 0.06149572398344145, 0.08128342441705261, 0.009840792836158834, 0.02182659760849445, 0.0010145286868836227], [0.770538856186911, 0.07523043962143362, 0.1082645886839857, 0.012944259441135282, 0.032021864287260525, 0.000999991779273949], [0.7458065847304319, 0.08174410448739028, 0.11194118887984021, 0.01355507744248054, 0.045953054940725845, 0.000999989519131335], [0.08087181340826267, 0.0787210255464699, 0.1016141040617503, 0.015206264006199554, 0.7225867975267893, 0.0009999954505281836], [0.8197772067049336, 0.06147067875836819, 0.08711578950766195, 0.00992255658142776, 0.020705074436667865, 0.0010086940109407133], [0.8571905589362133, 0.04588341114249063, 0.06655656296024486, 0.00768192821928996, 0.021675251947305237, 0.0010122867944560919], [0.9190688769018018, 0.029136129033937898, 0.034870533462056416, 0.004409187550676747, 0.01149354129087686, 0.0010217317606502473], [0.9419193969943214, 0.020221232232543393, 0.024089011332660507, 0.003491685096995216, 0.009247520319934893, 0.0010311540235446925], [0.9526326552172427, 0.01764375310491233, 0.01778719298973722, 0.002550037059785302, 0.008349340877511203, 0.001037020750811353], [0.9720940776653484, 0.011637839824001362, 0.006184597235540169, 0.00152297509271613, 0.007522824017976947, 0.0010376861644169335], [0.9818268253900216, 0.006551992029671163, 0.00173877177854377, 0.0015262401948934947, 0.0073162755776368035, 0.001039895029233154], [0.01064260741869555, 0.013466985131694125, 0.008902829039745545, 0.0014953932356909132, 0.9644792584110636, 0.0010129267631102637], [0.01299057454427861, 0.02229813130147085, 0.0174332531121585, 0.0023792831825827513, 0.9438846124087663, 0.0010141454507430593], [0.018972375756377745, 0.023989860748111366, 0.023336195867760905, 0.0032965630210477805, 0.9293978736344071, 0.0010071309722951304], [0.924338829848725, 0.026948946456748862, 0.027909421529378038, 0.005078442286647266, 0.014697973177793266, 0.001026386700707573], [0.9423682322938565, 0.018098516915043984, 0.021273229201451003, 0.004633092360002997, 0.012596236387045032, 0.001030692842600614], [0.944969418137229, 0.017689517266967256, 0.01835564557972394, 0.004643566295969638, 0.013308799466267989, 0.0010330532538423197], [0.9423823942217449, 0.018078285589488992, 0.021273229201451, 0.004633092360002996, 0.012602305784711526, 0.0010306928426006138], [0.9256332110833059, 0.02763935084623082, 0.02871686917504529, 0.004676038614221522, 0.012306717957573205, 0.0010278123236232026], [0.8571792496982862, 0.04588040870126936, 0.06657061031670135, 0.007681818383738711, 0.021675641169700156, 0.0010122717303043547], [0.8230598036978736, 0.06155475010807649, 0.0825219910447962, 0.009910147052007736, 0.021945889602564286, 0.0010074184946816164], [0.7736728800326658, 0.07602770269512531, 0.10395329455314552, 0.013010639236780462, 0.032335486583421, 0.0009999968988621288], [0.7553595965098769, 0.08050092838422448, 0.10068238900789514, 0.013700025113233837, 0.048757063096222866, 0.0009999978885467155], [0.7777666476485335, 0.07488011266686068, 0.10055705917297221, 0.013046805144849816, 0.0327493756786008, 0.0009999996881830907], [0.06088549492641046, 0.06271150508455456, 0.05960568832104486, 0.009108544390358792, 0.8066748601926189, 0.0010139070850123215], [0.9913741035428909, 0.0009999932092085828, 0.004625923620274764, 0.0009999932092085828, 0.0009999932092085828, 0.0009999932092085828], [0.032277497505396074, 0.029943266685929844, 0.015581678001527106, 0.0038399249388212644, 0.9173465136020398, 0.0010111192662859865], [0.9420464213143078, 0.02094340069581113, 0.02390062877361455, 0.003412164142242709, 0.008662541411152165, 0.0010348436628716362], [0.02009659319884182, 0.019198291628582363, 0.00828978654054528, 0.0019946540710100553, 0.9494157214745538, 0.001004953086466613], [0.9950002616867812, 0.0009999476626437436, 0.0009999476626437436, 0.0009999476626437436, 0.0009999476626437436, 0.0009999476626437436], [0.9645468410989502, 0.015610493768537462, 0.008353543502491654, 0.0025142909837595102, 0.007929432998492403, 0.0010453976477688082], [0.946337386452904, 0.018805352652112438, 0.020846557711461877, 0.0034120672342838644, 0.00956382354900345, 0.001034812400234441], [0.9233571336845873, 0.02779564169633849, 0.0316813110136865, 0.004333757256552966, 0.01180679941307336, 0.0010253569357613459], [0.8577269882536159, 0.04572358411490952, 0.06620177905550893, 0.007595491966720364, 0.021739392928874984, 0.0010127636803703311], [0.9233604223701148, 0.027790943574156353, 0.0316813110136865, 0.004333757256552966, 0.011808208849728, 0.0010253569357613459], [0.9555360139481669, 0.01744933596639469, 0.013625604716961278, 0.0034705962975609297, 0.008877070886119715, 0.0010413781847965378], [0.9950002809256457, 0.0009999438148708467, 0.0009999438148708467, 0.0009999438148708467, 0.0009999438148708467, 0.0009999438148708467]], [[0.9950002056368537, 0.0009999588726292677, 0.0009999588726292677, 0.0009999588726292677, 0.0009999588726292677, 0.0009999588726292677], [0.8576918208955093, 0.04684228025140449, 0.06461816479886599, 0.007603276156934999, 0.022230611971669676, 0.0010138459256153862], [0.8165686213281375, 0.14846701296226172, 0.001006936705506729, 0.010168136447004214, 0.02277840338069589, 0.0010108891763939778], [0.07414224716220369, 0.19172087407814253, 0.0009999849822447204, 0.013442186590143868, 0.7186947222050205, 0.0009999849822447204], [0.7394266933531649, 0.19655632436799758, 0.0009999880773333479, 0.014377569195413312, 0.04763943692875768, 0.0009999880773333479], [0.4760405511972206, 0.2794661977633885, 0.0009999832261993744, 0.020149998480531818, 0.2223432861064602, 0.0009999832261993744], [0.7385592128416238, 0.19888071312110045, 0.0009999932604729863, 0.014424508513892051, 0.046135579002437796, 0.0009999932604729863], [0.07140472510418412, 0.1923558617235958, 0.0009999902168074657, 0.01348790542063922, 0.7207515273179661, 0.0009999902168074657], [0.8173308334460194, 0.1483677434023286, 0.0010128352760943023, 0.010364624336432805, 0.021907175792143442, 0.0010167877469815512], [0.0471574188293607, 0.11847517411284185, 0.000999990913676387, 0.008408402708165869, 0.8239590225222789, 0.000999990913676387], [0.02659651362031697, 0.0708951332818223, 0.0009999985504709806, 0.004819070293415207, 0.8956864882289527, 0.001002796025021947], [0.017499520318187498, 0.057428186769111524, 0.0009999968907330266, 0.003801878279293009, 0.9192691130607223, 0.0010013046819526213], [0.9433423217658093, 0.043013475349254045, 0.0010225559896584178, 0.0028836579496592076, 0.008710832518539305, 0.001027156427079742], [0.9549248130600039, 0.03372624353025683, 0.001017277096764886, 0.0021551519644418104, 0.007154647531240976, 0.0010218668172917223], [0.017658637044026322, 0.04673606346814715, 0.0009999956741837586, 0.0027852249599997175, 0.930819807693828, 0.0010002711598150402], [0.9313155056995828, 0.05410826710777879, 0.001022305684465059, 0.0038963935188567568, 0.008630806047880536, 0.0010267219414360216], [0.9137026671819037, 0.0635445000395615, 0.0010146415421416351, 0.005517698225829993, 0.015201605212110936, 0.0010188877984522234], [0.8592203021197726, 0.10411087644794098, 0.0010110521306165212, 0.008518309910861159, 0.026124307905384447, 0.001015151485424299], [0.03404346601981926, 0.07078602487429939, 0.0009999655369373546, 0.005366253962449033, 0.8878043240695577, 0.0009999655369373546], [0.9137439125907781, 0.06399316217755789, 0.0010191666316444426, 0.005585095514824919, 0.014635250197239595, 0.001023412887955031], [0.03663177659378918, 0.06560492344825801, 0.0009999789420442014, 0.0054368945902916275, 0.8903264474835729, 0.0009999789420442014], [0.8566261781738955, 0.1072845640109728, 0.0010123211323637513, 0.008528412895704109, 0.0255321032998923, 0.0010164204871715291], [0.814459016037087, 0.149191586421151, 0.0010054558894247547, 0.010291450139736513, 0.024043083152288598, 0.0010094083603120036], [0.7606440589440943, 0.19048210531335363, 0.0009999846201318113, 0.013653679201436425, 0.033220187300852036, 0.0009999846201318113], [0.10408655400599623, 0.20190393166311676, 0.0010129788180461069, 0.014484529883663212, 0.6774990268111315, 0.0010129788180461069], [0.4798687004667466, 0.27544904534238784, 0.000999996402891852, 0.020326998859497493, 0.2223552625255844, 0.000999996402891852], [0.7453868762383333, 0.1878190254072861, 0.0009999859425767422, 0.013882499377436783, 0.0509116270917904, 0.0009999859425767422], [0.7675855792036177, 0.18410369249845213, 0.0009999969322434816, 0.013745389133949081, 0.03256534529949412, 0.0009999969322434816], [0.059725388172421, 0.06489612557786444, 0.0635849183354516, 0.00911660133465879, 0.8016623759420435, 0.0010145906375607062], [0.943141122892863, 0.05040851223403071, 0.0009998969120017212, 0.0009998969120017212, 0.0009998969120017212, 0.0034506741371010392], [0.9357915211399148, 0.026295339587586133, 0.021303980415644925, 0.004358497975963238, 0.011219328813041232, 0.001031332067849764], [0.943704651462725, 0.019708202979918925, 0.02209268617520431, 0.003647234138876183, 0.00981439019135513, 0.0010328350519205934], [0.9950002917704891, 0.000999941645902201, 0.000999941645902201, 0.000999941645902201, 0.000999941645902201, 0.000999941645902201], [0.9476588535016671, 0.01841426120354892, 0.019204962094214004, 0.0036565157760267363, 0.010029810621639261, 0.001035596802904039], [0.9156217165994454, 0.06564786169027062, 0.001017603452369053, 0.004796147604771204, 0.011894820944464217, 0.0010218497086796413], [0.8513421839759744, 0.11596101305007363, 0.0010114728738474122, 0.008223272315802332, 0.02244648555564697, 0.00101557222865519], [0.8151664137211952, 0.15049177121800397, 0.001005925998541484, 0.010158266823772287, 0.022167743769058373, 0.001009878469428733], [0.8514969735897151, 0.11573988503044404, 0.0010114728738474122, 0.008223272315802332, 0.02251282396153585, 0.00101557222865519], [0.9233604309190886, 0.02779093136133671, 0.0316813110136865, 0.004333757256552966, 0.011808212513573894, 0.0010253569357613459], [0.9950002354007685, 0.0009999529198463093, 0.0009999529198463093, 0.0009999529198463093, 0.0009999529198463093, 0.0009999529198463093]], [[0.9950002144008747, 0.0009999571198250749, 0.0009999571198250749, 0.0009999571198250749, 0.0009999571198250749, 0.0009999571198250749], [0.030874319284296355, 0.03247579345033644, 0.028679441728115852, 0.004094177009287563, 0.9028715288251218, 0.0010047397028420148], [0.8444642572096706, 0.1172066729274272, 0.0010079217437620697, 0.008613002427453501, 0.027696124593116787, 0.0010120210985698475], [0.04999719965545824, 0.15361987362208873, 0.0010017807038351489, 0.010461383753508963, 0.7839179815612738, 0.0010017807038351489], [0.7729147431443749, 0.17653810550284324, 0.001005024694662107, 0.01386211589320932, 0.03467114679507493, 0.0010088639698356003], [0.11195485940765662, 0.18567151898050843, 0.0010147077229398231, 0.0148390380926663, 0.685505168073289, 0.0010147077229398231], [0.760022261472547, 0.19202085656388523, 0.0009999921852852467, 0.01415693241834298, 0.03179996517465443, 0.0009999921852852467], [0.05077539225839192, 0.15349829882047308, 0.0010026028486142618, 0.010852207027048859, 0.7828688961968576, 0.0010026028486142618], [0.8496630100315022, 0.1180321384977025, 0.0010133031850189066, 0.008781326330610824, 0.021492819415338905, 0.0010174025398266844], [0.9136150833458563, 0.06655633817599356, 0.0010150487638139586, 0.005328031745138683, 0.01246620294907278, 0.001019295020124547], [0.9303607867646693, 0.054253604319950695, 0.0010214187770852194, 0.004347376866557065, 0.008990978237681614, 0.0010258350340561818], [0.01797179371860252, 0.04682921286472108, 0.0009999944198874175, 0.0031523473431728376, 0.9300466572337287, 0.0009999944198874175], [0.95384459116155, 0.03392945033729224, 0.0010163182200648778, 0.002692106456217803, 0.007496625884283463, 0.0010209079405917138], [0.02009934239408685, 0.04574961599219353, 0.0009999903304556208, 0.0031467004022310576, 0.9290043605505774, 0.0009999903304556208], [0.9297198561685752, 0.05420686972362726, 0.0010207183403402008, 0.004583951505662606, 0.009443469664483388, 0.0010251345973111634], [0.03520181135556653, 0.06636291759185568, 0.0009999830526611273, 0.005775115093515264, 0.8906601898537403, 0.0009999830526611273], [0.8554308387137143, 0.10770540015347593, 0.0010113507861999797, 0.008973417903260082, 0.02586354230234192, 0.0010154501410077575], [0.8287181163492499, 0.1315219459503949, 0.0010135856931557388, 0.010827607443573197, 0.02690120639958324, 0.0010175381640429879], [0.06799859776170404, 0.104272914149238, 0.0009999552608353397, 0.00914243578832062, 0.8165861417790667, 0.0009999552608353397], [0.8532685561536127, 0.10327694305092594, 0.001005357333756702, 0.00924880875340108, 0.032190878019739036, 0.00100945668856448], [0.9126455751859816, 0.0632480809420697, 0.0010145263383181601, 0.006013428555907787, 0.016059616383094073, 0.0010187725946287484], [0.9126116680385774, 0.06329651972407571, 0.0010145263383181601, 0.006013428555907787, 0.01604508474849227, 0.0010187725946287484], [0.8578965115610317, 0.10471643185299417, 0.0010100844695143565, 0.008962709814048363, 0.026400078478089246, 0.0010141838243221343], [0.8249339496258066, 0.13518992733898108, 0.0010151022783131119, 0.010843396238489848, 0.02699856976920887, 0.001019054749200361], [0.7657853036595513, 0.1853261745410457, 0.0009999949324185611, 0.014178164484566162, 0.03271036744999964, 0.0009999949324185611], [0.11111504438220877, 0.1990430183492441, 0.0010118719379977818, 0.014151062298204337, 0.6736671310943473, 0.0010118719379977818], [0.0862459670940798, 0.18430010976193614, 0.0009999725479870494, 0.012920562227515845, 0.7145334158204942, 0.0009999725479870494], [0.810374032198547, 0.14875400156609328, 0.0010004665965164929, 0.010567530870584487, 0.028299549700854867, 0.0010044190674037418], [0.0473243100134438, 0.11936700696853181, 0.0009999933931566223, 0.00841833880423532, 0.8228903574274758, 0.0009999933931566223], [0.03098947268669535, 0.03288115682825809, 0.02303380457761784, 0.004507378619002342, 0.9075817639630824, 0.0010064233253439592], [0.9950002231770597, 0.0009999553645880794, 0.0009999553645880794, 0.0009999553645880794, 0.0009999553645880794, 0.0009999553645880794], [0.9687896539716478, 0.014870650438984872, 0.004060234342283356, 0.002767927960500981, 0.00846238670830246, 0.0010491465782805768], [0.9950002463030978, 0.0009999507393804515, 0.0009999507393804515, 0.0009999507393804515, 0.0009999507393804515, 0.0009999507393804515], [0.9221445805676697, 0.028986261327187707, 0.03197730691963503, 0.004332658562510657, 0.011534101032875525, 0.001025091590121282], [0.8509277684298302, 0.11685247807288335, 0.001010551749515729, 0.00821623921758549, 0.021978311425861766, 0.0010146511043235067], [0.8144941798026739, 0.15145210538732012, 0.0010059259985414838, 0.010158266823772286, 0.021879643518263513, 0.0010098784694287327], [0.07145128682378989, 0.19280130619581481, 0.000999989721810755, 0.013483582099575191, 0.7202638454371987, 0.000999989721810755], [0.8175157366110901, 0.14896571283677695, 0.0010134962798028137, 0.010232191142470272, 0.02125541437916983, 0.0010174487506900629], [0.8575507539863736, 0.04589523177419476, 0.0662605150436798, 0.007595038873029323, 0.021685759636508185, 0.0010127006862143332], [0.9950002056368537, 0.0009999588726292677, 0.0009999588726292677, 0.0009999588726292677, 0.0009999588726292677, 0.0009999588726292677]], [[0.9950002144008747, 0.0009999571198250749, 0.0009999571198250749, 0.0009999571198250749, 0.0009999571198250749, 0.0009999571198250749], [0.03086110399305524, 0.032463732323830624, 0.02866794088696952, 0.004497997418126509, 0.9025048869691057, 0.0010043384089125115], [0.8446633092060614, 0.11692231293258311, 0.0010079217437620695, 0.0086130024274535, 0.02778143259157001, 0.0010120210985698473], [0.06598739707274291, 0.10840205689837537, 0.000999970641269141, 0.008847068050983316, 0.8147635366953602, 0.000999970641269141], [0.8283180252765274, 0.1320935046257125, 0.0010135856931557388, 0.010827607443573195, 0.02672973879698795, 0.0010175381640429877], [0.779097294771036, 0.16918288544796534, 0.001006792886159587, 0.014338871036104374, 0.03536352369740157, 0.0010106321613330802], [0.05790037354335259, 0.13553473883576497, 0.001004702715488941, 0.011594561145823634, 0.7929609210440809, 0.001004702715488941], [0.007912106090632594, 0.028559023512182, 0.0009999104315575645, 0.0009999104315575645, 0.0009999104315575645, 0.9605291391025126], [0.030287329895944185, 0.06827347553647276, 0.000999989114663334, 0.005931601118958813, 0.8935076152192977, 0.000999989114663334], [0.012185583348750357, 0.0009999517698174197, 0.0009999517698174197, 0.0009999517698174197, 0.0009999517698174197, 0.9838146095719799], [0.01996478566172401, 0.045024935571948456, 0.0009999898467654305, 0.003907354633604169, 0.9291029444391926, 0.0009999898467654305], [0.9518214363007543, 0.033847612006587445, 0.0010141914229467466, 0.003694834084664173, 0.008603145041573517, 0.001018781143473583], [0.9412245645758853, 0.0418582191385261, 0.001018130121659811, 0.004138859359672686, 0.010737496245174935, 0.0010227305590811355], [0.9278001504930184, 0.05310347481891474, 0.0010149046374814505, 0.0053760734055084336, 0.011686075750624643, 0.001019320894452413], [0.904628310998119, 0.06896124184533903, 0.0010100350747905378, 0.006766381541215594, 0.01761974920943469, 0.001014281331101126], [0.056827585732931486, 0.10525042570117035, 0.000999973892824327, 0.00967677325338707, 0.8262452675268624, 0.000999973892824327], [0.8268824987911279, 0.13165984421316682, 0.001011678367264787, 0.011555850290258374, 0.02787449750003019, 0.0010156308381520358], [0.7770692752588823, 0.16113993306584334, 0.0009999998237344401, 0.01432759058704013, 0.0454595384318286, 0.0010036628326712638], [0.8182248660508036, 0.1303482011415007, 0.0010012770520636412, 0.011824123636809769, 0.037596302595871434, 0.0010052295229508901], [0.8222301317905585, 0.12520439414451198, 0.0010008823481436676, 0.011819525848414185, 0.03874023104934065, 0.0010048348190309167], [0.851549545504692, 0.10316786994783542, 0.001003423953317347, 0.01004463528939587, 0.033227001996634156, 0.0010075233081251248], [0.0342340399069771, 0.07092010000283107, 0.0009999625661876372, 0.0064812886652304506, 0.8863646462925863, 0.0009999625661876372], [0.03105877531346309, 0.07226974832393016, 0.0009999733335210224, 0.006515901872005948, 0.888155627823559, 0.0009999733335210224], [0.8564263931222102, 0.10532295987685848, 0.001013207408258632, 0.009810752804748406, 0.026409380024857876, 0.00101730676306641], [0.07011790047678301, 0.13338856277579278, 0.0009999918583143259, 0.011789242213430804, 0.7827043108173647, 0.0009999918583143259], [0.08340959238900758, 0.18547475202503597, 0.0009999750579954391, 0.013313515448493329, 0.7158021900214725, 0.0009999750579954391], [0.8051312059944412, 0.15353534928923793, 0.0010079256761815103, 0.011301630421716372, 0.028012010471354265, 0.001011878147068759], [0.8443674340158311, 0.11738471979590008, 0.0010040264655659622, 0.008753779012633101, 0.02748191488969582, 0.00100812582037374], [0.0397643302894018, 0.07059860842882755, 0.0009999743346307036, 0.005533990720350181, 0.882103121892159, 0.0009999743346307036], [0.02340418724287017, 0.021719214197071943, 0.020275752444518798, 0.004381784491618261, 0.9292085970074202, 0.001010464616500731], [0.9950002176732656, 0.00099995646534687, 0.00099995646534687, 0.00099995646534687, 0.00099995646534687, 0.00099995646534687], [0.9950002565041179, 0.0009999486991764356, 0.0009999486991764356, 0.0009999486991764356, 0.0009999486991764356, 0.0009999486991764356], [0.9950001845643406, 0.000999963087131894, 0.000999963087131894, 0.000999963087131894, 0.000999963087131894, 0.000999963087131894], [0.04861015259237618, 0.049913954558327506, 0.06762499134114473, 0.007623708266126597, 0.8252271959254912, 0.0009999973165337743], [0.047588151007201845, 0.15152681613715546, 0.0010081299632800412, 0.010545399816605103, 0.7883233731124776, 0.0010081299632800412], [0.7611509061672322, 0.192344238142032, 0.0009999949832525496, 0.01373087156683677, 0.03077399415739404, 0.0009999949832525496], [0.0973798789543766, 0.20695519944233498, 0.001021177458041962, 0.014635592473287912, 0.6789869742139166, 0.001021177458041962], [0.06820737831166841, 0.19389856974446829, 0.001000631739173428, 0.013584370592342928, 0.7223084178731737, 0.001000631739173428], [0.8201095522858887, 0.06149920509094279, 0.08674356747635063, 0.009926535942177874, 0.020712036174214046, 0.001009103030426125], [0.9950001800614451, 0.0009999639877110113, 0.0009999639877110113, 0.0009999639877110113, 0.0009999639877110113, 0.0009999639877110113]], [[0.9950002056368537, 0.0009999588726292677, 0.0009999588726292677, 0.0009999588726292677, 0.0009999588726292677, 0.0009999588726292677], [0.8575526090344999, 0.0469262837485936, 0.06461244918129411, 0.007692637409440888, 0.022202265046212182, 0.0010137555799593718], [0.8291811185957337, 0.13154942090612345, 0.0010151673564184809, 0.010387749307652594, 0.02684742400676602, 0.0010191198273057298], [0.8506507164531899, 0.10714963053621676, 0.001007120081621737, 0.00915404417669413, 0.03102726931584804, 0.0010112194364295148], [0.8499102703755315, 0.10713210729476233, 0.001007356842498276, 0.00926643394246423, 0.03167237534743769, 0.0010114561973060539], [0.8323630303483571, 0.11985218298882903, 0.001014578572402201, 0.011500126688765669, 0.03425155035835655, 0.0010185310432894502], [0.8644240127134508, 0.09748796497839857, 0.001022705620693089, 0.010036843094801164, 0.026001668617155523, 0.0010268049755008668], [0.03539646403859906, 0.05888476938344616, 0.0009999908357745128, 0.006648883861283559, 0.8970699010451223, 0.0009999908357745128], [0.9325430766294074, 0.048907306908385254, 0.0010207474132498187, 0.005541667687425007, 0.01096203769131163, 0.0010251636702207814], [0.016447241892859475, 0.0009999364189082539, 0.0009999364189082539, 0.0009999364189082539, 0.0009999364189082539, 0.9795530124315076], [0.015537242642551857, 0.0009999392111393788, 0.0009999392111393788, 0.0009999392111393788, 0.0009999392111393788, 0.9804630005128907], [0.9417674970782807, 0.04075191063542506, 0.001018840826216988, 0.0042245347269072005, 0.011213775469531836, 0.0010234412636383125], [0.9322180554673583, 0.04822002381261546, 0.0010168841268999103, 0.005521441027712493, 0.01200229518154309, 0.0010213003838708727], [0.910911718362951, 0.06193269990710768, 0.0010150355512762832, 0.006934892332986144, 0.018186372038091925, 0.0010192818075868714], [0.8665314410549825, 0.09302217705974385, 0.0010177994580190378, 0.009990233164794063, 0.028416450449633618, 0.0010218988128268157], [0.8413910962810046, 0.11713189391077254, 0.0010226193979146667, 0.011785631907030003, 0.027642186634476294, 0.0010265718688019156], [0.7931172601355923, 0.14343592818395123, 0.0010080228425786244, 0.014586647113570588, 0.046840279606555166, 0.0010118621177521178], [0.12970281640235537, 0.1594949166557144, 0.0010124972459557486, 0.014671973471779776, 0.6941052989782389, 0.0010124972459557486], [0.7768759864807164, 0.15622360400752008, 0.001004405117752974, 0.01486763361968693, 0.05002012638139692, 0.0010082443929264673], [0.772995270581007, 0.16296547915036158, 0.001001500802405273, 0.014785706160976117, 0.047246703227671216, 0.0010053400775787665], [0.8352548239722231, 0.11216586625706003, 0.0010040489898728207, 0.01196124647567025, 0.03860601284441381, 0.0010080014607600695], [0.8623631980266397, 0.0931992740861393, 0.00100947430015744, 0.010238690472097307, 0.03217578946000099, 0.0010135736549652177], [0.03334855703676214, 0.06414171403461066, 0.0009999748773279176, 0.006560859720748944, 0.8939489194532225, 0.0009999748773279176], [0.9052353116798877, 0.061977823673745755, 0.0010090034054709989, 0.0072204581460672546, 0.023544153433046763, 0.0010132496617815871], [0.8614547145994986, 0.09458705731112069, 0.001015007971579457, 0.010293246666642284, 0.03163086612477162, 0.0010191073263872347], [0.06512632750355972, 0.13061230119154169, 0.0010124354746018525, 0.012327492739624132, 0.7899090076160707, 0.0010124354746018525], [0.7695320482184623, 0.17025180916239707, 0.0009999943629340493, 0.013904992636666565, 0.04431116125660595, 0.0009999943629340493], [0.823363217941131, 0.1330781792777913, 0.0010078141047725193, 0.010679890592837655, 0.030859131507807815, 0.0010117665756597682], [0.8667780025878206, 0.09637174122937701, 0.0010214422641708638, 0.008526268887455416, 0.026277003412197564, 0.0010255416189786416], [0.9145303762313776, 0.06250133244523981, 0.001021608418350298, 0.005461540928680431, 0.015459287301691018, 0.0010258546746608863], [0.027420267181732245, 0.017907979409113338, 0.01710274877234002, 0.004318228637422907, 0.9322430281656037, 0.001007747833787871], [0.9344080057171436, 0.024942135645484677, 0.02296390151345563, 0.004744148580665289, 0.011909627783876418, 0.0010321807593744539], [0.99500019350237, 0.000999961299526026, 0.000999961299526026, 0.000999961299526026, 0.000999961299526026, 0.000999961299526026], [0.8403940034093171, 0.05794319104968861, 0.06996749256490792, 0.009469045984754622, 0.0212015192870864, 0.0010247477042453824], [0.07428678428737175, 0.17800339375132726, 0.000999994053974917, 0.013445874814062923, 0.7322639590392883, 0.000999994053974917], [0.7396412755422428, 0.19750787963920183, 0.0009999895995742906, 0.014391354834469247, 0.046459510784937624, 0.0009999895995742906], [0.47478277076544423, 0.2811552200600773, 0.0009999960083944255, 0.020321736706997245, 0.2217402804506923, 0.0009999960083944255], [0.09755431754280434, 0.20643285976938675, 0.001021718396280629, 0.014645559475162887, 0.6793238264200848, 0.001021718396280629], [0.079472183735085, 0.07841141034113298, 0.11419290904200012, 0.015042554836418455, 0.7118809561141232, 0.0009999859312404484], [0.995000145367213, 0.0009999709265574171, 0.0009999709265574171, 0.0009999709265574171, 0.0009999709265574171, 0.0009999709265574171]], [[0.9950001800614451, 0.0009999639877110113, 0.0009999639877110113, 0.0009999639877110113, 0.0009999639877110113, 0.0009999639877110113], [0.835535038786086, 0.05845910592968907, 0.06961760379292609, 0.010030133696598963, 0.025338366445896966, 0.0010197513488028709], [0.7717384834615904, 0.1754638780328419, 0.0009999995231913356, 0.01378961910960896, 0.03700466720431423, 0.0010033526684533585], [0.8283514175836506, 0.13204580132982222, 0.0010135856931557388, 0.010827607443573195, 0.026744049785755033, 0.0010175381640429877], [0.8454340797090211, 0.10515035028301556, 0.0010021190588007222, 0.010031963726877938, 0.037375268808676136, 0.0010062184136085], [0.8560434648118661, 0.09382309692913854, 0.0010090709650718262, 0.01027528268812381, 0.03783591428592001, 0.001013170319879604], [0.050330859464955954, 0.05455949364731809, 0.0009999738211985648, 0.006836489180128786, 0.8862732100652, 0.0009999738211985648], [0.9328028249413773, 0.045053829828151926, 0.0010209003556313524, 0.006289248224750795, 0.013807880037486248, 0.0010253166126023149], [0.02705159774488761, 0.04088176772850347, 0.0009999863823009667, 0.0053452199037371095, 0.9247214418582699, 0.0009999863823009667], [0.011230925673341966, 0.0009999524245439216, 0.0009999524245439216, 0.0009999524245439216, 0.0009999524245439216, 0.9847692646284824], [0.010072340987802105, 0.0009999559795050416, 0.0009999559795050416, 0.0009999559795050416, 0.0009999559795050416, 0.9859278350941776], [0.010402972606249599, 0.0009999549650070254, 0.0009999549650070254, 0.0009999549650070254, 0.0009999549650070254, 0.9855972075337222], [0.034895342667443166, 0.05959892200750956, 0.0009999805402972854, 0.006504499877171605, 0.897001274367281, 0.0009999805402972854], [0.8721404655260399, 0.08784737591582348, 0.0010143924531549706, 0.009807451910926489, 0.028171822386092504, 0.0010184918079627484], [0.8413977637655303, 0.11006879403998832, 0.0010094070053734661, 0.011814403663255077, 0.034696272049592206, 0.001013359476260715], [0.09724682504848449, 0.13790853957627075, 0.000999987400430495, 0.01388801142860259, 0.7489566491457813, 0.000999987400430495], [0.7770611123347761, 0.1440532343919353, 0.0010046737985208837, 0.014856722092935839, 0.062017368715298477, 0.0010068886665332128], [0.5107574646935525, 0.2379439101427783, 0.0009999899512681295, 0.01928576700071345, 0.23001287826041963, 0.0009999899512681295], [0.7532358291398871, 0.17227161035830355, 0.0009999948191414718, 0.015732764741966415, 0.05675980612156029, 0.0009999948191414718], [0.7663187032640665, 0.15755990911459608, 0.0009999677503596774, 0.015464677751021831, 0.058656774369596335, 0.0009999677503596774], [0.7861789502342635, 0.15022592022940018, 0.0009999886272716637, 0.014475866966815513, 0.04711928531497747, 0.0009999886272716637], [0.8403181728963368, 0.1074648408801725, 0.0010004382736931543, 0.011770078272373087, 0.03844207893284419, 0.0010043907445804032], [0.8640711582100026, 0.08607520439746696, 0.0009999994949970769, 0.010075516183866689, 0.03777452786885516, 0.0010035938448115834], [0.8668292304684196, 0.08721227842441386, 0.0010063382344433812, 0.010039237615706954, 0.03390247766776515, 0.001010437589251159], [0.8410610699647858, 0.11054978518390914, 0.0010094070053734661, 0.011814403663255077, 0.03455197470641597, 0.0010133594762607152], [0.09929511673784296, 0.14572221773529365, 0.0009999757972509213, 0.013759007143331862, 0.7392237067890298, 0.0009999757972509213], [0.12618440955939403, 0.16177967816553615, 0.0010152527837622122, 0.01452308484315078, 0.6954823218643946, 0.0010152527837622122], [0.7831933301427196, 0.16500113919533302, 0.0009999985330668344, 0.014211840512277403, 0.03559162701846252, 0.0010020645981403838], [0.8434631193584323, 0.11738756638666607, 0.0010164106608873918, 0.010210407655004023, 0.026902132807235593, 0.0010203631317746407], [0.875725241480332, 0.08736106109774364, 0.0010136939399226811, 0.008350938055714248, 0.026531272131556954, 0.001017793294730459], [0.9258443132530328, 0.050820423629241836, 0.0010164838947927374, 0.005382799680534489, 0.01591524939129477, 0.0010207301511033257], [0.951892408266293, 0.013096602773317916, 0.020031676876579023, 0.0034595129774595513, 0.010482297996099538, 0.001037501110251087], [0.995000181095947, 0.000999963780810608, 0.000999963780810608, 0.000999963780810608, 0.000999963780810608, 0.000999963780810608], [0.9949217494436777, 0.0009999759468323293, 0.0009999759468323293, 0.0009999759468323293, 0.0010783467689931096, 0.0009999759468323293], [0.8269972502843373, 0.059492902486143334, 0.08060325481444643, 0.009938844955580391, 0.021949676560407853, 0.0010180708990846512], [0.7601777665731461, 0.19040388607479888, 0.0009999851252309607, 0.013657441560514232, 0.033760935541078924, 0.0009999851252309607], [0.7389878231197403, 0.19705344938107117, 0.0009999856063960199, 0.014355192042176074, 0.04760356424422042, 0.0009999856063960199], [0.0710950462241497, 0.1926701162216761, 0.0009999895290964801, 0.013481898925657026, 0.7207529595703244, 0.0009999895290964801], [0.8202947697318331, 0.06162569655599733, 0.0867780106802054, 0.009928692685701915, 0.02036350563447023, 0.0010093247117919936], [0.9950001800614451, 0.0009999639877110113, 0.0009999639877110113, 0.0009999639877110113, 0.0009999639877110113, 0.0009999639877110113]], [[0.9950001731030407, 0.0009999653793918927, 0.0009999653793918927, 0.0009999653793918927, 0.0009999653793918927, 0.0009999653793918927], [0.782051725468083, 0.07555658602077496, 0.09444982284280222, 0.013130424906359656, 0.03380529716240486, 0.00100614359957534], [0.7593651565518449, 0.17334060101454915, 0.0010031980586214361, 0.014543378724165338, 0.050742695313788666, 0.0010049703370304949], [0.08448414817237543, 0.16824610554628397, 0.0009999939528541374, 0.013418941019026851, 0.7318508173566055, 0.0009999939528541374], [0.8181947285818786, 0.13039125466853638, 0.0010012770520636412, 0.011824123636809769, 0.03758338653776072, 0.0010052295229508901], [0.8277139194954367, 0.11497253195108226, 0.0010089945666387577, 0.012060143513467987, 0.04323146343584838, 0.0010129470375260065], [0.8637722270039726, 0.09094282295716445, 0.0010094788214865182, 0.010089126263020718, 0.033172766778061406, 0.001013578176294296], [0.9221084952662324, 0.05155194910146992, 0.001014068513895454, 0.006760527615464168, 0.01754664473273207, 0.0010183147702060424], [0.030339577096981967, 0.04643529100850237, 0.0009999814706392427, 0.005911404057680082, 0.9153137648955572, 0.0009999814706392427], [0.9425926289600508, 0.03942104105939763, 0.0010233106555783903, 0.004455264071759275, 0.011479844160214284, 0.0010279110929997148], [0.011230925673341966, 0.0009999524245439216, 0.0009999524245439216, 0.0009999524245439216, 0.0009999524245439216, 0.9847692646284824], [0.006938447342995573, 0.0009999655954067695, 0.0009999655954067695, 0.0009999655954067695, 0.0009999655954067695, 0.9890616902753773], [0.9260597693986317, 0.05079560731515115, 0.0010184007236004882, 0.0061954119547404825, 0.014907993627304768, 0.0010228169805714506], [0.004062617096592317, 0.0009999808653568605, 0.0009999808653568605, 0.0009999808653568605, 0.0017622039392656927, 0.9911752363680714], [0.8597902435575842, 0.0874540246378053, 0.0010041807999714573, 0.009964014508982193, 0.040779256340877756, 0.001008280154779235], [0.8317662842498152, 0.10920445281676441, 0.0010079546411184152, 0.011802482619736349, 0.045206918560559944, 0.0010119071120056641], [0.10548198369044272, 0.14241559792391145, 0.000999972254082244, 0.013938726990250744, 0.7361637468872307, 0.000999972254082244], [0.7729950547346771, 0.15542098668838977, 0.000999973384485727, 0.013300150071704441, 0.05628386173625719, 0.000999973384485727], [0.7726305291280168, 0.15137373271796883, 0.000999981650402129, 0.014689230318661723, 0.059306544534548304, 0.000999981650402129], [0.5237620630869769, 0.22435731705750156, 0.0010089243023986669, 0.019391418400149556, 0.23047135285057452, 0.0010089243023986669], [0.7802697148475604, 0.14009796937203706, 0.0010044179329456553, 0.014674070500762566, 0.06294727128255277, 0.0010065560641417386], [0.09731184634917471, 0.13785204939813273, 0.0009999876095347102, 0.013752838459317109, 0.7