{"prediction": [[[0.9950224004417905, 0.0009955199116420117, 0.0009955199116420117, 0.0009955199116420117, 0.0009955199116420117, 0.0009955199116420117], [0.9950224004417905, 0.0009955199116420117, 0.0009955199116420117, 0.0009955199116420117, 0.0009955199116420117, 0.0009955199116420117], [0.9950224004417905, 0.0009955199116420117, 0.0009955199116420117, 0.0009955199116420117, 0.0009955199116420117, 0.0009955199116420117], [0.9950224004417905, 0.0009955199116420117, 0.0009955199116420117, 0.0009955199116420117, 0.0009955199116420117, 0.0009955199116420117], [0.9950224004417905, 0.0009955199116420117, 0.0009955199116420117, 0.0009955199116420117, 0.0009955199116420117, 0.0009955199116420117], [0.9950224004417905, 0.0009955199116420117, 0.0009955199116420117, 0.0009955199116420117, 0.0009955199116420117, 0.0009955199116420117], [0.9950224004417905, 0.0009955199116420117, 0.0009955199116420117, 0.0009955199116420117, 0.0009955199116420117, 0.0009955199116420117], [0.9950224004417905, 0.0009955199116420117, 0.0009955199116420117, 0.0009955199116420117, 0.0009955199116420117, 0.0009955199116420117], [0.9950224004417905, 0.0009955199116420117, 0.0009955199116420117, 0.0009955199116420117, 0.0009955199116420117, 0.0009955199116420117], [0.9950224004417905, 0.0009955199116420117, 0.0009955199116420117, 0.0009955199116420117, 0.0009955199116420117, 0.0009955199116420117], [0.9950224004417905, 0.0009955199116420117, 0.0009955199116420117, 0.0009955199116420117, 0.0009955199116420117, 0.0009955199116420117], [0.9950224004417905, 0.0009955199116420117, 0.0009955199116420117, 0.0009955199116420117, 0.0009955199116420117, 0.0009955199116420117], [0.9950224004417905, 0.0009955199116420117, 0.0009955199116420117, 0.0009955199116420117, 0.0009955199116420117, 0.0009955199116420117], [0.9950224004417905, 0.0009955199116420117, 0.0009955199116420117, 0.0009955199116420117, 0.0009955199116420117, 0.0009955199116420117], [0.9950224004417905, 0.0009955199116420117, 0.0009955199116420117, 0.0009955199116420117, 0.0009955199116420117, 0.0009955199116420117], [0.9950224004417905, 0.0009955199116420117, 0.0009955199116420117, 0.0009955199116420117, 0.0009955199116420117, 0.0009955199116420117], [0.9950224004417905, 0.0009955199116420117, 0.0009955199116420117, 0.0009955199116420117, 0.0009955199116420117, 0.0009955199116420117], [0.9950224004417905, 0.0009955199116420117, 0.0009955199116420117, 0.0009955199116420117, 0.0009955199116420117, 0.0009955199116420117], [0.9950224004417905, 0.0009955199116420117, 0.0009955199116420117, 0.0009955199116420117, 0.0009955199116420117, 0.0009955199116420117], [0.9950224004417905, 0.0009955199116420117, 0.0009955199116420117, 0.0009955199116420117, 0.0009955199116420117, 0.0009955199116420117], [0.9950224004417905, 0.0009955199116420117, 0.0009955199116420117, 0.0009955199116420117, 0.0009955199116420117, 0.0009955199116420117], [0.9950224004417905, 0.0009955199116420117, 0.0009955199116420117, 0.0009955199116420117, 0.0009955199116420117, 0.0009955199116420117], [0.9950224004417905, 0.0009955199116420117, 0.0009955199116420117, 0.0009955199116420117, 0.0009955199116420117, 0.0009955199116420117], [0.9950224004417905, 0.0009955199116420117, 0.0009955199116420117, 0.0009955199116420117, 0.0009955199116420117, 0.0009955199116420117], [0.9950224004417905, 0.0009955199116420117, 0.0009955199116420117, 0.0009955199116420117, 0.0009955199116420117, 0.0009955199116420117], [0.9950224004417905, 0.0009955199116420117, 0.0009955199116420117, 0.0009955199116420117, 0.0009955199116420117, 0.0009955199116420117], [0.9950224004417905, 0.0009955199116420117, 0.0009955199116420117, 0.0009955199116420117, 0.0009955199116420117, 0.0009955199116420117], [0.9950224004417905, 0.0009955199116420117, 0.0009955199116420117, 0.0009955199116420117, 0.0009955199116420117, 0.0009955199116420117], [0.9950224004417905, 0.0009955199116420117, 0.0009955199116420117, 0.0009955199116420117, 0.0009955199116420117, 0.0009955199116420117], [0.9950224004417905, 0.0009955199116420117, 0.0009955199116420117, 0.0009955199116420117, 0.0009955199116420117, 0.0009955199116420117], [0.9950224004417905, 0.0009955199116420117, 0.0009955199116420117, 0.0009955199116420117, 0.0009955199116420117, 0.0009955199116420117], [0.9950224004417905, 0.0009955199116420117, 0.0009955199116420117, 0.0009955199116420117, 0.0009955199116420117, 0.0009955199116420117], [0.9950224004417905, 0.0009955199116420117, 0.0009955199116420117, 0.0009955199116420117, 0.0009955199116420117, 0.0009955199116420117], [0.9950224004417905, 0.0009955199116420117, 0.0009955199116420117, 0.0009955199116420117, 0.0009955199116420117, 0.0009955199116420117], [0.9950224004417905, 0.0009955199116420117, 0.0009955199116420117, 0.0009955199116420117, 0.0009955199116420117, 0.0009955199116420117], [0.9950224004417905, 0.0009955199116420117, 0.0009955199116420117, 0.0009955199116420117, 0.0009955199116420117, 0.0009955199116420117], [0.9950224004417905, 0.0009955199116420117, 0.0009955199116420117, 0.0009955199116420117, 0.0009955199116420117, 0.0009955199116420117], [0.9950224004417905, 0.0009955199116420117, 0.0009955199116420117, 0.0009955199116420117, 0.0009955199116420117, 0.0009955199116420117], [0.9950224004417905, 0.0009955199116420117, 0.0009955199116420117, 0.0009955199116420117, 0.0009955199116420117, 0.0009955199116420117], [0.9950224004417905, 0.0009955199116420117, 0.0009955199116420117, 0.0009955199116420117, 0.0009955199116420117, 0.0009955199116420117]], [[0.9950224004417905, 0.0009955199116420117, 0.0009955199116420117, 0.0009955199116420117, 0.0009955199116420117, 0.0009955199116420117], [0.005760882386431525, 0.006868522334718427, 0.0036594159977678007, 0.000999775159992476, 0.9814450438436505, 0.0012663602774393246], [0.9837765775406071, 0.008188442072736352, 0.004055098430089601, 0.0009997767314785387, 0.0017111743356599016, 0.0012689308894285108], [0.9830066782092315, 0.00928829826041588, 0.004055098430089601, 0.0009997767314785387, 0.0013812174793560435, 0.0012689308894285108], [0.9451997131298215, 0.02373661563484694, 0.016136179601818814, 0.002905406299496462, 0.010707290648707918, 0.0013147946853084799], [0.910746743377149, 0.04174397868542478, 0.03286038079502098, 0.0066671551278913496, 0.006896810755632695, 0.0010849312588812633], [0.9449085248914432, 0.024152598832530417, 0.016136179601818814, 0.002905406299496462, 0.010582495689402878, 0.0013147946853084799], [0.9448783897651368, 0.02419564901296791, 0.016136179601818814, 0.002905406299496462, 0.010569580635271629, 0.0013147946853084799], [0.9066440632788236, 0.04165704944285573, 0.03600738954053575, 0.005466708648913757, 0.009140064393387517, 0.0010847246954835286], [0.9446939586453149, 0.024459122041285006, 0.016136179601818814, 0.002905406299496462, 0.0104905387267765, 0.0013147946853084799], [0.9446980740191186, 0.02445324293585107, 0.016136179601818814, 0.002905406299496462, 0.01049230245840668, 0.0013147946853084799], [0.9068605301033775, 0.04488359820040376, 0.03361217928926177, 0.0054667085033234175, 0.008092259213709459, 0.0010847246899238906], [0.8932813815255672, 0.0494404965507074, 0.04183817726157399, 0.007347261987616227, 0.007034442531231149, 0.001058240143303903], [0.015617913177500853, 0.045045783592855104, 0.03219568101693354, 0.005275368760492944, 0.9007880965907968, 0.0010771568614207933], [0.944837139110188, 0.024254578520037734, 0.016136179601818814, 0.002905406299496462, 0.010551901783150682, 0.0013147946853084799], [0.9450287639306195, 0.023980828776564173, 0.016136179601818814, 0.002905406299496462, 0.01063402670619275, 0.0013147946853084799], [0.9446741480611567, 0.02448742287579677, 0.016136179601818814, 0.002905406299496462, 0.01048204847642297, 0.0013147946853084799], [0.9020311253822286, 0.04389602182116721, 0.036811376325194135, 0.00666590857659144, 0.009510444426068507, 0.0010851234687500706], [0.8673654771969471, 0.06110114489095615, 0.04718950720465232, 0.01045094193839397, 0.01283288377683674, 0.0010600449922138142], [0.820467912697316, 0.07530054180037057, 0.06752858580246222, 0.010617125946172624, 0.02503685170301487, 0.0010489820506636085], [0.7958004053475717, 0.083543363520146, 0.06849521112579211, 0.017617122797422162, 0.033503684602517105, 0.001040212606551019], [0.10884945434848184, 0.10886966323117953, 0.10395611366240508, 0.017959396946954545, 0.6593653722988414, 0.0009999995121376729], [0.7907593733887458, 0.09578400264181869, 0.06932812543610799, 0.012762708499338247, 0.030327352152375003, 0.0010384378816143069], [0.05809475370251782, 0.08281191960953282, 0.07271102910202126, 0.014724341080351746, 0.7705911594339551, 0.0010667970716212005], [0.8615141746911887, 0.062470883832845256, 0.05236751630454747, 0.010091189451768557, 0.012495575386829915, 0.0010606603328200425], [0.028819564301697527, 0.046258478687042345, 0.03299340166147894, 0.008945992514297839, 0.8819026131829428, 0.001079949652540495], [0.9950224004417905, 0.0009955199116420117, 0.0009955199116420117, 0.0009955199116420117, 0.0009955199116420117, 0.0009955199116420117], [0.9950224004417905, 0.0009955199116420117, 0.0009955199116420117, 0.0009955199116420117, 0.0009955199116420117, 0.0009955199116420117], [0.04803211589296038, 0.06283095997397428, 0.04702769708362056, 0.010179037930909579, 0.8308711479704711, 0.0010590411480640776], [0.05305934471851578, 0.07927522886479373, 0.06277557246034289, 0.010306262526557008, 0.7935151752837223, 0.001068416146068319], [0.8220553485681583, 0.07727592673134291, 0.058417976071132444, 0.01474053902719674, 0.026467033765784412, 0.0010431758363852906], [0.8237973653182304, 0.06796757555593652, 0.06264883470378875, 0.015090901367321156, 0.029439890909138428, 0.0010554321455847517], [0.8465238853722046, 0.06810940198952538, 0.05272869545703086, 0.011288348896240235, 0.020289778756337362, 0.0010598895286615536], [0.7965262197533169, 0.0849412096500521, 0.07346348767379281, 0.01325393526738097, 0.03076298690169036, 0.0010521607537668717], [0.06922347248426486, 0.09432019186682156, 0.06682879151476175, 0.01600762228098472, 0.7526199222741473, 0.0009999995790200245], [0.12307325831086605, 0.11134589581347047, 0.10297310680353033, 0.016082623662684162, 0.6455251235609337, 0.0009999918485153506], [0.6691568098686317, 0.13378251151770237, 0.11571284942645081, 0.022118478620173146, 0.05818002630731987, 0.0010493242597221317], [0.1192826028128259, 0.12316045277638797, 0.10578630062727207, 0.016560877711677843, 0.634209772486728, 0.0009999935851083173], [0.7841059411737888, 0.09135564412997271, 0.07240158700103312, 0.012634339803291811, 0.0384673114869065, 0.0010351764050070648], [0.9950224004417905, 0.0009955199116420117, 0.0009955199116420117, 0.0009955199116420117, 0.0009955199116420117, 0.0009955199116420117]], [[0.9950224004417905, 0.0009955199116420117, 0.0009955199116420117, 0.0009955199116420117, 0.0009955199116420117, 0.0009955199116420117], [0.9837765775406071, 0.008188442072736352, 0.004055098430089601, 0.0009997767314785387, 0.0017111743356599016, 0.0012689308894285108], [0.9827118009108781, 0.012628776879975354, 0.0009992704439917243, 0.0009992704439917243, 0.0013955657454627194, 0.0012653155757003562], [0.9428165645314099, 0.038251959155599737, 0.0009995568082765062, 0.003605245749393848, 0.013017448792604018, 0.0013092249627157076], [0.017534851440480906, 0.08032230537713546, 0.0009998546783237705, 0.007214979133679317, 0.8928563892662236, 0.0010716201041569304], [0.8895182857409243, 0.09142617336108974, 0.0009998547864847839, 0.007768113928698337, 0.009225166833019147, 0.0010624053497835838], [0.8976743314921889, 0.0827170096342023, 0.0009998626140111013, 0.007039495668274254, 0.010490327180190509, 0.0010789734111330198], [0.8979142008549117, 0.08431053688329032, 0.0009998621953769618, 0.007102596925723773, 0.008594246312199162, 0.0010785568284982102], [0.8877858267575844, 0.089564070128279, 0.0009998547873249304, 0.009624524808858559, 0.010963312059979847, 0.001062411457973227], [0.8897900001958375, 0.09329357242021177, 0.0009998622363438636, 0.0071025972167352664, 0.007735411058182239, 0.0010785568726894316], [0.890387149354532, 0.09107680527907427, 0.000999863852711643, 0.007873078068689187, 0.008582900535157062, 0.0010802029098356738], [0.8817302982858041, 0.09517172524985665, 0.000999855433161937, 0.010597134351632606, 0.010437904684633273, 0.0010630819949115431], [0.843168691042763, 0.1211558485514176, 0.0009998462026073803, 0.010417592260888356, 0.02320467708021071, 0.0010533448621128886], [0.8819302316975396, 0.09598203519510469, 0.00099985396694521, 0.00908162602875355, 0.010944698874941265, 0.0010615542367156938], [0.027124314617583634, 0.08426774459653505, 0.0009998568724065738, 0.006984976791504948, 0.8795493327500613, 0.001073774371908419], [0.8847043090921427, 0.09509202552128194, 0.000999860993134009, 0.008659618780118453, 0.009466848553422213, 0.0010773370599007277], [0.8804188095786565, 0.09379676243528393, 0.0009998626337962687, 0.009434376643017236, 0.01427121527676251, 0.0010789734324836227], [0.8676659125513939, 0.10592699598155668, 0.0009998529346761603, 0.008897030077671845, 0.015449612133140993, 0.0010605963215604127], [0.058781860461445935, 0.1485394312681422, 0.0009998649433694152, 0.014579646291126703, 0.7760267910002099, 0.0010724060357057107], [0.05384004200621277, 0.16590414491398736, 0.0009998367548408997, 0.01982983924495345, 0.7584222299468585, 0.0010039071331470147], [0.7591611766800413, 0.1778430703171072, 0.0009995405762948427, 0.01747043378233974, 0.043526238067922086, 0.0009995405762948427], [0.637041020203515, 0.1892802092564151, 0.0009995252787193282, 0.019771154955119438, 0.15190856502751168, 0.0009995252787193282], [0.1805058269004058, 0.19863794638549367, 0.0009994713811443652, 0.016826694736029782, 0.602030589215782, 0.0009994713811443652], [0.04797984290524801, 0.23885338935831696, 0.0009994787282465545, 0.015162782759258694, 0.6960050275206832, 0.0009994787282465545], [0.8544886717406109, 0.10970840094436161, 0.0009995238928540478, 0.010239871919158478, 0.023564007610160795, 0.0009995238928540478], [0.8891619823830678, 0.0508010992333205, 0.03430565309910669, 0.011717920856920937, 0.013013491566448371, 0.0009998528611357613], [0.9950228956748198, 0.0009954208650361537, 0.0009954208650361537, 0.0009954208650361537, 0.0009954208650361537, 0.0009954208650361537], [0.8808786560496014, 0.052997650874082695, 0.0373400675071588, 0.010152137866969823, 0.01763163349245696, 0.0009998542097304872], [0.8473555523632267, 0.11312875191344642, 0.0009995208503265523, 0.008776513230137985, 0.02874014079253587, 0.0009995208503265523], [0.06900565048839152, 0.12352138863517889, 0.000999466734485393, 0.01670798567396153, 0.7887660417334973, 0.000999466734485393], [0.7653174125538784, 0.16629569896315147, 0.0009995398849558343, 0.020108259378885576, 0.04627954933417301, 0.0009995398849558343], [0.8324735162697515, 0.11888996661698731, 0.0009995132228835953, 0.013202296845920603, 0.03343519382157342, 0.0009995132228835953], [0.07016739812197272, 0.1204572234185594, 0.0009995361821470137, 0.012810658051688724, 0.7945656480434853, 0.0009995361821470137], [0.825080792360186, 0.1201913211083568, 0.0009995100200785763, 0.013979562408325378, 0.03874930408297462, 0.0009995100200785763], [0.1915217774672852, 0.17716304650110015, 0.000999466847044715, 0.0167677792652728, 0.6125484630722524, 0.000999466847044715], [0.67302871025806, 0.24625736206600687, 0.000999852493402133, 0.019937838073945422, 0.05872044730460921, 0.0010557898039765315], [0.4347817774243797, 0.32038550697951934, 0.0009998006268163192, 0.037543585446067534, 0.2052895288964008, 0.0009998006268163192], [0.6202022499373554, 0.27784280306478426, 0.0009998419395536925, 0.024936481871853548, 0.0749787856540708, 0.0010398375323823178], [0.11883279376113941, 0.11946455008222144, 0.11697504122144357, 0.020556855653461863, 0.6231707656663579, 0.0009999936153759134], [0.9950224004417905, 0.0009955199116420117, 0.0009955199116420117, 0.0009955199116420117, 0.0009955199116420117, 0.0009955199116420117]], [[0.9950224004417905, 0.0009955199116420117, 0.0009955199116420117, 0.0009955199116420117, 0.0009955199116420117, 0.0009955199116420117], [0.9830066782092315, 0.00928829826041588, 0.004055098430089601, 0.0009997767314785387, 0.0013812174793560435, 0.0012689308894285108], [0.9426662510508864, 0.03846669269920501, 0.0009995568082765065, 0.003605245749393849, 0.012953028729522439, 0.001309224962715708], [0.01566450013944433, 0.0871817465029552, 0.0009998546165991527, 0.00801221285487435, 0.8870701338672274, 0.001071552018899561], [0.019696105904369775, 0.09836499473029167, 0.0009998591286635196, 0.010812826482234235, 0.8690589225439069, 0.0010672912105340385], [0.8481655559103579, 0.11698502206261709, 0.0009998491207991, 0.011143637275580655, 0.02164973022061972, 0.001056205410025495], [0.8808258325605984, 0.09662871599529513, 0.000999854014226132, 0.009501028259514325, 0.010982905962709837, 0.0010616632076560428], [0.025036006001465272, 0.10461361830319126, 0.0009998519079006578, 0.009912680109079268, 0.8583777574539795, 0.00106008622438421], [0.846165205864191, 0.11674639228660329, 0.000999847879027974, 0.011344545822594617, 0.023689018537995703, 0.001054989609587305], [0.03080472109323011, 0.10483143137293054, 0.0009998536262894385, 0.01259267551118165, 0.8497094921518644, 0.0010618262445037743], [0.863407684501167, 0.11011001355259648, 0.000999855239198471, 0.009668422431391498, 0.014751128330582033, 0.0010628959450646152], [0.82932941364767, 0.1310860295993542, 0.0009998467927349805, 0.012577649104053117, 0.024953176194294914, 0.0010538846618928343], [0.052680954045782734, 0.1444139540074161, 0.0009998381236123143, 0.014724218784843337, 0.7861757444995531, 0.0010052905387924257], [0.8300039655198045, 0.1258241581995501, 0.0009998488395520303, 0.013741603672043672, 0.028374492379781943, 0.0010559313892677658], [0.8703259506937304, 0.10478608795261787, 0.0009998540581309927, 0.009501028560318219, 0.013325415510027144, 0.0010616632251754406], [0.8763302088829154, 0.10140422159254381, 0.000999854297534037, 0.008227199860808535, 0.011976574764862653, 0.001061940601335515], [0.8751298095910146, 0.09739756352198684, 0.000999852004769821, 0.013183454359601249, 0.012229707435128514, 0.0010596130874989532], [0.05659941088844675, 0.12829968126430305, 0.0009998685489711276, 0.016114685470956746, 0.796910309841482, 0.0010760439858402478], [0.8082557274779129, 0.144827602436648, 0.0009998480348565085, 0.01588620884645732, 0.028983423825316688, 0.0010471893788086635], [0.1100935448804028, 0.2250775517698082, 0.0009998333792447184, 0.01837574802211949, 0.6444473669796077, 0.001005954968816963], [0.09997195542275374, 0.20843999032030636, 0.0009994747143554496, 0.017825317503261644, 0.6717637873249674, 0.0009994747143554496], [0.4368847175143961, 0.3589447636268699, 0.0009994408460573237, 0.027137987642328897, 0.1750336495242905, 0.0009994408460573237], [0.7268260875716068, 0.1998246854304433, 0.0009995267197208488, 0.0184534825236915, 0.05289669103481678, 0.0009995267197208488], [0.09163449002095776, 0.16140111237477028, 0.0009994778126060316, 0.019234472259593256, 0.7257309697194667, 0.0009994778126060316], [0.05851034516355806, 0.06869555508387706, 0.042031222552729466, 0.013104535694525542, 0.816658544824624, 0.0009997966806860026], [0.9950228956748198, 0.0009954208650361537, 0.0009954208650361537, 0.0009954208650361537, 0.0009954208650361537, 0.0009954208650361537], [0.8771580712771494, 0.050858087649591856, 0.03862607770083599, 0.00931308302963696, 0.02304482811952233, 0.0009998522232634833], [0.8492416649988659, 0.11143484451404205, 0.0009995238518172179, 0.012961754193295861, 0.024362688590162055, 0.0009995238518172179], [0.8263809575312816, 0.12720596121320504, 0.0009995186208027883, 0.01582214719207691, 0.028591896821830966, 0.0009995186208027883], [0.10682841473010814, 0.1590664847332981, 0.0009994598063900054, 0.017821732158519645, 0.7142844487652942, 0.0009994598063900054], [0.7551698024289848, 0.17080195761371827, 0.0009995259478187536, 0.015540267299824145, 0.05648892076183533, 0.0009995259478187536], [0.7694839726935365, 0.16081879308891134, 0.000999548330683228, 0.017462213482006547, 0.05023592407417917, 0.000999548330683228], [0.8294806095463734, 0.12327697963335633, 0.000999512768659533, 0.014343870627648714, 0.03089951465530243, 0.000999512768659533], [0.08365393897897656, 0.12267378481779152, 0.0009995239212218017, 0.016152162566374178, 0.7755210657944142, 0.0009995239212218017], [0.8063647868186045, 0.14209458512095702, 0.0009995055467709269, 0.013957475724614856, 0.03558414124228196, 0.0009995055467709269], [0.6704625415901194, 0.23276508399622525, 0.000999860919660469, 0.02247669830192999, 0.07222328766938978, 0.0010725275226751878], [0.6122763731973104, 0.2681869466521515, 0.0010070602214184731, 0.02652834981185886, 0.09095597320121115, 0.001045296916049726], [0.16144811979160956, 0.2710415757227534, 0.0009998261911382368, 0.025464918184085132, 0.5400457339192756, 0.0009998261911382368], [0.6772150572429488, 0.11563590758895696, 0.12212633416444958, 0.023809998647449857, 0.06014821589341649, 0.0010644864627782312], [0.9950224004417905, 0.0009955199116420117, 0.0009955199116420117, 0.0009955199116420117, 0.0009955199116420117, 0.0009955199116420117]], [[0.9950224004417905, 0.0009955199116420117, 0.0009955199116420117, 0.0009955199116420117, 0.0009955199116420117, 0.0009955199116420117], [0.9449088555416786, 0.02415212647505093, 0.01613617960181881, 0.0029054062994964616, 0.01058263739664672, 0.0013147946853084797], [0.020221792675067345, 0.08777689424497499, 0.0009998576852978409, 0.008008185187747631, 0.8819186851553518, 0.0010745850515604055], [0.8765995141986828, 0.09761523588994477, 0.0009998542774618947, 0.00988780258634386, 0.013835672571716527, 0.0010619204758501605], [0.05282677277140049, 0.12256195495973483, 0.0009998663371065765, 0.012694235642140434, 0.809843324310729, 0.0010738459788885235], [0.8216887645006808, 0.13355376409103142, 0.0009998498523741174, 0.014295046076511057, 0.02841361581405367, 0.0010489596653489959], [0.8275857886577881, 0.12983539567617708, 0.0009998445390839881, 0.012820341278239404, 0.02770695118769325, 0.0010516786610183665], [0.07654688385937561, 0.12722302357421308, 0.0009998520589154982, 0.016809882913304815, 0.7773608314933285, 0.001059526100862469], [0.8202566884822462, 0.13435897071560596, 0.0009998417970125554, 0.01455845211690232, 0.028785126405026437, 0.0010409204832065465], [0.8111084757894985, 0.1432552277564422, 0.000999844996715499, 0.014559416358448573, 0.029024903870023357, 0.0010521312288717943], [0.822742413662594, 0.12591446382211674, 0.0009998455973298243, 0.016322961613054156, 0.032967572726402106, 0.001052742578503286], [0.8062795074099205, 0.14130666578498963, 0.0009998479198316363, 0.015926832453757745, 0.034440079723164305, 0.0010470667083363504], [0.7071716056516182, 0.212079842620277, 0.0009998607736216951, 0.01757572853939665, 0.061100580642555004, 0.001072381772531478], [0.8025721227046745, 0.1420413143043089, 0.000999847953349053, 0.01592683298766522, 0.03741281530656554, 0.0010470667434366596], [0.817955120959354, 0.13144826360140124, 0.0009998462843822298, 0.017718960400027073, 0.030824383415913433, 0.0010534253389221755], [0.8192675110340922, 0.12892361782523365, 0.00099984497035613, 0.017211281169323335, 0.03254566792406628, 0.0010520770769284064], [0.03648252108263656, 0.11490147904387453, 0.0009998524145744033, 0.013859988063402781, 0.8326955729272268, 0.0010605864682849484], [0.8454792148568747, 0.11766715037708728, 0.0009998484966769528, 0.013926950200032297, 0.02087074089881574, 0.0010560951705128985], [0.8012141060925037, 0.14522653446117692, 0.0009998433938488848, 0.017431340324711594, 0.03407770034080129, 0.001050475386957656], [0.09119427555737895, 0.1769455676908695, 0.0009998311911310074, 0.0225873733204983, 0.7072731210489913, 0.0009998311911310074], [0.2048687132229274, 0.17599737077374877, 0.0009994517061889027, 0.02050202048440358, 0.5966329921065424, 0.0009994517061889027], [0.10193425604532173, 0.20094110221477438, 0.0009994750686000112, 0.015246847676701486, 0.6798788439260025, 0.0009994750686000112], [0.198309238854572, 0.15803562526840137, 0.0009994669708046557, 0.017301297961964324, 0.6243549039734531, 0.0009994669708046557], [0.07418473754493558, 0.07360765276250647, 0.048842568957666053, 0.017156805402955767, 0.7852084395110234, 0.000999795820912813], [0.9950228956748198, 0.0009954208650361537, 0.0009954208650361537, 0.0009954208650361537, 0.0009954208650361537, 0.0009954208650361537], [0.8676901209480387, 0.05163244244058493, 0.04075854391491783, 0.01354252536811708, 0.02537651304351244, 0.000999854284829096], [0.8419174782828477, 0.10883891444386007, 0.0009995223193060728, 0.011242899958878179, 0.03600166267580191, 0.0009995223193060728], [0.814608312570811, 0.12782251320080654, 0.000999519935270135, 0.01786966437492379, 0.03770046998291842, 0.000999519935270135], [0.12209745642587176, 0.17573725261805256, 0.0009994522147254705, 0.021090980057621046, 0.6790754064690039, 0.0009994522147254705], [0.7372950306537522, 0.17751836545494043, 0.0009995285864165208, 0.01601799314232024, 0.06716955357615419, 0.0009995285864165208], [0.46802218293043985, 0.214037803219122, 0.0009994420760124098, 0.024805365695442897, 0.29113576400297053, 0.0009994420760124098], [0.7586336013540346, 0.166467583515324, 0.0009995335793430392, 0.018160961858202828, 0.054738786113752436, 0.0009995335793430392], [0.7615909403130895, 0.16101509626254373, 0.0009995476109355861, 0.017551968102534687, 0.05784290009996093, 0.0009995476109355861], [0.06794845476851467, 0.11651099861624616, 0.0009994521044167392, 0.012656275736892254, 0.8008853666695136, 0.0009994521044167392], [0.17414050013997612, 0.12470998537215428, 0.000999454678773266, 0.0195949237015521, 0.6795556814287711, 0.000999454678773266], [0.6913523616358674, 0.20518196133942007, 0.0009998560061287884, 0.029237585810351657, 0.07216065144043869, 0.0010675837677933612], [0.6345960575628782, 0.25444644406193334, 0.00099984814940864, 0.027708817137115663, 0.08120280811738158, 0.0010460249712827777], [0.41892707852194905, 0.31319405065507655, 0.000999797019302986, 0.037877498029844664, 0.22800177875452377, 0.000999797019302986], [0.6820538612262004, 0.11721398223736382, 0.11299371308953872, 0.023443023198924454, 0.0632413021712679, 0.0010541180767048685], [0.9950224004417905, 0.0009955199116420117, 0.0009955199116420117, 0.0009955199116420117, 0.0009955199116420117, 0.0009955199116420117]], [[0.9950224004417905, 0.0009955199116420117, 0.0009955199116420117, 0.0009955199116420117, 0.0009955199116420117, 0.0009955199116420117], [0.894959734541064, 0.04973813990909027, 0.03804370384811531, 0.005444627362225023, 0.010732219608768597, 0.0010815747307368992], [0.8724958579326582, 0.10467475307988723, 0.0009998551967006942, 0.00976423383065565, 0.011002496208085494, 0.001062803752012597], [0.8301125989147345, 0.1323972911438292, 0.000999849049894471, 0.013538484435283481, 0.021895571092034473, 0.0010562053642237787], [0.05207887498674316, 0.15383302227738524, 0.0009998373708083024, 0.012145116520831662, 0.7799385914442786, 0.001004557399953127], [0.7280613182754393, 0.19728358725255304, 0.0009998543250748532, 0.017496437742300728, 0.05509284719516157, 0.0010659552094705968], [0.7987775859051217, 0.13378642801504984, 0.000999840559957673, 0.016404290584532556, 0.048992134987087745, 0.0010397199482503775], [0.7904228667858963, 0.14418681670372793, 0.0009998393746311859, 0.023421199428633, 0.03993075055959572, 0.0010385271475158958], [0.1036088905890325, 0.1794872973789523, 0.0009998234135880654, 0.017063100765860897, 0.6978410644389783, 0.0009998234135880654], [0.7868815681984626, 0.15188333792823921, 0.0009998416401749378, 0.01876597204490302, 0.0404284642939311, 0.0010408158942891105], [0.7864552800090098, 0.1491388606484045, 0.0009998427567098516, 0.023474353413093795, 0.038889768572041745, 0.0010418946007403412], [0.7239025550932582, 0.18945212282892565, 0.0009998568372468943, 0.01958521908075327, 0.0649918284044288, 0.0010684177553871243], [0.6815102668602914, 0.22359639370278586, 0.0009998552915133681, 0.021638818464695512, 0.07119614150176903, 0.0010585241789448216], [0.7016861022576443, 0.21279577455189214, 0.0009998574807679038, 0.01759961656831517, 0.06584952882763036, 0.00106912031375014], [0.8052896385988376, 0.13647404788557976, 0.0009998409094591598, 0.017804407392601303, 0.038392013502511216, 0.0010400517110110159], [0.8099709340481109, 0.13390544943060836, 0.0009998427884812414, 0.013895022697970863, 0.04018685640098058, 0.0010418946338479867], [0.8125379211147286, 0.13390844717208575, 0.0009998456693021134, 0.01816366484999381, 0.03333732197885195, 0.0010527992150376705], [0.8282604008586685, 0.12457010519698704, 0.0009998466815167712, 0.017587506222347563, 0.027527814742918523, 0.001054326297561727], [0.09311334781972228, 0.15368980733430476, 0.0009998565668605788, 0.02585954233326283, 0.7252734311906129, 0.0010640147552365815], [0.09357103821356244, 0.17216887164856035, 0.0009998265936154948, 0.01952778453370124, 0.7127326524169452, 0.0009998265936154948], [0.10259744059066395, 0.1824223413014842, 0.0009994603442973111, 0.01934160516489439, 0.693639692254363, 0.0009994603442973111], [0.11184549235565527, 0.15884960629315206, 0.0009994544777232521, 0.019387154134830067, 0.7079188382609163, 0.0009994544777232521], [0.08627909671118814, 0.07334213489019116, 0.0503267267083256, 0.014531008655976249, 0.7745212465738435, 0.0009997864604755211], [0.9950228956748198, 0.0009954208650361537, 0.0009954208650361537, 0.0009954208650361537, 0.0009954208650361537, 0.0009954208650361537], [0.8488635277375027, 0.05622621834101849, 0.04340857367209972, 0.015354101473269315, 0.03514774104466277, 0.0009998377314469511], [0.07123415719671788, 0.1174337007355489, 0.0009995321522535368, 0.01351537332066337, 0.7958177044425628, 0.0009995321522535368], [0.0769835097905806, 0.11489242083100037, 0.0009994624822272748, 0.015748767612285757, 0.7903763768016787, 0.0009994624822272748], [0.10976927105481162, 0.14894681400913212, 0.0009994596943023227, 0.017778386327212188, 0.7215066092202396, 0.0009994596943023227], [0.7457366361381085, 0.17213751501340407, 0.0009995283610231176, 0.024813706562306633, 0.05531308556413459, 0.0009995283610231176], [0.7560884481891164, 0.16588552983481086, 0.0009995232314046637, 0.015218259620014567, 0.060808715893248946, 0.0009995232314046637], [0.11945029416309488, 0.15929454612621471, 0.000999447445545153, 0.01771750681801673, 0.7015387580015835, 0.000999447445545153], [0.7727637799301469, 0.15184747400463786, 0.0009995436085166861, 0.020497348654769185, 0.052892310193412714, 0.0009995436085166861], [0.8339815671566553, 0.110336656893084, 0.0009995119556640486, 0.01655605773256681, 0.03712669430636582, 0.0009995119556640486], [0.07067875258188766, 0.11919307152656797, 0.0009995251166150054, 0.014430271701915708, 0.7936988539563988, 0.0009995251166150054], [0.07636287150010415, 0.11540541730577956, 0.000999525960644602, 0.014868086115332857, 0.7913645731574944, 0.000999525960644602], [0.7663689916676143, 0.1650818199896169, 0.0009998435925050672, 0.02094327388661518, 0.04556337298766984, 0.0010426978759786533], [0.6956642016528383, 0.21032063593082298, 0.0009998548428684206, 0.02105660903513773, 0.07089225749938743, 0.0010664410389451138], [0.6677633050159091, 0.239151213380864, 0.0009998548300612189, 0.02047047002772076, 0.07055706704573762, 0.0010580896997073432], [0.7086792200671288, 0.11331385255422446, 0.10744950778880887, 0.019062690363183414, 0.05042823981174521, 0.0010664894149091423], [0.9950224004417905, 0.0009955199116420117, 0.0009955199116420117, 0.0009955199116420117, 0.0009955199116420117, 0.0009955199116420117]], [[0.9950224004417905, 0.0009955199116420117, 0.0009955199116420117, 0.0009955199116420117, 0.0009955199116420117, 0.0009955199116420117], [0.02273511232159261, 0.05905097221489894, 0.041920426321070535, 0.008007230369991075, 0.8672219020589549, 0.0010643567134918435], [0.8400329732458096, 0.12756157189250572, 0.0009998490266660246, 0.011137591384029262, 0.01921182116907312, 0.0010561932819163173], [0.8140502801092955, 0.13654116145526393, 0.0009998470471615146, 0.015194014572343923, 0.03216852989738281, 0.0010461669185524473], [0.7199632747591802, 0.20618080868422298, 0.0009998542539366249, 0.01762808617342498, 0.054162125666925076, 0.0010658504623102976], [0.7070399412431273, 0.20553973321893634, 0.0009998527328759187, 0.018837229235003593, 0.06652726341512041, 0.001055980154936381], [0.056717015277564876, 0.24090353801683137, 0.000998817939476965, 0.008949432644550028, 0.6914323781820998, 0.000998817939476965], [0.7896463904624998, 0.16533789778882427, 0.0009988658500141294, 0.00900716988412165, 0.0340108101645262, 0.0009988658500141294], [0.06429706236357832, 0.087153687699644, 0.0009988215969118374, 0.007894305492345871, 0.8386573012506081, 0.0009988215969118374], [0.8746552679922299, 0.08138558598948832, 0.0009988697964695907, 0.010125854004947215, 0.03183555242039544, 0.0009988697964695907], [0.7170094295519654, 0.08586060416587263, 0.0009988692018413259, 0.08710333411217507, 0.10802889376630428, 0.0009988692018413259], [0.06292410710421689, 0.08653453412600044, 0.0009988213774871737, 0.008490491909590347, 0.8400532241052182, 0.0009988213774871737], [0.3627145720847139, 0.44411582035480335, 0.0009988150838701872, 0.014170620865912429, 0.17700135652682994, 0.0009988150838701872], [0.2159823483446526, 0.17369516823618794, 0.0009988259340275038, 0.08859434116851335, 0.5197304903825912, 0.0009988259340275038], [0.22417279876833981, 0.08430263422257438, 0.000998818426757447, 0.008112850841208103, 0.6814140793143628, 0.000998818426757447], [0.7093941632976823, 0.16658146518825734, 0.0009988675291542949, 0.009695959873209852, 0.11233067658254209, 0.0009988675291542949], [0.9004285394384711, 0.06606508568443908, 0.0009988472646811936, 0.009577627689127734, 0.021931052658599785, 0.0009988472646811936], [0.046196778184854445, 0.06477925437530441, 0.000998859778242923, 0.007148478797282809, 0.8798777690860725, 0.000998859778242923], [0.045096349652620785, 0.14569981247009908, 0.0009988268949176202, 0.009476866687745408, 0.7977293173996995, 0.0009988268949176202], [0.14256710434301736, 0.08892234670110617, 0.0009988284376205297, 0.00933122607079102, 0.7571816660098446, 0.0009988284376205297], [0.748742814535826, 0.21984727097360707, 0.0009985766979515734, 0.0066815546053376525, 0.02273120648932624, 0.0009985766979515734], [0.13056900000305696, 0.08162877016529017, 0.06677728782266455, 0.018619737769670706, 0.7014054120834928, 0.0009997921558247864], [0.9950228956748198, 0.0009954208650361537, 0.0009954208650361537, 0.0009954208650361537, 0.0009954208650361537, 0.0009954208650361537], [0.07862238746847665, 0.06861026432566134, 0.1402534341802737, 0.016268045829082877, 0.6952460770754744, 0.0009997911210311537], [0.7858716805721749, 0.15012523568852865, 0.0009995465904442701, 0.01260472207655023, 0.04939926848185775, 0.0009995465904442701], [0.819032527880347, 0.1264768293809413, 0.0009995287272701828, 0.01577491441532403, 0.036716670868847286, 0.0009995287272701828], [0.7668902819959235, 0.16004760255216, 0.0009995543771415076, 0.01728636010670722, 0.05377664659092634, 0.0009995543771415076], [0.7703724530990849, 0.1557052716398282, 0.000999535743866443, 0.017843415736786963, 0.05407978803656713, 0.000999535743866443], [0.4782921536926852, 0.20179083982978407, 0.0009994410046005148, 0.02620369418674907, 0.2917144302815806, 0.0009994410046005148], [0.7628563376307083, 0.1545952504352029, 0.0009995300792462172, 0.017247880222078394, 0.06330147155351805, 0.0009995300792462172], [0.1523951985491464, 0.1554913607151531, 0.0009994563252794211, 0.01974377633059269, 0.6703707517545491, 0.0009994563252794211], [0.7761136641755779, 0.1408659927874687, 0.0009995403413296578, 0.019854695782504584, 0.06116656657178953, 0.0009995403413296578], [0.8373961884206267, 0.10788915290860385, 0.0009995116748896743, 0.013385805215306879, 0.039329830105683326, 0.0009995116748896743], [0.07258621151976892, 0.10818814694378068, 0.000999521926299078, 0.012458185099004402, 0.8047684125848479, 0.000999521926299078], [0.867322140601752, 0.09607508295031257, 0.0009995230201489803, 0.012807505441305832, 0.021796224966331604, 0.0009995230201489803], [0.000995519911642011, 0.000995519911642011, 0.000995519911642011, 0.000995519911642011, 0.000995519911642011, 0.99502240044179], [0.09972399075131651, 0.13457608321982722, 0.0009998323466009803, 0.017214203102514255, 0.7464860582331401, 0.0009998323466009803], [0.717608748997326, 0.2010899313467833, 0.0009998589043757637, 0.020411748964330154, 0.05881922160450291, 0.001070490182681676], [0.7912735585656161, 0.08045123503059685, 0.07644143637536935, 0.01284622146494306, 0.03794413482761106, 0.0010434137358636408], [0.9950224004417905, 0.0009955199116420117, 0.0009955199116420117, 0.0009955199116420117, 0.0009955199116420117, 0.0009955199116420117]], [[0.9950224004417905, 0.0009955199116420117, 0.0009955199116420117, 0.0009955199116420117, 0.0009955199116420117, 0.0009955199116420117], [0.8446452803700547, 0.06502770514183949, 0.05545112107777644, 0.010054778438662718, 0.023769987189471656, 0.001051127782194952], [0.828067015692902, 0.1288513671872657, 0.0009998463528691035, 0.01188903130706999, 0.02914727802579065, 0.0010454614341025813], [0.7286600126773465, 0.18682750836917053, 0.0009998561752889547, 0.022304879723918224, 0.060140005751542526, 0.0010677373027332833], [0.7150844293231193, 0.20406967105205165, 0.000999854325581693, 0.02264821420380449, 0.05614024141904034, 0.0010575896764023673], [0.45413896504242635, 0.2843101574747355, 0.0009998024504019804, 0.027975246025040184, 0.23157602655699416, 0.0009998024504019804], [0.3097322538730395, 0.260003931244902, 0.000998815063411278, 0.011545570398954468, 0.41672061435628155, 0.000998815063411278], [0.07449239064312085, 0.24749344053103497, 0.0009988108414515627, 0.01120381081184634, 0.6648127363310948, 0.0009988108414515627], [0.36427638903718307, 0.2732436388004464, 0.0009988141479403499, 0.015567356024672007, 0.3449149878418179, 0.0009988141479403499], [0.7081245200167516, 0.16342394506535213, 0.0009988622989343691, 0.011536438796300029, 0.11491737152372754, 0.0009988622989343691], [0.6366064827811132, 0.1617614734776841, 0.0009988672185105838, 0.010235066256819532, 0.18939924304736225, 0.0009988672185105838], [0.7152614735350636, 0.08466505392957029, 0.000998869830625137, 0.08890519662995595, 0.10917053624416011, 0.000998869830625137], [0.710234703556993, 0.24878647310739094, 0.0009988636890361422, 0.008746978383099074, 0.030234117574444854, 0.0009988636890361422], [0.14010853387420905, 0.23575775922715364, 0.0009988190749208202, 0.011054125311772809, 0.6110819434370229, 0.0009988190749208202], [0.8636135625614213, 0.09125649583893197, 0.0009988678466408142, 0.01032802290062169, 0.03280418300574355, 0.0009988678466408142], [0.1397598474485872, 0.0869553309405047, 0.0009988188114523342, 0.08620804984807529, 0.6850791341399283, 0.0009988188114523342], [0.05550037042264711, 0.08376933379718692, 0.0009988212565109809, 0.010606643833065916, 0.8481260094340782, 0.0009988212565109809], [0.90194170496528, 0.0655002279578003, 0.0009988545345557271, 0.009866097565277576, 0.02069426044253072, 0.0009988545345557271], [0.7123432062495099, 0.08689365699200581, 0.0009988730995056717, 0.008888034589858188, 0.189877355969615, 0.0009988730995056717], [0.06523464135208548, 0.1690846570516793, 0.000998823205562108, 0.010888383054268702, 0.7527946721308423, 0.000998823205562108], [0.613864003279966, 0.030957036785934897, 0.11829673729765222, 0.00945398893338129, 0.2264289418196401, 0.000999291883425646], [0.9950228956748198, 0.0009954208650361537, 0.0009954208650361537, 0.0009954208650361537, 0.0009954208650361537, 0.0009954208650361537], [0.22725649372622203, 0.07501276675697291, 0.061022446535587666