{"prediction": [[[0.9950224004417905, 0.0009955199116420117, 0.0009955199116420117, 0.0009955199116420117, 0.0009955199116420117, 0.0009955199116420117], [0.9950224004417905, 0.0009955199116420117, 0.0009955199116420117, 0.0009955199116420117, 0.0009955199116420117, 0.0009955199116420117], [0.9950224004417905, 0.0009955199116420117, 0.0009955199116420117, 0.0009955199116420117, 0.0009955199116420117, 0.0009955199116420117], [0.9950224004417905, 0.0009955199116420117, 0.0009955199116420117, 0.0009955199116420117, 0.0009955199116420117, 0.0009955199116420117], [0.9950224004417905, 0.0009955199116420117, 0.0009955199116420117, 0.0009955199116420117, 0.0009955199116420117, 0.0009955199116420117], [0.9950224004417905, 0.0009955199116420117, 0.0009955199116420117, 0.0009955199116420117, 0.0009955199116420117, 0.0009955199116420117], [0.9950224004417905, 0.0009955199116420117, 0.0009955199116420117, 0.0009955199116420117, 0.0009955199116420117, 0.0009955199116420117], [0.9950224004417905, 0.0009955199116420117, 0.0009955199116420117, 0.0009955199116420117, 0.0009955199116420117, 0.0009955199116420117], [0.9950224004417905, 0.0009955199116420117, 0.0009955199116420117, 0.0009955199116420117, 0.0009955199116420117, 0.0009955199116420117], [0.9950224004417905, 0.0009955199116420117, 0.0009955199116420117, 0.0009955199116420117, 0.0009955199116420117, 0.0009955199116420117], [0.9950224004417905, 0.0009955199116420117, 0.0009955199116420117, 0.0009955199116420117, 0.0009955199116420117, 0.0009955199116420117], [0.9950224004417905, 0.0009955199116420117, 0.0009955199116420117, 0.0009955199116420117, 0.0009955199116420117, 0.0009955199116420117], [0.9950224004417905, 0.0009955199116420117, 0.0009955199116420117, 0.0009955199116420117, 0.0009955199116420117, 0.0009955199116420117], [0.9950224004417905, 0.0009955199116420117, 0.0009955199116420117, 0.0009955199116420117, 0.0009955199116420117, 0.0009955199116420117], [0.9950224004417905, 0.0009955199116420117, 0.0009955199116420117, 0.0009955199116420117, 0.0009955199116420117, 0.0009955199116420117], [0.9950224004417905, 0.0009955199116420117, 0.0009955199116420117, 0.0009955199116420117, 0.0009955199116420117, 0.0009955199116420117], [0.9950224004417905, 0.0009955199116420117, 0.0009955199116420117, 0.0009955199116420117, 0.0009955199116420117, 0.0009955199116420117], [0.9950224004417905, 0.0009955199116420117, 0.0009955199116420117, 0.0009955199116420117, 0.0009955199116420117, 0.0009955199116420117], [0.9950224004417905, 0.0009955199116420117, 0.0009955199116420117, 0.0009955199116420117, 0.0009955199116420117, 0.0009955199116420117], [0.9950224004417905, 0.0009955199116420117, 0.0009955199116420117, 0.0009955199116420117, 0.0009955199116420117, 0.0009955199116420117], [0.9950224004417905, 0.0009955199116420117, 0.0009955199116420117, 0.0009955199116420117, 0.0009955199116420117, 0.0009955199116420117], [0.9950224004417905, 0.0009955199116420117, 0.0009955199116420117, 0.0009955199116420117, 0.0009955199116420117, 0.0009955199116420117], [0.9950224004417905, 0.0009955199116420117, 0.0009955199116420117, 0.0009955199116420117, 0.0009955199116420117, 0.0009955199116420117], [0.9950224004417905, 0.0009955199116420117, 0.0009955199116420117, 0.0009955199116420117, 0.0009955199116420117, 0.0009955199116420117], [0.9950224004417905, 0.0009955199116420117, 0.0009955199116420117, 0.0009955199116420117, 0.0009955199116420117, 0.0009955199116420117], [0.9950224004417905, 0.0009955199116420117, 0.0009955199116420117, 0.0009955199116420117, 0.0009955199116420117, 0.0009955199116420117], [0.9950224004417905, 0.0009955199116420117, 0.0009955199116420117, 0.0009955199116420117, 0.0009955199116420117, 0.0009955199116420117], [0.9950224004417905, 0.0009955199116420117, 0.0009955199116420117, 0.0009955199116420117, 0.0009955199116420117, 0.0009955199116420117], [0.9950224004417905, 0.0009955199116420117, 0.0009955199116420117, 0.0009955199116420117, 0.0009955199116420117, 0.0009955199116420117], [0.9950224004417905, 0.0009955199116420117, 0.0009955199116420117, 0.0009955199116420117, 0.0009955199116420117, 0.0009955199116420117], [0.9950224004417905, 0.0009955199116420117, 0.0009955199116420117, 0.0009955199116420117, 0.0009955199116420117, 0.0009955199116420117], [0.9950224004417905, 0.0009955199116420117, 0.0009955199116420117, 0.0009955199116420117, 0.0009955199116420117, 0.0009955199116420117], [0.9950224004417905, 0.0009955199116420117, 0.0009955199116420117, 0.0009955199116420117, 0.0009955199116420117, 0.0009955199116420117], [0.9950224004417905, 0.0009955199116420117, 0.0009955199116420117, 0.0009955199116420117, 0.0009955199116420117, 0.0009955199116420117], [0.9950224004417905, 0.0009955199116420117, 0.0009955199116420117, 0.0009955199116420117, 0.0009955199116420117, 0.0009955199116420117], [0.9950224004417905, 0.0009955199116420117, 0.0009955199116420117, 0.0009955199116420117, 0.0009955199116420117, 0.0009955199116420117], [0.9950224004417905, 0.0009955199116420117, 0.0009955199116420117, 0.0009955199116420117, 0.0009955199116420117, 0.0009955199116420117], [0.9950224004417905, 0.0009955199116420117, 0.0009955199116420117, 0.0009955199116420117, 0.0009955199116420117, 0.0009955199116420117], [0.9950224004417905, 0.0009955199116420117, 0.0009955199116420117, 0.0009955199116420117, 0.0009955199116420117, 0.0009955199116420117], [0.9950224004417905, 0.0009955199116420117, 0.0009955199116420117, 0.0009955199116420117, 0.0009955199116420117, 0.0009955199116420117]], [[0.9950224004417905, 0.0009955199116420117, 0.0009955199116420117, 0.0009955199116420117, 0.0009955199116420117, 0.0009955199116420117], [0.0057137710831515354, 0.008174357771460935, 0.004375842319989058, 0.0009999267222396404, 0.9794722676043965, 0.0012638344987621266], [0.9814337556415116, 0.009788285283065537, 0.004847604114934579, 0.000999928336281472, 0.0016643885707925323, 0.0012660380534143445], [0.9814074836373814, 0.009825816717537218, 0.004847604114934579, 0.000999928336281472, 0.001653129140451028, 0.0012660380534143445], [0.9814074836373814, 0.009825816717537218, 0.004847604114934579, 0.000999928336281472, 0.001653129140451028, 0.0012660380534143445], [0.9814337556415116, 0.009788285283065537, 0.004847604114934579, 0.000999928336281472, 0.0016643885707925323, 0.0012660380534143445], [0.00538186460732706, 0.008648509879781616, 0.004375842319989058, 0.0009999267222396404, 0.9793300219719004, 0.0012638344987621266], [0.9805465164039524, 0.011055769908150027, 0.004847604114934579, 0.000999928336281472, 0.001284143183267185, 0.0012660380534143445], [0.938030253659516, 0.027351302730035592, 0.019184788309512733, 0.003454324764870713, 0.010674670747073624, 0.0013046597889911952], [0.017694108624524172, 0.04101964676425616, 0.03221968567196324, 0.00594889665584089, 0.9020378475872035, 0.00107981469621197], [0.0237688984408967, 0.06018624948665475, 0.04381311400446338, 0.008037950225546936, 0.8631298092368987, 0.001063978605539419], [0.8246616786313669, 0.06422984353706009, 0.07081252726745699, 0.012182278727818541, 0.02705616111221402, 0.001057510724083472], [0.857538489482683, 0.06699728839031889, 0.04371009100429287, 0.011844983254643546, 0.018849376112113774, 0.0010597717559478173], [0.7984943485434725, 0.07193724114229699, 0.07849614109629668, 0.01536874627212292, 0.034646712788846026, 0.0010568101569649667], [0.7872494840481747, 0.08780992350237088, 0.08032786054809757, 0.012935103028611263, 0.030636711046018575, 0.0010409178267268956], [0.7227889234181109, 0.09837085385384854, 0.10471119826690933, 0.023839796509438353, 0.0492224660858105, 0.0010667618658824383], [0.7810013179040884, 0.09414101671934323, 0.07591302187816153, 0.013460813390542125, 0.034444959705059584, 0.0010388704028052272], [0.05555883175813466, 0.07541569358539689, 0.07277027538194043, 0.013496015736333238, 0.781702501523259, 0.0010566820149356148], [0.021316380012218587, 0.06642440668177782, 0.055690965331954285, 0.009206197662898468, 0.8462980736649173, 0.001063976646233515], [0.8846015153112651, 0.053679687463810626, 0.03914833817799677, 0.010378679003095092, 0.01111863849506326, 0.0010731415487691667], [0.028725912431286294, 0.05056707799571109, 0.03398030234234734, 0.010397370592824926, 0.8752481095106559, 0.0010812271271744708], [0.861945295289552, 0.05384996204366082, 0.05049200676295703, 0.010472485930591835, 0.022181281280502566, 0.001058968692735648], [0.7955800495581518, 0.08034282998063302, 0.0747892185553332, 0.014585094669760133, 0.033643597958371345, 0.0010592092777504288], [0.06408450039162371, 0.1001165784575552, 0.10351591475893247, 0.01654627965679265, 0.7147367386537866, 0.0009999880813095412], [0.10827212273798, 0.1152017795055865, 0.1354685958851008, 0.016695282230505794, 0.6233622236580544, 0.000999995982772623], [0.6800291710900893, 0.11888804390634035, 0.1322857172816197, 0.020535161875035006, 0.04721692660269204, 0.0010449792442234855], [0.6719496531880188, 0.11063399735902195, 0.1325808301351678, 0.018221785646912625, 0.06555495001721663, 0.001058783653662057], [0.7369477518508938, 0.10121971563107547, 0.08730903819221646, 0.0213031369538704, 0.05218062180995964, 0.0010397355619842252], [0.6692988347932404, 0.11156655265008328, 0.136200752021588, 0.019635776989414662, 0.06224946501602754, 0.0010486185296460025], [0.1339428637339894, 0.1110384303949369, 0.11932278800804155, 0.017099291303607125, 0.6175966378332345, 0.0009999887261905884], [0.7054785834599989, 0.10165013395604611, 0.11348182217944902, 0.01839198467243056, 0.059935792605541355, 0.0010616831265340817], [0.7650617648613515, 0.09333644553041785, 0.08602537979904273, 0.019392537752449614, 0.035142505268786144, 0.0010413667879520248], [0.7633455831807956, 0.08581196187292889, 0.09023079750656306, 0.011751176331102595, 0.047801052940202336, 0.001059428168407415], [0.7723889281730856, 0.09154610618432985, 0.0732381686175098, 0.012199730388274542, 0.049585699864608375, 0.0010413667721919885], [0.7143444414116407, 0.10477046125083753, 0.10978815940755515, 0.016573755884038373, 0.05346249865539328, 0.0010606833905349412], [0.7486154257757746, 0.09122412264236254, 0.09372295218129215, 0.018695410219374996, 0.046707440597384686, 0.001034648583811133], [0.7692816118349296, 0.08722933097686866, 0.08745974485991422, 0.016942380899454997, 0.038049059382977014, 0.0010378720458556784], [0.801026082833524, 0.07513186149550477, 0.07483004019165555, 0.013341451522766173, 0.034612478994426876, 0.0010580849621225413], [0.8772610025890203, 0.051673143331333556, 0.04539701001850332, 0.007825650915735748, 0.016785094104290372, 0.0010580990411166952], [0.9950224004417905, 0.0009955199116420117, 0.0009955199116420117, 0.0009955199116420117, 0.0009955199116420117, 0.0009955199116420117]], [[0.9950224004417905, 0.0009955199116420117, 0.0009955199116420117, 0.0009955199116420117, 0.0009955199116420117, 0.0009955199116420117], [0.0054597649423463865, 0.008537223686896868, 0.004375842319989059, 0.0009999267222396406, 0.9793634078297659, 0.0012638344987621268], [0.9815659821642051, 0.0134194857837393, 0.0009995183452873042, 0.0009995183452873042, 0.0017527366500895262, 0.0012627587113915825], [0.9814709985123813, 0.01355517671491614, 0.0009995183452873042, 0.0009995183452873042, 0.0017120293707364738, 0.0012627587113915825], [0.9814193912244676, 0.01362890141193538, 0.000999518345287304, 0.000999518345287304, 0.0016899119616307005, 0.0012627587113915823], [0.9813677839365543, 0.013702626108954626, 0.0009995183452873042, 0.0009995183452873042, 0.0016677945525249284, 0.0012627587113915825], [0.004359151422203523, 0.017685103878039968, 0.0009996451541763852, 0.0012895986611235785, 0.9744001267470391, 0.0012663741374173444], [0.936216387230707, 0.04417913709658266, 0.0009996621349688663, 0.00428844523285063, 0.013016610850452949, 0.0012997574544379904], [0.902600857322, 0.07494126974426989, 0.0009998839147767986, 0.00812929823620401, 0.012261442953779664, 0.0010672478289696487], [0.876042199711777, 0.09849633948030964, 0.0009998774942039685, 0.007430720342438252, 0.015977309875993058, 0.0010535530952782304], [0.810908319115452, 0.14625350044623436, 0.0009998798975063125, 0.010758925733918612, 0.030024785162549746, 0.0010545896443389742], [0.7879280344327434, 0.1643920473082905, 0.0009998724678888758, 0.015884806369652792, 0.029754751448964303, 0.0010404879724601555], [0.7796137114539807, 0.15995955518106666, 0.0009998788295430983, 0.01843069382176214, 0.03994263702796719, 0.0010535236856801784], [0.08346903121802773, 0.1863248933237726, 0.000999845558532157, 0.020094641761233732, 0.7081117425799017, 0.000999845558532157], [0.6825325096313481, 0.2399913558398112, 0.00099988490613248, 0.019624755326196144, 0.05579088406515182, 0.001060610231360177], [0.669645176265504, 0.24614245200459883, 0.0009998786969788044, 0.020413814331948624, 0.061750949240330186, 0.0010477294606395448], [0.1087994793219447, 0.22760041672301962, 0.000999854352792293, 0.01839094921722193, 0.6432094460322292, 0.000999854352792293], [0.767186479600749, 0.1785830168838479, 0.0009998733739768235, 0.01499503142381741, 0.03719420266753233, 0.0010413960500765178], [0.8100309950597008, 0.14589595168321107, 0.0009998816650849643, 0.01091448585549575, 0.031102367002845195, 0.0010563187336621342], [0.8615483339582523, 0.10824575384643659, 0.0009998735646150488, 0.01140280456642147, 0.0167536279839762, 0.0010496060802983832], [0.8504600642180578, 0.11868148108128812, 0.0009998744238851971, 0.009765155209233293, 0.019042968484082875, 0.0010504565834527247], [0.8003067355805987, 0.1532246384013795, 0.0009998807031696326, 0.012812977417465583, 0.03160044387029689, 0.0010553240270895355], [0.816363957698332, 0.1354590670382552, 0.0009995324229182658, 0.012601056524164392, 0.033576853893411966, 0.0009995324229182658], [0.08712514001544365, 0.197110947634966, 0.000999505470011754, 0.016837381365867807, 0.6969275200436992, 0.000999505470011754], [0.09310360538554038, 0.2126064058415888, 0.0009994879332904736, 0.018017719291297914, 0.6742732936149919, 0.0009994879332904736], [0.32561483566915606, 0.287119864403223, 0.0009994990685285334, 0.02515634011896371, 0.3601099616716002, 0.0009994990685285334], [0.6118650356631778, 0.20008311937647327, 0.00099954171326314, 0.11561466039235488, 0.07043810114146774, 0.00099954171326314], [0.1287941598092324, 0.19929792766843338, 0.0009994909380972557, 0.018515926524408786, 0.6513930041217311, 0.0009994909380972557], [0.11536727172785494, 0.1955588893049951, 0.000999484135010654, 0.018887013697528904, 0.6681878569995999, 0.000999484135010654], [0.5003359025138614, 0.31216532874680936, 0.0009994999853060785, 0.023270255817065665, 0.16222951295165144, 0.0009994999853060785], [0.7358836748890296, 0.19074580858191406, 0.0009995386433157155, 0.01976390725407819, 0.051607531988346965, 0.0009995386433157155], [0.09952221244405525, 0.18401693615698025, 0.0009994977564373076, 0.014009539396003495, 0.7004523164900865, 0.0009994977564373076], [0.5890129388398799, 0.2584732668301099, 0.0009995317011885806, 0.01111802308365238, 0.1393967078439806, 0.0009995317011885806], [0.10057797427279462, 0.1771564980867685, 0.0009994993092877194, 0.020336549524711138, 0.6999299794971504, 0.0009994993092877194], [0.09723709671811048, 0.18974844045559833, 0.000999491210079026, 0.017557322205474304, 0.6934581582006589, 0.000999491210079026], [0.0897692243099374, 0.1891280072670574, 0.0009995059259786086, 0.01827146528450179, 0.7008322912865463, 0.0009995059259786086], [0.7409608076394292, 0.18550695673769566, 0.0009995588512850667, 0.022635506713747807, 0.04889761120655741, 0.0009995588512850667], [0.7610072613938945, 0.17484391967307664, 0.0009998750108396702, 0.02090725590972639, 0.04119866343067322, 0.0010430245817894639], [0.7975290006980167, 0.08730371691318978, 0.0685850623825096, 0.011772025494906706, 0.033750289628674664, 0.0010599048827026978], [0.9950224004417905, 0.0009955199116420117, 0.0009955199116420117, 0.0009955199116420117, 0.0009955199116420117, 0.0009955199116420117]], [[0.9950224004417905, 0.0009955199116420117, 0.0009955199116420117, 0.0009955199116420117, 0.0009955199116420117, 0.0009955199116420117], [0.9814337556415116, 0.009788285283065537, 0.004847604114934579, 0.000999928336281472, 0.0016643885707925323, 0.0012660380534143445], [0.9814709985123813, 0.01355517671491614, 0.0009995183452873042, 0.0009995183452873042, 0.0017120293707364738, 0.0012627587113915825], [0.981350668804717, 0.01372707629729348, 0.000999518345287304, 0.000999518345287304, 0.0016604594960232706, 0.0012627587113915823], [0.005408090463175977, 0.016186619533793606, 0.0009996451541763852, 0.0012895986611235785, 0.974849672050313, 0.0012663741374173444], [0.004212541884474237, 0.01789454607479609, 0.0009996451541763852, 0.0012895986611235785, 0.9743372940880123, 0.0012663741374173444], [0.029967402428749138, 0.04661516806306422, 0.0009996637262629441, 0.004351838329198129, 0.9167630416004382, 0.0013028858522874222], [0.01762962441543205, 0.07606070073198604, 0.0009998944581998206, 0.006183244057489253, 0.8980482704840741, 0.0010782658528188974], [0.8767170753096255, 0.10204600513671662, 0.0009998767973716238, 0.005776016867156981, 0.013408182522413655, 0.001052843366715766], [0.8114264737031173, 0.14088797748132206, 0.0009998787498072656, 0.01746540221314131, 0.028166895757784978, 0.0010533720948271673], [0.7654340301517752, 0.18118897957587368, 0.0009998715912161566, 0.015545300978492728, 0.035792209755010546, 0.0010396079476315747], [0.12335331812026766, 0.20943891647865379, 0.0009998628937656305, 0.018461216658342054, 0.6467394139702016, 0.0010072718787693194], [0.7547299715943669, 0.1819408639900318, 0.0009998732090202263, 0.01893099818150218, 0.04235706584911505, 0.001041227175963984], [0.11523362865814567, 0.2241365163378235, 0.0009998645817484773, 0.023241684164043434, 0.6353793183329667, 0.001008987925272195], [0.6779843928021045, 0.23923092251523895, 0.000999879848982007, 0.019523187212182446, 0.061212722705018555, 0.0010488949164735196], [0.3830709626848716, 0.3716159427265659, 0.0009998618950257901, 0.03684192880351559, 0.2064714419949954, 0.0009998618950257901], [0.6790863718497904, 0.24547057266374797, 0.0009998736846477375, 0.016450491694470593, 0.056949994202940876, 0.0010426959044024563], [0.09119548571548818, 0.22909986913717972, 0.0009998562925231233, 0.014952888909966698, 0.6627512368639336, 0.0010006630809086723], [0.05784263483839691, 0.15658848893017754, 0.000999847506254748, 0.016982559342460606, 0.7665866218764554, 0.000999847506254748], [0.8255504276707185, 0.13570722209158387, 0.000999880392932872, 0.012426291287949405, 0.024261139522632907, 0.0010550390341824251], [0.042213846208986654, 0.1293919107159214, 0.0009998861835465583, 0.01839566810722746, 0.8079360982496441, 0.0010625905346738752], [0.06685266323895626, 0.1665622153880262, 0.0009998883721787082, 0.0164970262954596, 0.7480249056887179, 0.0010633010166612796], [0.8042529835990759, 0.146439790269484, 0.0009995310624812534, 0.014978215902548478, 0.03232994810392924, 0.0009995310624812534], [0.7363159900141608, 0.1907795540210687, 0.0009995523575682846, 0.019865688190013404, 0.05103966305962067, 0.0009995523575682846], [0.19939259563947065, 0.28769703394748425, 0.0009995001243012346, 0.01582554020867174, 0.4950858299557711, 0.0009995001243012346], [0.7180532855002455, 0.1972795998932313, 0.000999538236539681, 0.018138402533165506, 0.06452963560027838, 0.000999538236539681], [0.728294053852928, 0.18986741863105305, 0.0009995553957486193, 0.020016768811939693, 0.05982264791258205, 0.0009995553957486193], [0.7870427685666461, 0.15235537809663824, 0.0009995301237056217, 0.015414306973952257, 0.04318848611535218, 0.0009995301237056217], [0.7389248934892385, 0.18848802462688635, 0.0009995561348783801, 0.017029862308386583, 0.05355810730573179, 0.0009995561348783801], [0.7278122373307506, 0.1863520807834834, 0.0009995429993864568, 0.016482014864146976, 0.06735458102284611, 0.0009995429993864568], [0.6475640538241725, 0.18487430464088705, 0.0009995561073356995, 0.015752984375726017, 0.1498095449445432, 0.0009995561073356995], [0.6995926542152954, 0.24475306859542587, 0.0009995301668783909, 0.01732957450096152, 0.03632564235456049, 0.0009995301668783909], [0.7447751368245671, 0.18502014705905012, 0.0009995553741611446, 0.018101452472324205, 0.05010415289573648, 0.0009995553741611446], [0.5430234603096735, 0.18900983442936456, 0.0009995382179304282, 0.01558469222939017, 0.25038293659571104, 0.0009995382179304282], [0.5185057211259305, 0.29512858851304163, 0.0009995006597643213, 0.02314893641526581, 0.16121775262623342, 0.0009995006597643213], [0.22027415925230762, 0.2089834587749527, 0.0009994923966632687, 0.018234488173966893, 0.5505089090054465, 0.0009994923966632687], [0.7166155085333891, 0.19769389988986855, 0.001334799484318393, 0.021249655825315635, 0.06210630574516936, 0.0009998305219390102], [0.6872460684568112, 0.2156428480310787, 0.0009998880836929818, 0.02571955087003137, 0.06932778964917453, 0.0010638549092112425], [0.782270860654961, 0.08670723752644054, 0.08305307457766602, 0.013009045944264122, 0.033924082809164306, 0.00103569848750411], [0.9950224004417905, 0.0009955199116420117, 0.0009955199116420117, 0.0009955199116420117, 0.0009955199116420117, 0.0009955199116420117]], [[0.9950224004417905, 0.0009955199116420117, 0.0009955199116420117, 0.0009955199116420117, 0.0009955199116420117, 0.0009955199116420117], [0.9814074836373814, 0.009825816717537218, 0.004847604114934579, 0.000999928336281472, 0.001653129140451028, 0.0012660380534143445], [0.9814709985123813, 0.01355517671491614, 0.0009995183452873042, 0.0009995183452873042, 0.0017120293707364738, 0.0012627587113915825], [0.9814022760926306, 0.013653351600274241, 0.0009995183452873042, 0.0009995183452873042, 0.0016825769051290436, 0.0012627587113915825], [0.9802085205818378, 0.01535871661569242, 0.0009995183452873042, 0.0009995183452873042, 0.0011709674005035903, 0.0012627587113915825], [0.9366492097724849, 0.04356081917975692, 0.000999662134968866, 0.0042884452328506295, 0.013202106225500667, 0.0012997574544379902], [0.9196530682267872, 0.06578725169418861, 0.0009998839791312182, 0.004673424711472328, 0.007819047284985019, 0.0010673241034356296], [0.8856202850926562, 0.09352387499825426, 0.0009998755959626621, 0.008897125733412186, 0.00990720574660235, 0.001051632833112288], [0.8346884624705183, 0.12805815348597657, 0.0009998786080073507, 0.010826296604407006, 0.0243739143911027, 0.001053294439988098], [0.7977535516146396, 0.15861982071485842, 0.000999872846544987, 0.01184244540177616, 0.029743433504835454, 0.0010408759173453556], [0.10431797565320307, 0.21508037794157397, 0.0009998525593894218, 0.017377511611895664, 0.6612244296745486, 0.0009998525593894218], [0.6758189177309637, 0.2442771093541451, 0.0009998763809322684, 0.015139879379511147, 0.06271882227873293, 0.0010453948757148596], [0.11053464595472308, 0.22553447319263528, 0.0009998611055748016, 0.022319033227285554, 0.6396064946353627, 0.0010054918844186196], [0.08350178017607733, 0.1908730576975263, 0.0009998487661537863, 0.01597804097174116, 0.7076474236223478, 0.0009998487661537863], [0.6697336309700479, 0.2416120031501771, 0.0009998838230026916, 0.020757845374488944, 0.06583704747351966, 0.0010595892087636078], [0.11469465467424313, 0.2285233942635185, 0.0009998320232304705, 0.016839369852268502, 0.637942917163509, 0.0009998320232304705], [0.11134430031430881, 0.22072113983946287, 0.0009998552585546024, 0.019944260748822013, 0.6459905885802971, 0.0009998552585546024], [0.06702846863834949, 0.17334645716029456, 0.0009998479329422568, 0.011337777121622605, 0.746287601213849, 0.0009998479329422568], [0.8084429185850343, 0.1421650885404528, 0.0009998801481171781, 0.01653892326862154, 0.030798351236171095, 0.001054838221603106], [0.8570725834425506, 0.11245083401966696, 0.0009998734174277463, 0.010997217518887591, 0.01743002356954467, 0.0010494680319223717], [0.8054541736183887, 0.15015688034322597, 0.0009998789952384813, 0.009626504810817336, 0.03270891939169717, 0.0010536428406323142], [0.06390373792356842, 0.17561593572360115, 0.0009998445114597855, 0.0132399677571728, 0.7452406695727382, 0.0009998445114597855], [0.7561716202345612, 0.17870799968197357, 0.0009995573160354577, 0.017873787595155333, 0.045247477856239005, 0.0009995573160354577], [0.6405128132896979, 0.290888660202067, 0.0009995434255400148, 0.01577457954821319, 0.05082486010894202, 0.0009995434255400148], [0.7349892543685196, 0.1867183590776816, 0.000999554772887506, 0.019904569409965298, 0.056388707598058696, 0.000999554772887506], [0.7443699211943077, 0.17940925571603952, 0.0009995548857038169, 0.017346717428660115, 0.05687499588958507, 0.0009995548857038169], [0.7995342087397754, 0.13864808450966817, 0.0009995290700202863, 0.014756474733519324, 0.04506217387699668, 0.0009995290700202863], [0.815005142684338, 0.1331762544446469, 0.0009995439438818168, 0.013816560749531777, 0.03600295423371974, 0.0009995439438818168], [0.8084615316304817, 0.13842469088536585, 0.0009995255803327714, 0.011796019301266699, 0.03931870702222022, 0.0009995255803327714], [0.7547925702472442, 0.1734526715281195, 0.00099955635217769, 0.012310749509636171, 0.05744489601064479, 0.00099955635217769], [0.07896066021860954, 0.13530059049284707, 0.0009994694727065078, 0.011883246797248405, 0.7718565635458821, 0.0009994694727065078], [0.8140433646236267, 0.1345716605588488, 0.0009995437292077715, 0.015729311400493072, 0.033656575958615924, 0.0009995437292077715], [0.70792217875856, 0.136035271786848, 0.0009995290350355327, 0.11662464315770292, 0.037418848226818145, 0.0009995290350355327], [0.6335619260613318, 0.28152399752047746, 0.000999551278181414, 0.022635584668620784, 0.06027938919320733, 0.000999551278181414], [0.7199983106596332, 0.1891534394628779, 0.000999519747008786, 0.023197016322451226, 0.06565219406102016, 0.000999519747008786], [0.7196369793358413, 0.1960192434165874, 0.0009995203070999649, 0.020739442793751055, 0.061605293839620275, 0.0009995203070999649], [0.3300129130484046, 0.2716098574842367, 0.0009994909742031936, 0.025969856144737645, 0.3704083913742148, 0.0009994909742031936], [0.6836350213188894, 0.22637458346783668, 0.0009998828539851468, 0.02508619900923177, 0.06285245187984201, 0.0010518614702149773], [0.7226550294777773, 0.09163620871483368, 0.11416635307500257, 0.020424261684079122, 0.05005298876023056, 0.0010651582880768344], [0.9950224004417905, 0.0009955199116420117, 0.0009955199116420117, 0.0009955199116420117, 0.0009955199116420117, 0.0009955199116420117]], [[0.9950224004417905, 0.0009955199116420117, 0.0009955199116420117, 0.0009955199116420117, 0.0009955199116420117, 0.0009955199116420117], [0.9814337556415116, 0.009788285283065537, 0.004847604114934579, 0.000999928336281472, 0.0016643885707925323, 0.0012660380534143445], [0.9814709985123813, 0.01355517671491614, 0.0009995183452873042, 0.0009995183452873042, 0.0017120293707364738, 0.0012627587113915825], [0.9808312019811908, 0.014469171759473706, 0.000999518345287304, 0.000999518345287304, 0.001437830857369203, 0.0012627587113915823], [0.9376755828008693, 0.04209457199635086, 0.0009996621349688663, 0.00428844523285063, 0.01364198038052249, 0.0012997574544379904], [0.015294566765905928, 0.05935779511486958, 0.0009998900080173917, 0.004407633954909963, 0.9188663171118122, 0.0010737970444850186], [0.9027124912785716, 0.08256343774516746, 0.0009998747563118157, 0.0050092617096716245, 0.007664194695928557, 0.0010507398143490597], [0.8538127419662676, 0.11330876053648611, 0.0009998779153482069, 0.009055997668233551, 0.021770005814432187, 0.0010526160992323625], [0.8270298604273384, 0.13711120960652529, 0.0009998730586120836, 0.009091765899807789, 0.024726210690779328, 0.0010410803169370697], [0.7335277170505441, 0.19787510821366033, 0.0009998822937138472, 0.012559624245361046, 0.05397962776814263, 0.0010580404285780289], [0.6903448510010388, 0.2280050288313145, 0.000999876501376173, 0.018741345110068367, 0.06086339985750097, 0.001045498698701281], [0.41021206744076044, 0.34459557820418457, 0.0009998509198746854, 0.03205852118630078, 0.211134131329005, 0.0009998509198746854], [0.6862730702881947, 0.2299770634382798, 0.0009998791023717978, 0.020937695729907977, 0.0607641635633174, 0.0010481278779283058], [0.12244973121480807, 0.2104397282961466, 0.0009998605841203035, 0.02311326822282561, 0.6419924185109891, 0.001004993171110264], [0.7539286955137562, 0.17597259379728244, 0.0009998731204939558, 0.019293202278182656, 0.048764545224834505, 0.0010410900654503183], [0.6975232864355325, 0.21395061167358678, 0.0009998868297240058, 0.02104868722209722, 0.06541496754269226, 0.0010625602963671521], [0.7752682081311181, 0.16707733440492242, 0.0009998719765580166, 0.012732914303731862, 0.04288170124791968, 0.0010399699357498183], [0.8070345361987316, 0.14380825157878796, 0.0009998809423901018, 0.013489445680653371, 0.0336122521717738, 0.0010556334276632462], [0.8533090520907685, 0.11043895899379196, 0.0009998744408697853, 0.01433589588618921, 0.01986573196348323, 0.00105048662489714], [0.8300431420709846, 0.12916246181538008, 0.0009998791756823866, 0.011338909834009661, 0.027401783723823528, 0.0010538233801198173], [0.8007057657987695, 0.15065392646262826, 0.000999873287148453, 0.013104133808707273, 0.033495026966443985, 0.0010412736763023434], [0.720296705649756, 0.2061603675463285, 0.0009998810258276386, 0.017784069661333238, 0.05370219854679166, 0.0010567775699630553], [0.668013226711231, 0.17176760218569537, 0.0009995405316608832, 0.01194369532663506, 0.146276394713117, 0.0009995405316608832], [0.34008636044593127, 0.35524028629194465, 0.0009994848592878335, 0.02705212608518622, 0.2756222574583622, 0.0009994848592878335], [0.7485150294552791, 0.18535286903118833, 0.0009995423606767968, 0.01840503459858202, 0.045727982193596965, 0.0009995423606767968], [0.5469262826465873, 0.37560268659796475, 0.0009995554112099678, 0.01732527763865547, 0.058146642294372566, 0.0009995554112099678], [0.8060441008963302, 0.13902392306792588, 0.0009995284670621545, 0.01156567447512862, 0.041367244626491, 0.0009995284670621545], [0.8307131953172228, 0.12322246517639708, 0.0009995454045261816, 0.013857044126004914, 0.03020820457132307, 0.0009995454045261816], [0.7325886692300766, 0.2199012381738558, 0.0009995455189440556, 0.014831443583249998, 0.030679557974929664, 0.0009995455189440556], [0.835497475632174, 0.12864406145801055, 0.000999527116517546, 0.010834614718985464, 0.023024793957794974, 0.000999527116517546], [0.8505359350336157, 0.11438198756662885, 0.0009995433363597524, 0.011173619372357958, 0.021909371354678023, 0.0009995433363597524], [0.7608805770356192, 0.2047688063093554, 0.000999538393350777, 0.011306847841969217, 0.021044692026354662, 0.000999538393350777], [0.821312922820955, 0.13281236770549568, 0.000999546355207861, 0.00993563268003147, 0.033939984083102094, 0.000999546355207861], [0.8038023862433701, 0.13711686362547443, 0.000999531156704322, 0.016169556121484775, 0.040912131696262205, 0.000999531156704322], [0.6348062621546645, 0.274943816387715, 0.0009995509674277504, 0.021226422379577347, 0.06702439714318777, 0.0009995509674277504], [0.7398164640357754, 0.18799092810774604, 0.0009995535354914125, 0.013609923316554775, 0.05658357746894101, 0.0009995535354914125], [0.6490115472394695, 0.18494834261000456, 0.0009995411274898237, 0.01333486051154823, 0.15070616738399803, 0.0009995411274898237], [0.7086870612399739, 0.21310870093676476, 0.0009998855294190995, 0.01760495709235548, 0.05853809012000803, 0.001061305081478826], [0.7933321570092877, 0.08600421942003354, 0.0728092633367354, 0.014777385900149308, 0.03203330575991611, 0.001043668573877902], [0.9950224004417905, 0.0009955199116420117, 0.0009955199116420117, 0.0009955199116420117, 0.0009955199116420117, 0.0009955199116420117]], [[0.9950224004417905, 0.0009955199116420117, 0.0009955199116420117, 0.0009955199116420117, 0.0009955199116420117, 0.0009955199116420117], [0.0054597649423463865, 0.008537223686896868, 0.004375842319989059, 0.0009999267222396406, 0.9793634078297659, 0.0012638344987621268], [0.9814456524565407, 0.013591385366116638, 0.000999518345287304, 0.000999518345287304, 0.001701166775376323, 0.0012627587113915823], [0.9814022760926306, 0.013653351600274241, 0.0009995183452873042, 0.0009995183452873042, 0.0016825769051290436, 0.0012627587113915825], [0.9802601278697514, 0.015284991918673177, 0.0009995183452873042, 0.0009995183452873042, 0.001193084809609363, 0.0012627587113915825], [0.9366712057818238, 0.04352939630927299, 0.0009996621349688663, 0.00428844523285063, 0.013211533086645851, 0.0012997574544379904], [0.015594893441372035, 0.06688334083928553, 0.0009998916403994463, 0.004565977685106089, 0.9108804479234907, 0.0010754484703462718], [0.9005987055590955, 0.08254021799628976, 0.0009998754812788327, 0.005478364318385958, 0.009331305360862447, 0.0010515312840875734], [0.8381276807687178, 0.12154177168559048, 0.0009998788488772622, 0.009897626050495654, 0.028379541799201647, 0.0010535008471170813], [0.7992075149932341, 0.15855324912736737, 0.000999874286872145, 0.01310295216685094, 0.027094137651486376, 0.0010422717741892331], [0.09663060166323736, 0.20328462813297776, 0.0009998532058084946, 0.01715345787570734, 0.6809316059164606, 0.0009998532058084946], [0.7134879859659451, 0.21498373779090985, 0.0009998792979191442, 0.01710431500980715, 0.05237575921272674, 0.0010483227226919872], [0.710713883992679, 0.2074826801850073, 0.0009998842415939663, 0.021548452666739708, 0.05819508503443049, 0.001060013879549431], [0.7843754987029873, 0.1559779635247239, 0.000999872593730797, 0.017220680520239697, 0.0403854201089402, 0.0010405645493780857], [0.7994893054375662, 0.15422801283073503, 0.0009998793317444118, 0.016582425284384777, 0.027646402844542655, 0.0010539742710267978], [0.808303935816474, 0.14326521584770288, 0.0009998717488202157, 0.010817738463578802, 0.03557348612287192, 0.001039752000552307], [0.8189572298927873, 0.13014566853927642, 0.0009998807898530789, 0.012480564517927806, 0.03636123613567186, 0.0010554201244835366], [0.8767148319677589, 0.09320070359241023, 0.000999872784459746, 0.008699240116555844, 0.01933650627774149, 0.001048845261073742], [0.8829553108610186, 0.09623698906978473, 0.0009998799880024615, 0.00606965050051084, 0.012674827710476733, 0.0010633418702066272], [0.8688735168366739, 0.10339056476057629, 0.0009998733305275982, 0.011904229930792765, 0.013782431783855723, 0.0010493833575737769], [0.058359804617672796, 0.12909579435092755, 0.0009998796349611767, 0.010224939546574132, 0.8002650471745019, 0.0010545346753625244], [0.06319748291104813, 0.16187937923221457, 0.0009998461623751526, 0.012870481890883929, 0.7600529636411031, 0.0009998461623751526], [0.7694881284933645, 0.16832468807154008, 0.0009995549294911268, 0.01480826454799847, 0.04537980902811489, 0.0009995549294911268], [0.6653496456332967, 0.2761178237737195, 0.000999544987001326, 0.011350604015313851, 0.04518283660366742, 0.000999544987001326], [0.6681893949630014, 0.2681518699900683, 0.0009995588230949162, 0.012599404343346986, 0.04906021305739355, 0.0009995588230949162], [0.8149306089314392, 0.13730770485355392, 0.0009995294877971274, 0.012203158553376758, 0.03355946868603597, 0.0009995294877971274], [0.0666810979802461, 0.12111947184045527, 0.0009995578099361798, 0.011552342202943449, 0.7986479723564828, 0.0009995578099361798], [0.76101711442898, 0.10395672966171769, 0.0009995382312278469, 0.11369480140967489, 0.019332278037171663, 0.0009995382312278469], [0.8825144175583807, 0.09108304613927795, 0.000999532970450585, 0.008088887125472887, 0.016314583235967465, 0.000999532970450585], [0.8569415583232403, 0.10741503088449636, 0.000999542624399616, 0.008987380812302588, 0.02465694473116168, 0.000999542624399616], [0.8863005274410155, 0.09219659664131889, 0.0009995327141708544, 0.0068120883795991455, 0.01269172210972489, 0.0009995327141708544], [0.8818081297353321, 0.09150825990981995, 0.0009995382199830946, 0.011078911481967975, 0.01360562243291396, 0.0009995382199830946], [0.056127862514784056, 0.1305766936368033, 0.000999553312857189, 0.014216707049822573, 0.7970796301728756, 0.000999553312857189], [0.07904676633434499, 0.23788527880877297, 0.0009994757625158349, 0.011850656393783302, 0.669218346938067, 0.0009994757625158349], [0.7403107586059031, 0.18004193502158847, 0.0009995502973431307, 0.01877974754939953, 0.05886845822842257, 0.0009995502973431307], [0.787903224920306, 0.1510240533866413, 0.0009995316900342768, 0.018095149859283097, 0.04097850845370125, 0.0009995316900342768], [0.09884125797792176, 0.1722107558163655, 0.0009994972567379918, 0.11719170314538903, 0.6097572885468477, 0.0009994972567379918], [0.776177769996455, 0.17279290123494906, 0.0009998728208900187, 0.01359717305207069, 0.03539145734013708, 0.0010408255554980425], [0.8174689802093708, 0.07066705841871959, 0.06670639764480342, 0.011666179243269889, 0.0324320359937485, 0.0010593484900875997], [0.9950224004417905, 0.0009955199116420117, 0.0009955199116420117, 0.0009955199116420117, 0.0009955199116420117, 0.0009955199116420117]], [[0.9950224004417905, 0.0009955199116420117, 0.0009955199116420117, 0.0009955199116420117, 0.0009955199116420117, 0.0009955199116420117], [0.005408136569050085, 0.00861097850589158, 0.004375842319989058, 0.0009999267222396404, 0.9793412813840674, 0.0012638344987621266], [0.00550308616557535, 0.016050911387508787, 0.0009996451541763852, 0.0012895986611235785, 0.9748903844941985, 0.0012663741374173444], [0.981350668804717, 0.01372707629729348, 0.000999518345287304, 0.000999518345287304, 0.0016604594960232704, 0.0012627587113915823], [0.9814022760926306, 0.013653351600274241, 0.0009995183452873042, 0.0009995183452873042, 0.0016825769051290436, 0.0012627587113915825], [0.9801552718860184, 0.015434786181148788, 0.0009995183452873042, 0.0009995183452873042, 0.0011481465308666795, 0.0012627587113915825], [0.030280220588451034, 0.046168284977775795, 0.0009996637262629441, 0.004351838329198129, 0.9168971065260247, 0.0013028858522874222], [0.9207481076186749, 0.06417978441854946, 0.0009998853353145646, 0.004544835734245993, 0.008458711170718603, 0.001068675722496464], [0.8850724473671724, 0.09262616983883201, 0.0009998758213656369, 0.006266687559303055, 0.013982941356779379, 0.001051878056547623], [0.8347739184592401, 0.13006886580610405, 0.0009998798858162202, 0.010679608453405069, 0.022423160629450274, 0.0010545667659842858], [0.8014480203780399, 0.15099386693685235, 0.0009998746933105726, 0.014640164497094424, 0.03087539573851811, 0.0010426777561846478], [0.7368379854034935, 0.1968766112198565, 0.0009998841550791268, 0.014903528672455153, 0.04932210338657185, 0.0010598871625438267], [0.8015058226105567, 0.14977472509777445, 0.000999874534110502, 0.013371577671041841, 0.033305482647575, 0.0010425174389415534], [0.8228188847532631, 0.13656650422250133, 0.0009998802991866387, 0.012148984284690188, 0.026410777924063527, 0.0010549685162951387], [0.8653792459268339, 0.10656247309169564, 0.0009998786727642359, 0.009309104297114823, 0.01669457451471777, 0.001054723496873683], [0.8432229542209277, 0.11960211547570393, 0.0009998806014849153, 0.010563556995696204, 0.024556196859370768, 0.001055295846816446], [0.8809368880706759, 0.0959058949578172, 0.0009998770953432738, 0.008915377782606445, 0.012188866121217716, 0.0010530959723393403], [0.8946454268184537, 0.0852687923599136, 0.000999881393684405, 0.007219735090073397, 0.010801381860372808, 0.0010647824775018861], [0.9328339884496192, 0.04901113535527946, 0.0009996621349688663, 0.00428844523285063, 0.011567011372843907, 0.0012997574544379904], [0.8866049305364392, 0.09302269989568607, 0.0009998820764249119, 0.007889842253375802, 0.010417188989755891, 0.001065456248318017], [0.8671222449986002, 0.10874966867460226, 0.0009998783851402624, 0.007093732387627123, 0.014980033966570445, 0.00105444158745958], [0.8154481944144317, 0.13656703826019248, 0.0009998815890458934, 0.014037086730363722, 0.031891515369163015, 0.001056283636803098], [0.8382108099474173, 0.12373583