{"prediction": [[[0.9950003866827973, 0.0009999226634405608, 0.0009999226634405608, 0.0009999226634405608, 0.0009999226634405608, 0.0009999226634405608], [0.9950003417169608, 0.0009999316566078535, 0.0009999316566078535, 0.0009999316566078535, 0.0009999316566078535, 0.0009999316566078535], [0.9950002721238602, 0.0009999455752279752, 0.0009999455752279752, 0.0009999455752279752, 0.0009999455752279752, 0.0009999455752279752], [0.9950002011959072, 0.0009999597608185999, 0.0009999597608185999, 0.0009999597608185999, 0.0009999597608185999, 0.0009999597608185999], [0.9950002822943355, 0.000999943541132938, 0.000999943541132938, 0.000999943541132938, 0.000999943541132938, 0.000999943541132938], [0.9950003518053382, 0.0009999296389323808, 0.0009999296389323808, 0.0009999296389323808, 0.0009999296389323808, 0.0009999296389323808], [0.9950002579721144, 0.0009999484055771438, 0.0009999484055771438, 0.0009999484055771438, 0.0009999484055771438, 0.0009999484055771438], [0.9950001872497934, 0.0009999625500413181, 0.0009999625500413181, 0.0009999625500413181, 0.0009999625500413181, 0.0009999625500413181], [0.9950002912047899, 0.0009999417590420415, 0.0009999417590420415, 0.0009999417590420415, 0.0009999417590420415, 0.0009999417590420415], [0.9950002912047899, 0.0009999417590420415, 0.0009999417590420415, 0.0009999417590420415, 0.0009999417590420415, 0.0009999417590420415], [0.995000192566407, 0.0009999614867186135, 0.0009999614867186135, 0.0009999614867186135, 0.0009999614867186135, 0.0009999614867186135], [0.9845595180241526, 0.01144068022013142, 0.0009999504389289892, 0.0009999504389289892, 0.0009999504389289892, 0.0009999504389289892], [0.9950002204344164, 0.0009999559131167372, 0.0009999559131167372, 0.0009999559131167372, 0.0009999559131167372, 0.0009999559131167372], [0.9950002498101634, 0.0009999500379673423, 0.0009999500379673423, 0.0009999500379673423, 0.0009999500379673423, 0.0009999500379673423], [0.9950002204344164, 0.0009999559131167372, 0.0009999559131167372, 0.0009999559131167372, 0.0009999559131167372, 0.0009999559131167372], [0.9818374653449533, 0.014162747129330341, 0.0009999468814291107, 0.0009999468814291107, 0.0009999468814291107, 0.0009999468814291107], [0.9950002011959072, 0.0009999597608185999, 0.0009999597608185999, 0.0009999597608185999, 0.0009999597608185999, 0.0009999597608185999], [0.9950002721238602, 0.0009999455752279752, 0.0009999455752279752, 0.0009999455752279752, 0.0009999455752279752, 0.0009999455752279752], [0.9950003234158692, 0.0009999353168261731, 0.0009999353168261731, 0.0009999353168261731, 0.0009999353168261731, 0.0009999353168261731], [0.9950003866827973, 0.0009999226634405608, 0.0009999226634405608, 0.0009999226634405608, 0.0009999226634405608, 0.0009999226634405608], [0.9950003866827973, 0.0009999226634405608, 0.0009999226634405608, 0.0009999226634405608, 0.0009999226634405608, 0.0009999226634405608], [0.9950003866827973, 0.0009999226634405608, 0.0009999226634405608, 0.0009999226634405608, 0.0009999226634405608, 0.0009999226634405608], [0.9950003866827973, 0.0009999226634405608, 0.0009999226634405608, 0.0009999226634405608, 0.0009999226634405608, 0.0009999226634405608], [0.9950003866827973, 0.0009999226634405608, 0.0009999226634405608, 0.0009999226634405608, 0.0009999226634405608, 0.0009999226634405608], [0.9950003866827973, 0.0009999226634405608, 0.0009999226634405608, 0.0009999226634405608, 0.0009999226634405608, 0.0009999226634405608], [0.9950003417169608, 0.0009999316566078535, 0.0009999316566078535, 0.0009999316566078535, 0.0009999316566078535, 0.0009999316566078535], [0.9950002721238602, 0.0009999455752279752, 0.0009999455752279752, 0.0009999455752279752, 0.0009999455752279752, 0.0009999455752279752], [0.9950002011959072, 0.0009999597608185999, 0.0009999597608185999, 0.0009999597608185999, 0.0009999597608185999, 0.0009999597608185999], [0.9827408432776527, 0.013259374169089259, 0.0009999456383145246, 0.0009999456383145246, 0.0009999456383145246, 0.0009999456383145246], [0.9661474615454966, 0.026129569959630186, 0.002858323806918766, 0.0028631619928671157, 0.0010007413475436725, 0.0010007413475436725], [0.987777618327563, 0.008222552858708843, 0.0009999572034320608, 0.0009999572034320608, 0.0009999572034320608, 0.0009999572034320608], [0.9950002011959072, 0.0009999597608185999, 0.0009999597608185999, 0.0009999597608185999, 0.0009999597608185999, 0.0009999597608185999], [0.9950002721238602, 0.0009999455752279752, 0.0009999455752279752, 0.0009999455752279752, 0.0009999455752279752, 0.0009999455752279752], [0.9950003417169608, 0.0009999316566078535, 0.0009999316566078535, 0.0009999316566078535, 0.0009999316566078535, 0.0009999316566078535], [0.9950003866827973, 0.0009999226634405608, 0.0009999226634405608, 0.0009999226634405608, 0.0009999226634405608, 0.0009999226634405608], [0.9950003417169608, 0.0009999316566078535, 0.0009999316566078535, 0.0009999316566078535, 0.0009999316566078535, 0.0009999316566078535], [0.9950003684776926, 0.0009999263044614976, 0.0009999263044614976, 0.0009999263044614976, 0.0009999263044614976, 0.0009999263044614976], [0.9950003866827973, 0.0009999226634405608, 0.0009999226634405608, 0.0009999226634405608, 0.0009999226634405608, 0.0009999226634405608], [0.9950003866827973, 0.0009999226634405608, 0.0009999226634405608, 0.0009999226634405608, 0.0009999226634405608, 0.0009999226634405608], [0.9950003866827973, 0.0009999226634405608, 0.0009999226634405608, 0.0009999226634405608, 0.0009999226634405608, 0.0009999226634405608]], [[0.9950003417169608, 0.0009999316566078535, 0.0009999316566078535, 0.0009999316566078535, 0.0009999316566078535, 0.0009999316566078535], [0.9400123288935445, 0.022307556414760076, 0.029393407206374865, 0.002105946111067736, 0.005141245201116763, 0.0010395161731360629], [0.8780993859719151, 0.04044076831501198, 0.05783044649120746, 0.005778569035350649, 0.01681192266063011, 0.0010389075258845713], [0.7973669926756934, 0.09171996877920646, 0.08434076711124382, 0.008901745098281795, 0.016658400319602487, 0.0010121260159719745], [0.8807612164716686, 0.039795481929899144, 0.05532807868987214, 0.006037295925377742, 0.01703471065029172, 0.0010432163328907705], [0.9365784373660357, 0.021183483526392984, 0.026124872129184632, 0.002104394345886106, 0.012971214705709406, 0.0010375979267911591], [0.053980617148565245, 0.03502501864368817, 0.049541888128805375, 0.0058997696409769495, 0.8545527125480733, 0.0009999938898911024], [0.8223426829803645, 0.07939001125913986, 0.07223501230574553, 0.008992646109776004, 0.016032936628466415, 0.001006710716507817], [0.8809401299610613, 0.03774136146971316, 0.05169137899244472, 0.005785230829073764, 0.022806060078613556, 0.0010358386690934676], [0.8762076264118052, 0.039082376695308264, 0.05586032306232338, 0.005797082614846985, 0.022014419454808334, 0.0010381717609079244], [0.053624303794422644, 0.0876789203390969, 0.08039406494348474, 0.00901607864887289, 0.7682811662422664, 0.0010054660318564168], [0.683369821119445, 0.1192211746126134, 0.154822940440501, 0.015808066202267188, 0.025778018463091495, 0.0009999791620820743], [0.8023909214094536, 0.08662341999520684, 0.0795908644809609, 0.008796979754731335, 0.021589758765506315, 0.0010080555941410902], [0.8591997020261566, 0.043400812024004295, 0.07066705407579463, 0.005804614379005783, 0.019906867938762764, 0.0010209495562759424], [0.7916883376282653, 0.09065753679842155, 0.08737578691971304, 0.008738375971592624, 0.020538801190223947, 0.0010011614917833677], [0.07120914928312609, 0.1254024080116632, 0.17177586595378738, 0.01854921718360834, 0.612061517122922, 0.0010018424448929445], [0.7892583202555502, 0.093566146463607, 0.09290021418019437, 0.008992771069542084, 0.014275822997789773, 0.0010067250333167515], [0.8664401507817647, 0.04313966723239694, 0.06855404409176435, 0.005826888511622111, 0.015009752380844961, 0.0010294970016067777], [0.027556955790694237, 0.024243140800518485, 0.033695969971846755, 0.0017125220712642798, 0.9117914116629489, 0.0009999997027275393], [0.9583822849742082, 0.0197967533121234, 0.015876933469382338, 0.0016791818585634947, 0.0032191289965962868, 0.0010457173891263015], [0.9950003896741969, 0.0009999220651606318, 0.0009999220651606318, 0.0009999220651606318, 0.0009999220651606318, 0.0009999220651606318], [0.9719323809348139, 0.012726325523706963, 0.01125846295690448, 0.0010817587837445024, 0.0019621908209251316, 0.0010388809799050003], [0.9720816382440852, 0.013652619451195945, 0.010946005002816046, 0.001078140059548705, 0.001206333663354388, 0.0010352635789994732], [0.9566825253079849, 0.017229198420975624, 0.020486891569352853, 0.001486571316295683, 0.003077935942915954, 0.0010368774424750857], [0.9950003234158692, 0.0009999353168261731, 0.0009999353168261731, 0.0009999353168261731, 0.0009999353168261731, 0.0009999353168261731], [0.9950002721238602, 0.0009999455752279752, 0.0009999455752279752, 0.0009999455752279752, 0.0009999455752279752, 0.0009999455752279752], [0.9950002011959072, 0.0009999597608185999, 0.0009999597608185999, 0.0009999597608185999, 0.0009999597608185999, 0.0009999597608185999], [0.9845595180241526, 0.01144068022013142, 0.0009999504389289892, 0.0009999504389289892, 0.0009999504389289892, 0.0009999504389289892], [0.9661474615454966, 0.026129569959630186, 0.002858323806918766, 0.0028631619928671157, 0.0010007413475436725, 0.0010007413475436725], [0.9070525341035114, 0.08066613481650282, 0.004662018047712149, 0.005619339108548217, 0.0009999869618627524, 0.0009999869618627524], [0.6926897192036705, 0.11916653951989754, 0.14068707683787562, 0.014957638026877754, 0.031499041942367426, 0.000999984469311163], [0.797235267760723, 0.09040921282265228, 0.08750492576557414, 0.008851418025766656, 0.014992917131334705, 0.001006258493949462], [0.8781229218003284, 0.04042538482787648, 0.05783123202185753, 0.005778642124353436, 0.016802897244239216, 0.001038921981344901], [0.940548035019465, 0.021577083660553845, 0.027519790057991336, 0.002179899547984772, 0.007134253344444613, 0.00104093836956027], [0.9483926418859562, 0.020359860877876623, 0.02442464046683852, 0.0019709619878929326, 0.003819636411869931, 0.0010322583695657323], [0.9357571401267483, 0.0238016128943795, 0.0314761300465127, 0.0025157635125299953, 0.005413035997823507, 0.001036317422005895], [0.02086896812973052, 0.02218011114450811, 0.023407941614124357, 0.0013694271529634486, 0.9311609504678752, 0.0010126014907984363], [0.9560881668808601, 0.019122356703293323, 0.01995273605352459, 0.0014855368646760972, 0.002315360506790507, 0.0010358429908555], [0.9715453027447897, 0.012653337743043802, 0.011700075894694652, 0.0010813039955069094, 0.001981553430297629, 0.0010384261916674073], [0.9950003866827973, 0.0009999226634405608, 0.0009999226634405608, 0.0009999226634405608, 0.0009999226634405608, 0.0009999226634405608]], [[0.9950002536737127, 0.0009999492652574824, 0.0009999492652574824, 0.0009999492652574824, 0.0009999492652574824, 0.0009999492652574824], [0.04873921851581593, 0.039925359145967086, 0.056502147235501655, 0.005416403509674991, 0.8484120038597878, 0.0010048677332525702], [0.8000413823728827, 0.1708787181527357, 0.0010056641678189157, 0.010303241855925911, 0.016761376811930635, 0.0010096166387061649], [0.7061740883746556, 0.2453514417723661, 0.0009999977700314072, 0.01751890979055331, 0.0289544903400104, 0.0010010719523833222], [0.8098552734629144, 0.1547480109322374, 0.0010070069526977535, 0.010246487368224364, 0.023132261860341227, 0.0010109594235850024], [0.880437676061827, 0.08356081082670563, 0.0010390778783993988, 0.007446807823065232, 0.026472450176795604, 0.0010431772332071766], [0.8177564300226112, 0.146973199068446, 0.0010069422245524073, 0.010245849794599811, 0.023006684194350924, 0.0010108946954396562], [0.07562540791764207, 0.24122365846200697, 0.0010165320143066868, 0.017406808639841648, 0.6637110609518959, 0.0010165320143066868], [0.8143008580157846, 0.1461812015263119, 0.0010017835153488606, 0.010195036397933737, 0.027315384558384746, 0.0010057359862361095], [0.8125686014386932, 0.14800126960748483, 0.0010019520598991162, 0.010196696565380695, 0.027225575797755752, 0.0010059045307863651], [0.6875047901612132, 0.2618707887230337, 0.0009999870670987655, 0.01702392894436846, 0.03160051803718711, 0.0009999870670987655], [0.10587992274740216, 0.35389122715833676, 0.0010719943055708583, 0.021283928524309968, 0.5167977603026537, 0.001075166961726622], [0.07520853614435519, 0.2701982136114668, 0.001021636212325733, 0.017481486715405708, 0.6350684911041209, 0.001021636212325733], [0.7642564780204172, 0.20155168148031605, 0.0009999864672943716, 0.010989885611055666, 0.021201981953622422, 0.0009999864672943716], [0.6732582618554764, 0.2741885065522565, 0.0009999626574060947, 0.01673777844520772, 0.03381552783224715, 0.0009999626574060947], [0.5993504255205511, 0.33150953360187724, 0.0009999313697029136, 0.018821990731789695, 0.04831818740637631, 0.0009999313697029136], [0.06470776123170595, 0.291489369715564, 0.0010231396868095471, 0.017951103217386542, 0.6238054864617244, 0.0010231396868095471], [0.04745475268681886, 0.2016096503036731, 0.000999975956815913, 0.010497398430011812, 0.7384382466658646, 0.000999975956815913], [0.8713053288726793, 0.03978433295294144, 0.06682347299109469, 0.005956867440390308, 0.015094828355163067, 0.0010351693877311363], [0.99500024990711, 0.0009999500185780196, 0.0009999500185780196, 0.0009999500185780196, 0.0009999500185780196, 0.0009999500185780196], [0.020484791372720582, 0.01709592897792298, 0.023400256949890962, 0.0017134254410991656, 0.9363000787591091, 0.0010055184992570534], [0.9542255153246528, 0.03823643582332266, 0.0010287147629908248, 0.002464283176412799, 0.0030117357122087206, 0.001033315200412149], [0.023790567661433882, 0.03997845602880971, 0.0010004965336464992, 0.002165892396304009, 0.9320594895243821, 0.0010050978554237045], [0.9432521866151782, 0.04840055452325944, 0.001025633241073525, 0.0030242881917511475, 0.0032672879306933356, 0.0010300494980444877], [0.02925930533330302, 0.019431321601349298, 0.02988951524477181, 0.0015792295705412145, 0.9188406322420124, 0.0009999960080222946], [0.9950001760327041, 0.0009999647934592073, 0.0009999647934592073, 0.0009999647934592073, 0.0009999647934592073, 0.0009999647934592073], [0.9879106194851709, 0.008089528978411432, 0.0009999628841044464, 0.0009999628841044464, 0.0009999628841044464, 0.0009999628841044464], [0.9697569719197042, 0.024412644694886493, 0.001002936772994672, 0.0028215730664252997, 0.001002936772994672, 0.001002936772994672], [0.9125956758949326, 0.07615255415558334, 0.0025091979362477975, 0.005614900432100958, 0.0021276733103688787, 0.0009999982707666224], [0.41799944145147433, 0.180012985017627, 0.18967073180346053, 0.026937547641172312, 0.1838693133430689, 0.001509980743197008], [0.610336116591023, 0.3120230471139637, 0.000999946943024884, 0.01902108289067602, 0.056619859518287546, 0.000999946943024884], [0.6878307884258222, 0.26029512043401865, 0.0009999882773058888, 0.0170354937325623, 0.03283862085298503, 0.0009999882773058888], [0.8005428869297629, 0.1700284113169339, 0.0010097069488297214, 0.01048178895093435, 0.016923546433822108, 0.00101365941971697], [0.05228905865703216, 0.09378609531815567, 0.000999997495152743, 0.0076887105689354175, 0.8442345458857836, 0.0010015920749403978], [0.9263068321189647, 0.055140201236551896, 0.0010247223930944839, 0.0034216789985352406, 0.01307759660344858, 0.0010289686494050721], [0.8694441967418916, 0.10476384202831371, 0.001036893050195016, 0.007743623320884504, 0.01597045245371243, 0.0010409924050027938], [0.9308916504070085, 0.05780552764410605, 0.0010291631463227636, 0.0039794201929002305, 0.0052608292070292235, 0.001033409402633352], [0.9424388801861827, 0.048405433499842845, 0.0010229132756508523, 0.0030980260814526175, 0.004007417424249301, 0.0010273295326218147], [0.9564725798149535, 0.01828647061923488, 0.020055505544407045, 0.0014843456848244656, 0.0026664465255764017, 0.0010346518110038684], [0.9950003866827973, 0.0009999226634405608, 0.0009999226634405608, 0.0009999226634405608, 0.0009999226634405608, 0.0009999226634405608]], [[0.9950002060619968, 0.0009999587876006672, 0.0009999587876006672, 0.0009999587876006672, 0.0009999587876006672, 0.0009999587876006672], [0.8089635283469573, 0.0870209332041424, 0.07845344769660803, 0.008912231453476995, 0.015636510701895045, 0.0010133485969203342], [0.7056382289713239, 0.24611695520569687, 0.0009999977700314072, 0.01751890979055331, 0.02872483631001117, 0.0010010719523833222], [0.6359786221956689, 0.2900362767255951, 0.0009999575934315718, 0.01915724043341943, 0.05282794545845352, 0.0009999575934315718], [0.72406076300266, 0.2178597193820526, 0.000999998934656628, 0.01712367703792743, 0.03895325460943469, 0.0010025870332686457], [0.8026763121467657, 0.15371955916819807, 0.0009999965634267956, 0.011351556550399199, 0.030252063123683105, 0.0010005124475269377], [0.7340476277759627, 0.20410466220446744, 0.001000862494574733, 0.017690707813089887, 0.04215143794215706, 0.0010047017697482263], [0.13503411869839507, 0.2715502256594741, 0.0010853780585705788, 0.022118700428795633, 0.5691230264400383, 0.0010885507147263425], [0.7077696641247203, 0.2362647904040355, 0.0009999704876515055, 0.017936909417561184, 0.03602869507837996, 0.0009999704876515055], [0.7061819073764434, 0.23684139451293248, 0.0009999699568944513, 0.01793066154916844, 0.03704609664766686, 0.0009999699568944513], [0.6403832573052768, 0.2781454011946994, 0.0009999682522169192, 0.019812455807965132, 0.05965894918762482, 0.0009999682522169192], [0.37963190402536323, 0.40710813325411294, 0.0009999631238451904, 0.027764775790071677, 0.18349526068276173, 0.0009999631238451904], [0.5975636284912756, 0.3288857346437961, 0.0009999365722515407, 0.019998514123644385, 0.051552249596780834, 0.0009999365722515407], [0.6246920326282266, 0.32592826798908614, 0.0009999518711240514, 0.018602191578126506, 0.02877760406231287, 0.0009999518711240514], [0.09608699596399023, 0.3738685827641529, 0.0010686958131960974, 0.022253458249182137, 0.5056503987401268, 0.0010718684693518613], [0.35875036000798555, 0.4422349907034663, 0.000999939749279948, 0.028852600031646337, 0.1681621697583421, 0.000999939749279948], [0.09227579831696711, 0.3764355845587574, 0.001075497120113403, 0.021543936319648738, 0.5075905139082442, 0.0010786697762691668], [0.677939898698085, 0.2768866944928673, 0.0009999730321498567, 0.01726541202160215, 0.02590804872314598, 0.0009999730321498567], [0.8040174640959241, 0.08857952236120294, 0.08024794713911684, 0.008975036919130892, 0.01716015244342726, 0.0010198770411978392], [0.995000212141528, 0.000999957571694393, 0.000999957571694393, 0.000999957571694393, 0.000999957571694393, 0.000999957571694393], [0.9395638031559888, 0.019466041549241635, 0.03223867368314829, 0.00220791772941285, 0.005483393653446949, 0.001040170228761575], [0.9426128204370701, 0.04837086023531891, 0.0010230678254494396, 0.0032490014105699106, 0.0037167660091712925, 0.001027484082420402], [0.9538526804884173, 0.0384439820237968, 0.0010284806975013952, 0.0026951770263524202, 0.0029465986290093337, 0.0010330811349227192], [0.9539245619570058, 0.0388132907925519, 0.0010278938523880824, 0.0024627100099362947, 0.0027390490983085986, 0.0010324942898094066], [0.94315116220933, 0.04869666583304373, 0.001024810114440505, 0.0030222489935874475, 0.003075886478186674, 0.0010292263714114676], [0.9446574900299085, 0.017829509960204767, 0.027617283719446106, 0.001716566308143088, 0.007133126902268637, 0.0010460230800286925], [0.05274752375410861, 0.03388404766132233, 0.053045324336805866, 0.005324523794615619, 0.8539859746818765, 0.0010126057712710034], [0.9934163951444934, 0.0025836900762065173, 0.0009999786948250342, 0.0009999786948250342, 0.0009999786948250342, 0.0009999786948250342], [0.9757812478539605, 0.01816017727761943, 0.0010067936260085297, 0.003038193990394535, 0.0010067936260085297, 0.0010067936260085297], [0.6180504767927593, 0.16013578940010523, 0.14855650371033832, 0.01740394870552467, 0.0548533269372116, 0.000999954454061093], [0.6914794679846118, 0.2531662422540661, 0.0009999761666365195, 0.01750284272195022, 0.035851494706098865, 0.0009999761666365195], [0.8061835828166736, 0.1550819448557544, 0.0010032517235938282, 0.01020949828074129, 0.026514518128755785, 0.0010072041944810771], [0.8704918161599136, 0.09644127379304915, 0.001035377181766707, 0.0074224267113862236, 0.023569629617309736, 0.0010394765365744848], [0.9262194884132053, 0.05449974747544391, 0.0010261870579536842, 0.0037625125355112803, 0.013461631203621585, 0.0010304333142642725], [0.8764586596994617, 0.09576114822995435, 0.0010414656583707786, 0.008030856708712137, 0.017662304690322296, 0.0010455650131785564], [0.050195016203678174, 0.18429827299412688, 0.0009999838379099026, 0.010550878134067894, 0.7529558649923074, 0.0009999838379099026], [0.8688082507925597, 0.10585668216522272, 0.0010348439348532455, 0.007729445300562758, 0.015531834517140602, 0.0010389432896610233], [0.9312999715143574, 0.057470251649142615, 0.0010304132221777577, 0.0038030744993790607, 0.005361629636454754, 0.001034659478488346], [0.9487402719752314, 0.020358367402314073, 0.02487905400570009, 0.0016254502991409439, 0.003364233492696953, 0.001032622824916541], [0.9950003866827973, 0.0009999226634405608, 0.0009999226634405608, 0.0009999226634405608, 0.0009999226634405608, 0.0009999226634405608]], [[0.9808821295384395, 0.01511807940770395, 0.000999947763464152, 0.000999947763464152, 0.000999947763464152, 0.000999947763464152], [0.07447277756909892, 0.11379479960368295, 0.1517231378995503, 0.01824878250833417, 0.6407605143556253, 0.000999988063708468], [0.6385533802369456, 0.2861242924464357, 0.0009999795700926105, 0.01943819783822558, 0.05388417033820772, 0.0009999795700926105], [0.4006670366735576, 0.37857996502140284, 0.000999987427577186, 0.02774826607115935, 0.191004757378726, 0.000999987427577186], [0.6412115974550423, 0.2782899901547955, 0.0009999572998504649, 0.020223205026703838, 0.05827529276375742, 0.0009999572998504649], [0.697923753659849, 0.2462605994911322, 0.0009999786279952063, 0.018538584375178996, 0.035277105217849304, 0.0009999786279952063], [0.13701555733997184, 0.2760781563223079, 0.0010735893112733999, 0.022451821620709234, 0.5623041134383087, 0.0010767619674291636], [0.44254617117564843, 0.3207732005097988, 0.0010105210524699883, 0.025769263478337787, 0.20889032273127506, 0.0010105210524699883], [0.6697914676171898, 0.24395843084769114, 0.000999987262112976, 0.020039812075949834, 0.06421031493494354, 0.000999987262112976], [0.7056389302837792, 0.2349122208587511, 0.0009999684979745075, 0.018689582761185774, 0.03875932910033497, 0.0009999684979745075], [0.705381511896076, 0.23527996141261298, 0.0009999684979745077, 0.018689582761185777, 0.03864900693417643, 0.0009999684979745077], [0.6373643300062259, 0.2808429819266983, 0.0009999594825189206, 0.01967457788756097, 0.060118191214476854, 0.0009999594825189206], [0.08386835913632866, 0.256044529142037, 0.0010240918089238096, 0.01884535963830721, 0.6391935684654795, 0.0010240918089238096], [0.7777883923432116, 0.18454487918776835, 0.0009999919323662515, 0.01249538524916324, 0.023171359355124273, 0.0009999919323662515], [0.6835215954394013, 0.261714786181732, 0.0009999788683415652, 0.017430489997196756, 0.035333170644987005, 0.0009999788683415652], [0.10548231314932849, 0.35446015853814583, 0.0010705805272881615, 0.021814625432164416, 0.5160985691696292, 0.0010737531834439252], [0.6889627245816904, 0.26381441150381224, 0.0009999925715118557, 0.01798472962089925, 0.027238149150574365, 0.0009999925715118557], [0.7822610478761443, 0.18706120726741773, 0.0010020126090251411, 0.010934798166129701, 0.017734969001370757, 0.00100596507991239], [0.8873165430276477, 0.036308665041160655, 0.05131620695639427, 0.006479253182077903, 0.017531382588741273, 0.0010479492039780092], [0.9950002571397438, 0.0009999485720512521, 0.0009999485720512521, 0.0009999485720512521, 0.0009999485720512521, 0.0009999485720512521], [0.9565008789767069, 0.015927897222099342, 0.020089219024908254, 0.0022767817730662255, 0.004165984296634479, 0.0010392387065848664], [0.9530852854593117, 0.038506280098096035, 0.001026810586898779, 0.003095911821627711, 0.0032543010097457426, 0.0010314110243201033], [0.016938667832101108, 0.027240562268306526, 0.0010040881688752113, 0.0019174881625170959, 0.9518905146486963, 0.0010086789195037646], [0.016932540991443968, 0.027263530628440884, 0.0010043526952162327, 0.0017478187728607823, 0.9520428134661933, 0.001008943445844786], [0.9542301679987802, 0.03616800893194886, 0.001028694241691835, 0.003120949220173243, 0.004418884928292722, 0.0010332946791131593], [0.028243643859604387, 0.04640528275977317, 0.001000164107833306, 0.0030227407737730126, 0.9203235873192559, 0.0010045811797602334], [0.03178642536143538, 0.01782225413306664, 0.026239222656494678, 0.0014415790898797804, 0.9216976919714958, 0.0010128267876276474], [0.9950002023797182, 0.0009999595240563841, 0.0009999595240563841, 0.0009999595240563841, 0.0009999595240563841, 0.0009999595240563841], [0.9899932290499657, 0.006006902208960628, 0.0009999671852684556, 0.0009999671852684556, 0.0009999671852684556, 0.0009999671852684556], [0.07687998669702394, 0.12702886064788332, 0.1317408864847961, 0.018759458009680742, 0.644586666686645, 0.0010041414739709407], [0.7021590163153537, 0.24372122255239875, 0.0009999770085199334, 0.017511198514965236, 0.03460860860024232, 0.0009999770085199334], [0.8065407105966427, 0.1542167660032653, 0.0010034276034786719, 0.010211230701391788, 0.02702048502085564, 0.001007380074365921], [0.8806269156664828, 0.08275525564698702, 0.0010399485890802299, 0.008003218540039454, 0.026530613613522484, 0.0010440479438880077], [0.06334501252605725, 0.08459695512888515, 0.0009999890119142413, 0.007951461200518747, 0.8421065931207105, 0.0009999890119142413], [0.0522611797617798, 0.17162405554011123, 0.0010027401508460015, 0.011210329426679525, 0.7628989549697375, 0.0010027401508460015], [0.06491294245539209, 0.29191654394261124, 0.0010107480377249645, 0.0181853840381228, 0.6229636334884241, 0.0010107480377249645], [0.773274726620113, 0.1995242568206666, 0.0009999935555417856, 0.010331510776805681, 0.014869518671331345, 0.0009999935555417856], [0.8690723358333613, 0.10545505936323149, 0.0010359448182700494, 0.0077370624156841705, 0.015659553396375144, 0.0010400441730778272], [0.932943283850494, 0.023031068584880743, 0.03540196246137817, 0.002327251412996582, 0.005264001127458558, 0.0010324325627919003], [0.9950003417169608, 0.0009999316566078535, 0.0009999316566078535, 0.0009999316566078535, 0.0009999316566078535, 0.0009999316566078535]], [[0.9950002435716134, 0.000999951285677326, 0.000999951285677326, 0.000999951285677326, 0.000999951285677326, 0.000999951285677326], [0.8118080748605802, 0.0835667471894621, 0.07307382122497813, 0.008745576058882727, 0.021803772161781244, 0.0010020085043157332], [0.7192583539647197, 0.22314009030033244, 0.0010016300826876077, 0.017172200298117713, 0.038422255996281456, 0.0010054693578611011], [0.6650389422327458, 0.24994515473311085, 0.00099999701286138, 0.019996344812234265, 0.06301956419618632, 0.00099999701286138], [0.7166406433905205, 0.2244972869272138, 0.0009999938681847615, 0.01814723309673523, 0.038714848849161036, 0.0009999938681847615], [0.7369009639704478, 0.19934714687826277, 0.001001088127335708, 0.018482903690657186, 0.04326296993078735, 0.0010049274025092014], [0.10555607163710634, 0.20186772652227922, 0.0010154934185334474, 0.019426957119040723, 0.6711182578845069, 0.0010154934185334474], [0.6713209066980752, 0.24211074336859015, 0.000999990432219368, 0.020975130741730068, 0.06359323832716574, 0.000999990432219368], [0.7404963569656692, 0.194481142431199, 0.0010048360120114683, 0.018790984122657842, 0.04421800518127766, 0.001008675287184962], [0.8197922896924554, 0.13339671624295663, 0.0010026149706482944, 0.01193608461230669, 0.03286572704009757, 0.0010065674415355435], [0.8179257016818123, 0.1381872325752398, 0.0010031929325454863, 0.011902417645189104, 0.02997430976178064, 0.0010071454034327352], [0.07733930468717361, 0.23220789235261288, 0.0010141978527811268, 0.01875239328972835, 0.6696720139649229, 0.0010141978527811268], [0.8150489997027636, 0.145921082991392, 0.0010096496177821475, 0.011978026640679776, 0.025028638958713104, 0.0010136020886693966], [0.8756341234003726, 0.08869418067292979, 0.0010380237634365517, 0.009398572401407618, 0.024192976643609185, 0.0010421231182443295], [0.060809385740413946, 0.16220766369772155, 0.0009999959536801859, 0.01196856789276904, 0.763014390761735, 0.0009999959536801859], [0.071085162977219, 0.2635804705495362, 0.0010246597361764451, 0.018890343252222358, 0.6443947037486696, 0.0010246597361764451], [0.05649873062201078, 0.16128929529346522, 0.0009999890667432181, 0.01162818632228893, 0.7685838096287486, 0.0009999890667432181], [0.8898314084600913, 0.07932461924648453, 0.001046939817590123, 0.009087697922536596, 0.019658295380899648, 0.0010510391723979008], [0.9314092445755926, 0.05322935127329739, 0.0010323612291746045, 0.0053371048394195205, 0.007955330597030668, 0.0010366074854851928], [0.02250479345903577, 0.017212632011632194, 0.01857862738289098, 0.002019965392188239, 0.9386615260684272, 0.0010224556858256886], [0.9468216491489193, 0.04448908681188376, 0.0010226451065296646, 0.0028005930527237686, 0.003838780335992533, 0.0010272455439509888], [0.9581629094627073, 0.03574636212141872, 0.0010174681478980485, 0.0017931590465164425, 0.002258043353034633, 0.0010220578684248848], [0.9612917370065186, 0.029782893408162245, 0.0010151983963940512, 0.0031788609166390597, 0.0037115221553652377, 0.0010197881169208872], [0.9575854582226109, 0.03570930616727845, 0.0010168543927360962, 0.001954731846872252, 0.0027122052572393167, 0.0010214441132629323], [0.9470388254281594, 0.042447251828179745, 0.0010214529179478505, 0.0030040088735037696, 0.00546240759684001, 0.0010260533553691747], [0.9421721948827093, 0.04708381646908882, 0.0010240889103726248, 0.003440285568084289, 0.005251109002401477, 0.0010285051673435874], [0.9405059493132955, 0.01667642763571615, 0.026855794801502485, 0.0017570970972420022, 0.013162906176935881, 0.0010418249753080305], [0.9950002569140421, 0.0009999486171915874, 0.0009999486171915874, 0.0009999486171915874, 0.0009999486171915874, 0.0009999486171915874], [0.9948728440536164, 0.0009999786244513204, 0.0009999786244513204, 0.0009999786244513204, 0.001127241448578252, 0.0009999786244513204], [0.6990751112812751, 0.11846804141438215, 0.13207474716133025, 0.015620821072225205, 0.03376130351886084, 0.0009999755519264734], [0.6490132952536957, 0.2699300487081395, 0.0009999800234787928, 0.019151374918029106, 0.05990532107317805, 0.0009999800234787928], [0.727954438452119, 0.21684745151893314, 0.0010102751966425021, 0.01705640272464698, 0.03611731763584235, 0.0010141144718159955], [0.07020039284492467, 0.14009399234671466, 0.000999997536836635, 0.010356644244193237, 0.7773489754904943, 0.000999997536836635], [0.07432726392827334, 0.1395032329369218, 0.0009999929564330826, 0.01125308056974656, 0.7729164366521921, 0.0009999929564330826], [0.7072763188887478, 0.2381534013608639, 0.000999995800232717, 0.018007284554530663, 0.03456300359539235, 0.000999995800232717], [0.5998044463849909, 0.3328377789236935, 0.0009999337124523369, 0.019723269369860446, 0.04563463789655059, 0.0009999337124523369], [0.06184139980197749, 0.3061041896649315, 0.001006803992757449, 0.017895522399659552, 0.6121452801479166, 0.001006803992757449], [0.7703965912178238, 0.2022676770665136, 0.0009999841199361242, 0.010283063715391458, 0.01505269976039881, 0.0009999841199361242], [0.8639062051049181, 0.04261143545495899, 0.07166628179715216, 0.006034945846594361, 0.014756335753768828, 0.0010247960426076788], [0.9950002721238602, 0.0009999455752279752, 0.0009999455752279752, 0.0009999455752279752, 0.0009999455752279752, 0.0009999455752279752]], [[0.9950002920060406, 0.000999941598791907, 0.000999941598791907, 0.000999941598791907, 0.000999941598791907, 0.000999941598791907], [0.8856510183108347, 0.0301619908248168, 0.05247531468322619, 0.005811886143798384, 0.024858704117074724, 0.0010410859202491791], [0.07023470725160055, 0.15877592368468646, 0.0010017021532695242, 0.011354415353211814, 0.7576315494039622, 0.0010017021532695242], [0.08286456399787095, 0.23443320902957393, 0.0010200660770924668, 0.018560521501031393, 0.6621015733173388, 0.0010200660770924668], [0.7344266420222957, 0.20071203825705594, 0.0009999985030342, 0.019007554774306067, 0.04385174091513935, 0.0010020255281688805], [0.6765822819257472, 0.23629520947939073, 0.0009999962789493434, 0.020441159004754777, 0.06468135703220868, 0.0009999962789493434], [0.7484879218618308, 0.18584806145625782, 0.0010028362650407394, 0.01929874547237048, 0.04435575940428588, 0.0010066755402142328], [0.7030281165253767, 0.23982554591654284, 0.0009999675749348803, 0.01937119137688354, 0.03577521103132739, 0.0009999675749348803], [0.0839259841892707, 0.13776332192171298, 0.0009999746049755972, 0.01266897639065046, 0.7636417682884147, 0.0009999746049755972], [0.0890003182773612, 0.055262572075496764, 0.0009999844793624898, 0.009135910260332206, 0.8446012304280849, 0.0009999844793624898], [0.8894420402298482, 0.07050813868869477, 0.0010398587009058486, 0.009383782154100344, 0.028582222170737213, 0.0010439580557136264], [0.8312203761475465, 0.13454958275512588, 0.001012856854476633, 0.012110340469543958, 0.02009003444794295, 0.001016809325363882], [0.8951726062450398, 0.07352429537123158, 0.0010467949013031159, 0.009572497513513023, 0.01963291171280156, 0.0010508942561108937], [0.9288780719450823, 0.048115249793659796, 0.0010239287138250242, 0.0053679267704678625, 0.01558664780682938, 0.0010281749701356124], [0.0576467860475776, 0.08194546180413428, 0.0010076842445967034, 0.009414227577831136, 0.8489740566439504, 0.0010117836819097314], [0.811537864497533, 0.15514730334116109, 0.001009416076417164, 0.012069693951224014, 0.01922235358636054, 0.001013368547304413], [0.8942383795498666, 0.0743129931291849, 0.0010466763694270108, 0.009499469663596178, 0.019851705563690494, 0.0010507757242347886], [0.9349260689554698, 0.048285704209436016, 0.0010280835245666598, 0.004845672399500785, 0.009882141130149577, 0.0010323297808772483], [0.9368795594754484, 0.04582401142575469, 0.0010289008756581412, 0.004991496901560294, 0.010242884189609697, 0.0010331471319687294], [0.9390218267262364, 0.04838144709645672, 0.0010223050463841713, 0.004625072119294689, 0.005922627708273033, 0.0010267213033551337], [0.9447539507754306, 0.04415857577307468, 0.0010248221973333273, 0.003884735141154487, 0.005148493478252206, 0.0010294226347546515], [0.018577960094822755, 0.0330424929942164, 0.0009999963800756911, 0.0032287735006472176, 0.9431498098404606, 0.0010009671897773487], [0.020936585226251386, 0.03302103071612404, 0.000999996925766809, 0.0033897383693224127, 0.940651135333444, 0.0010015134290914187], [0.9452577983974251, 0.04355001824397043, 0.0010245833180983883, 0.003916458121535467, 0.005221958163450826, 0.0010291837555197127], [0.9408437002706823, 0.04921358366022893, 0.0010251169819936816, 0.0031629268503082825, 0.004725138997821968, 0.0010295332389646443], [0.04203182629345622, 0.049721527293336044, 0.0009999906850642701, 0.0033406631013022303, 0.9029060019417771, 0.0009999906850642701], [0.8825581983372903, 0.03386342657900468, 0.05577974417067677, 0.005462891452980866, 0.021300751430384207, 0.001034988029663242], [0.9881896195125394, 0.007810446894427655, 0.0009999833982582847, 0.0009999833982582847, 0.0009999833982582847, 0.0009999833982582847], [0.9823654315823824, 0.011990889017491665, 0.0010112564368806418, 0.002609910089484099, 0.0010112564368806418, 0.0010112564368806418], [0.665503146062016, 0.11834720904286551, 0.13697369484725422, 0.017598218996040037, 0.06057775388314265, 0.0009999771686818267], [0.44305639951334125, 0.31795267634730984, 0.0010142091401099812, 0.025554425721719544, 0.21140808013740947, 0.0010142091401099812], [0.6632916959102516, 0.255818095599011, 0.0009999653999267887, 0.019054954881993765, 0.059835322808890104, 0.0009999653999267887], [0.7218871678062095, 0.22192160782877307, 0.0009999837511105588, 0.017348413047159734, 0.03684284381563684, 0.0009999837511105588], [0.7116176111026886, 0.22982902428102017, 0.0009999808928487647, 0.018871445561334434, 0.03768195726925935, 0.0009999808928487647], [0.6300444666313193, 0.2886074485662585, 0.0009999553248624257, 0.019858126896624858, 0.0594900472560726, 0.0009999553248624257], [0.3759354336742359, 0.41974640987839756, 0.0009999609890705584, 0.02981616131117124, 0.1725020731580543, 0.0009999609890705584], [0.5996300702265783, 0.33308688772142564, 0.0009999337124523369, 0.019723269369860442, 0.045559905257230936, 0.0009999337124523369], [0.660238716508954, 0.2940675853267785, 0.000999953296708557, 0.01704318854814951, 0.026650603022700968, 0.000999953296708557], [0.7873781510035812, 0.09444879137412515, 0.09327183428894223, 0.008953031260941621, 0.014946020082562102, 0.0010021719898477934], [0.9950002011959072, 0.0009999597608185999, 0.0009999597608185999, 0.0009999597608185999, 0.0009999597608185999, 0.0009999597608185999]], [[0.9950002301346104, 0.0009999539730779522, 0.0009999539730779522, 0.0009999539730779522, 0.0009999539730779522, 0.0009999539730779522], [0.07276568076766284, 0.07848081152116698, 0.0707229978759916, 0.008652119553544807, 0.7683783983048487, 0.0009999919767852187], [0.7202972097424374, 0.22313833250599602, 0.0009999929574625232, 0.017610559034639237, 0.036953912802002414, 0.0009999929574625232], [0.727953520892631, 0.21045633546183182, 0.0009999979059745103, 0.018201252951433895, 0.04138764398507711, 0.0010012488030516388], [0.6714753460262852, 0.24159885555881988, 0.0009999874847325823, 0.020042739001910993, 0.06488308444351878, 0.0009999874847325823], [0.4469851496246606, 0.30995089949742294, 0.001011144597133482, 0.025286490500341395, 0.21575517118330798, 0.001011144597133482], [0.6668660521541463, 0.24782547387996104, 0.000999987389045506, 0.02153339722986979, 0.061775101957931886, 0.000999987389045506], [0.15102139567903888, 0.27192973473133114, 0.0010596924611290554, 0.024000939242408766, 0.5509253736551456, 0.0010628642309464425], [0.09705658266979475, 0.2164612490484521, 0.001012821653304039, 0.019344034063299487, 0.6651124909118455, 0.001012821653304039], [0.82394444916276, 0.12955698004004565, 0.0010047986096593377, 0.011929486364197649, 0.03255553474279092, 0.0010087510805465865], [0.890980299905845, 0.06868389033404429, 0.001038712433068965, 0.009392952091133626, 0.028861333448031296, 0.0010428117878767428], [0.8886156534510263, 0.07475511866263079, 0.0010393463103882394, 0.00933172432599642, 0.025214711584762135, 0.0010434456651960172], [0.03877589746149485, 0.046598979063839266, 0.0009999831409398887, 0.00542252113240249, 0.9072026360603836, 0.0009999831409398887], [0.938059287565699, 0.046967465692261685, 0.0010243379727922538, 0.0055177890031530685, 0.0074023655363307265, 0.0010287542297632163], [0.03798725763378476, 0.04829291793727734, 0.0009999836485985604, 0.005423831576429402, 0.9062960255553115, 0.0009999836485985604], [0.8947331713773462, 0.07388952650398307, 0.0010481326804781213, 0.009623823346138134, 0.019653114056768665, 0.0010522320352858992], [0.9303145953418468, 0.04715133110524808, 0.0010244471804847863, 0.005257899027882541, 0.015223033907742507, 0.0010286934367953746], [0.03913546880594286, 0.04659134629483445, 0.0009999840156124677, 0.005424778967283568, 0.9068484379007143, 0.0009999840156124677], [0.8947107813641872, 0.07435412893401032, 0.0010454152017530857, 0.008959399182049724, 0.019880760761438975, 0.0010495145565608635], [0.9352663985670789, 0.04787899541288868, 0.0010295604342441672, 0.0049101423344403575, 0.009881096560793164, 0.0010338066905547555], [0.02400257950518385, 0.047933828526239536, 0.0010007838919816401, 0.004525649607470592, 0.9215319575052157, 0.0010052009639085675], [0.9442479339972385, 0.04409452638542142, 0.001024254