{"prediction": [[[0.9950224004417905, 0.0009955199116420117, 0.0009955199116420117, 0.0009955199116420117, 0.0009955199116420117, 0.0009955199116420117], [0.9950224004417905, 0.0009955199116420117, 0.0009955199116420117, 0.0009955199116420117, 0.0009955199116420117, 0.0009955199116420117], [0.9950224004417905, 0.0009955199116420117, 0.0009955199116420117, 0.0009955199116420117, 0.0009955199116420117, 0.0009955199116420117], [0.9950224004417905, 0.0009955199116420117, 0.0009955199116420117, 0.0009955199116420117, 0.0009955199116420117, 0.0009955199116420117], [0.9950224004417905, 0.0009955199116420117, 0.0009955199116420117, 0.0009955199116420117, 0.0009955199116420117, 0.0009955199116420117], [0.9950224004417905, 0.0009955199116420117, 0.0009955199116420117, 0.0009955199116420117, 0.0009955199116420117, 0.0009955199116420117], [0.9950224004417905, 0.0009955199116420117, 0.0009955199116420117, 0.0009955199116420117, 0.0009955199116420117, 0.0009955199116420117], [0.9950224004417905, 0.0009955199116420117, 0.0009955199116420117, 0.0009955199116420117, 0.0009955199116420117, 0.0009955199116420117], [0.9950224004417905, 0.0009955199116420117, 0.0009955199116420117, 0.0009955199116420117, 0.0009955199116420117, 0.0009955199116420117], [0.9950224004417905, 0.0009955199116420117, 0.0009955199116420117, 0.0009955199116420117, 0.0009955199116420117, 0.0009955199116420117], [0.9950224004417905, 0.0009955199116420117, 0.0009955199116420117, 0.0009955199116420117, 0.0009955199116420117, 0.0009955199116420117], [0.9950224004417905, 0.0009955199116420117, 0.0009955199116420117, 0.0009955199116420117, 0.0009955199116420117, 0.0009955199116420117], [0.9950224004417905, 0.0009955199116420117, 0.0009955199116420117, 0.0009955199116420117, 0.0009955199116420117, 0.0009955199116420117], [0.9950224004417905, 0.0009955199116420117, 0.0009955199116420117, 0.0009955199116420117, 0.0009955199116420117, 0.0009955199116420117], [0.9950224004417905, 0.0009955199116420117, 0.0009955199116420117, 0.0009955199116420117, 0.0009955199116420117, 0.0009955199116420117], [0.9950224004417905, 0.0009955199116420117, 0.0009955199116420117, 0.0009955199116420117, 0.0009955199116420117, 0.0009955199116420117], [0.9950224004417905, 0.0009955199116420117, 0.0009955199116420117, 0.0009955199116420117, 0.0009955199116420117, 0.0009955199116420117], [0.9950224004417905, 0.0009955199116420117, 0.0009955199116420117, 0.0009955199116420117, 0.0009955199116420117, 0.0009955199116420117], [0.9950224004417905, 0.0009955199116420117, 0.0009955199116420117, 0.0009955199116420117, 0.0009955199116420117, 0.0009955199116420117], [0.9950224004417905, 0.0009955199116420117, 0.0009955199116420117, 0.0009955199116420117, 0.0009955199116420117, 0.0009955199116420117], [0.9950224004417905, 0.0009955199116420117, 0.0009955199116420117, 0.0009955199116420117, 0.0009955199116420117, 0.0009955199116420117], [0.9950224004417905, 0.0009955199116420117, 0.0009955199116420117, 0.0009955199116420117, 0.0009955199116420117, 0.0009955199116420117], [0.9950224004417905, 0.0009955199116420117, 0.0009955199116420117, 0.0009955199116420117, 0.0009955199116420117, 0.0009955199116420117], [0.9950224004417905, 0.0009955199116420117, 0.0009955199116420117, 0.0009955199116420117, 0.0009955199116420117, 0.0009955199116420117], [0.9950224004417905, 0.0009955199116420117, 0.0009955199116420117, 0.0009955199116420117, 0.0009955199116420117, 0.0009955199116420117], [0.9950224004417905, 0.0009955199116420117, 0.0009955199116420117, 0.0009955199116420117, 0.0009955199116420117, 0.0009955199116420117], [0.9950224004417905, 0.0009955199116420117, 0.0009955199116420117, 0.0009955199116420117, 0.0009955199116420117, 0.0009955199116420117], [0.9950224004417905, 0.0009955199116420117, 0.0009955199116420117, 0.0009955199116420117, 0.0009955199116420117, 0.0009955199116420117], [0.9950224004417905, 0.0009955199116420117, 0.0009955199116420117, 0.0009955199116420117, 0.0009955199116420117, 0.0009955199116420117], [0.9950224004417905, 0.0009955199116420117, 0.0009955199116420117, 0.0009955199116420117, 0.0009955199116420117, 0.0009955199116420117], [0.9950224004417905, 0.0009955199116420117, 0.0009955199116420117, 0.0009955199116420117, 0.0009955199116420117, 0.0009955199116420117], [0.9950224004417905, 0.0009955199116420117, 0.0009955199116420117, 0.0009955199116420117, 0.0009955199116420117, 0.0009955199116420117], [0.9950224004417905, 0.0009955199116420117, 0.0009955199116420117, 0.0009955199116420117, 0.0009955199116420117, 0.0009955199116420117], [0.9950224004417905, 0.0009955199116420117, 0.0009955199116420117, 0.0009955199116420117, 0.0009955199116420117, 0.0009955199116420117], [0.9950224004417905, 0.0009955199116420117, 0.0009955199116420117, 0.0009955199116420117, 0.0009955199116420117, 0.0009955199116420117], [0.9950224004417905, 0.0009955199116420117, 0.0009955199116420117, 0.0009955199116420117, 0.0009955199116420117, 0.0009955199116420117], [0.9950224004417905, 0.0009955199116420117, 0.0009955199116420117, 0.0009955199116420117, 0.0009955199116420117, 0.0009955199116420117], [0.9950224004417905, 0.0009955199116420117, 0.0009955199116420117, 0.0009955199116420117, 0.0009955199116420117, 0.0009955199116420117], [0.9950224004417905, 0.0009955199116420117, 0.0009955199116420117, 0.0009955199116420117, 0.0009955199116420117, 0.0009955199116420117], [0.9950224004417905, 0.0009955199116420117, 0.0009955199116420117, 0.0009955199116420117, 0.0009955199116420117, 0.0009955199116420117]], [[0.9950224004417905, 0.0009955199116420117, 0.0009955199116420117, 0.0009955199116420117, 0.0009955199116420117, 0.0009955199116420117], [0.9832981399675983, 0.008239673538342715, 0.004341904022620244, 0.0009998315968330303, 0.0018525668944460447, 0.0012678839801595892], [0.9831324285932258, 0.008476404073160741, 0.004341904022620245, 0.0009998315968330306, 0.0017815477340006373, 0.0012678839801595894], [0.9829902748549205, 0.008679480842168316, 0.004341904022620245, 0.0009998315968330306, 0.001720624703298365, 0.0012678839801595894], [0.9821065966830705, 0.009941878230525442, 0.004341904022620245, 0.0009998315968330306, 0.0013419054867912278, 0.0012678839801595894], [0.9429559369474365, 0.02453521721423802, 0.017243306433310804, 0.003104750465831585, 0.010849674823184286, 0.0013111141159986377], [0.9265594980393106, 0.03703415433125451, 0.024637053505205283, 0.0036779249829378404, 0.007018735929848109, 0.001072633211443715], [0.021318880183931847, 0.04911043698271465, 0.03103859751164956, 0.004263038791510008, 0.8932052288080471, 0.0010638177221468583], [0.9096820515098402, 0.04269109970162898, 0.03134047758029292, 0.0038781516504363864, 0.011331883507635126, 0.001076336050166405], [0.9251518634229604, 0.03271665910286402, 0.02785276413070434, 0.003729553702786237, 0.009473178393440725, 0.001075981247244218], [0.9950224004417905, 0.0009955199116420117, 0.0009955199116420117, 0.0009955199116420117, 0.0009955199116420117, 0.0009955199116420117], [0.9950224004417905, 0.0009955199116420117, 0.0009955199116420117, 0.0009955199116420117, 0.0009955199116420117, 0.0009955199116420117], [0.07497774847929752, 0.0828341608972158, 0.06967658731260853, 0.008123110710803811, 0.76338839347138, 0.000999999128694344], [0.7001763523998935, 0.11342055676974197, 0.10488434426690947, 0.018941274455966293, 0.061509661424458566, 0.0010678106830301554], [0.7919112862025958, 0.09012980747456047, 0.06510953304216695, 0.014783176560991018, 0.037016609063421406, 0.0010495876562643968], [0.8143141389488657, 0.07576159291248018, 0.06535035252015538, 0.011108985204967331, 0.032403603176032934, 0.0010613272374983879], [0.8662710007909852, 0.06318574095119973, 0.04157913753392485, 0.009657895093102012, 0.018244367993561477, 0.0010618576372268735], [0.029288226415229445, 0.0641384566445878, 0.03932263992053114, 0.00707504634807767, 0.8591145966792711, 0.001061033992302896], [0.8451174282140925, 0.06900746684829334, 0.05419166099415982, 0.008016219340574723, 0.02261312827957742, 0.0010540963233023986], [0.03355233794773064, 0.05975944313414656, 0.036125836222312406, 0.007874247359228015, 0.8616271013388446, 0.001061033997737803], [0.8879419349468978, 0.0541060572002546, 0.03744323634016565, 0.006462726894433382, 0.012984033708698715, 0.0010620109095499258], [0.8600080308329986, 0.05747211460673098, 0.04927748928352385, 0.008698578462893122, 0.02348341354683535, 0.0010603732670180425], [0.9081010194831751, 0.04245062132973218, 0.031718240016633925, 0.005966994505628646, 0.010701290056371118, 0.0010618346084590095], [0.9263441625102957, 0.032894410666120685, 0.02838251296436044, 0.003375507336367386, 0.00793238019318546, 0.0010710263296704475], [0.020750924168007334, 0.02325753282163825, 0.017113719818504954, 0.0026695496095718034, 0.9348997633655827, 0.0013085102166950067], [0.9821530726910889, 0.009875483933356122, 0.004341904022620244, 0.0009998315968330303, 0.001361823775942022, 0.0012678839801595892], [0.005507060284350342, 0.007679265428112464, 0.0039186413940938275, 0.0009998299999423364, 0.980629756521593, 0.0012654463719080503], [0.9829287201597268, 0.008767416121016286, 0.004341904022620244, 0.0009998315968330303, 0.001694244119643973, 0.0012678839801595892], [0.9828588408828972, 0.008867243659344467, 0.004341904022620245, 0.0009998315968330306, 0.0016642958581455196, 0.0012678839801595894], [0.9829051625236594, 0.008801069886826737, 0.004341904022620244, 0.0009998315968330303, 0.0016841479899008377, 0.0012678839801595892], [0.9829051625236594, 0.008801069886826737, 0.004341904022620244, 0.0009998315968330303, 0.0016841479899008377, 0.0012678839801595892], [0.9828823985189645, 0.008833589893534015, 0.004341904022620245, 0.0009998315968330306, 0.0016743919878886551, 0.0012678839801595894], [0.004708495719198399, 0.008820071949758099, 0.0039186413940938275, 0.0009998299999423364, 0.9802875145650993, 0.0012654463719080503], [0.9428642179583486, 0.024666244341506542, 0.017243306433310804, 0.003104750465831585, 0.010810366685003731, 0.0013111141159986377], [0.01585119851538213, 0.035157005162288125, 0.02716294085504542, 0.003709975118730221, 0.9170388341455594, 0.0010800462029947422], [0.9100618493596313, 0.04026772094222893, 0.033273978073879454, 0.007218850163467887, 0.00812336447433045, 0.0010542369864617995], [0.01261249395819719, 0.03363396348033919, 0.02719078320380391, 0.004264261606631453, 0.9212205589329704, 0.0010779388180578934], [0.020553573822997065, 0.02353946188593864, 0.017113719818504954, 0.0026695496095718034, 0.9348151846462925, 0.0013085102166950067], [0.9826092655953266, 0.009223779784445054, 0.004341904022620244, 0.0009998315968330303, 0.0015573350206153427, 0.0012678839801595892], [0.9950224004417905, 0.0009955199116420117, 0.0009955199116420117, 0.0009955199116420117, 0.0009955199116420117, 0.0009955199116420117]], [[0.9950224004417905, 0.0009955199116420117, 0.0009955199116420117, 0.0009955199116420117, 0.0009955199116420117, 0.0009955199116420117], [0.9950224004417905, 0.0009955199116420117, 0.0009955199116420117, 0.0009955199116420117, 0.0009955199116420117, 0.0009955199116420117], [0.9950224004417905, 0.0009955199116420117, 0.0009955199116420117, 0.0009955199116420117, 0.0009955199116420117, 0.0009955199116420117], [0.0051587062454124906, 0.008176914055166537, 0.0039186413940938275, 0.0009998299999423364, 0.9804804619334768, 0.0012654463719080503], [0.9417629147930805, 0.03848591095685261, 0.0009995950468087934, 0.003853279224301917, 0.013592512166053661, 0.0013057878129026526], [0.9205888860115667, 0.0643424556667227, 0.000999866907506849, 0.006188294759444865, 0.00680924549760398, 0.0010712511571549718], [0.8830056644462764, 0.08994239201635369, 0.000999861832530848, 0.01074590414768302, 0.014248157372536834, 0.0010580201846193099], [0.8383870033244895, 0.12388902190159874, 0.0009998617954878088, 0.011157198868366178, 0.024509786495126296, 0.0010571276149313775], [0.8741582925017721, 0.10083273233100283, 0.000999860012352844, 0.009039378431604843, 0.013913603204688615, 0.001056133518578717], [0.8742401898539699, 0.1057080347787691, 0.0009998622871826453, 0.005867065936607157, 0.012126371297533313, 0.0010584758459378542], [0.84516468853432, 0.065140317051213, 0.051366090580033524, 0.009040523448076147, 0.028227638681379057, 0.0010607417049782492], [0.9950224004417905, 0.0009955199116420117, 0.0009955199116420117, 0.0009955199116420117, 0.0009955199116420117, 0.0009955199116420117], [0.7072622370418946, 0.1160992648307858, 0.09931150057321313, 0.01893501726619272, 0.05732215637474085, 0.001069823913172736], [0.6650514044215989, 0.24339345999161113, 0.0009998591743380877, 0.02091656361863271, 0.06858883829668236, 0.0010498744971368448], [0.6705874430773846, 0.23974366942830067, 0.00099986140232455, 0.019545504532388396, 0.06806369033809333, 0.0010598312215084082], [0.7774711825515006, 0.1692641565099, 0.000999855944290632, 0.011381043603241157, 0.039840019701983614, 0.0010437416890840558], [0.7918060661499727, 0.15475564164539007, 0.0009998595926312525, 0.011598037423916262, 0.039785514093862745, 0.0010548810942269614], [0.8005471996550184, 0.1516785537987792, 0.0009998561309067409, 0.010072776615298316, 0.03565017523070854, 0.0010514385692888162], [0.8113764794237877, 0.14633640876826953, 0.0009998545822746592, 0.009925770034706311, 0.030319102850369622, 0.0010423843405922228], [0.8089095540586825, 0.14634672663469755, 0.0009998561220617222, 0.01087106447342247, 0.03182136015114829, 0.0010514385599874841], [0.8222736650904577, 0.13646253279609993, 0.0009998593848834874, 0.010959454556048614, 0.028249767991026038, 0.00105472018148428], [0.8271774144266986, 0.13643568826574232, 0.0009998542466846277, 0.009026387771664689, 0.025318578943517356, 0.0010420763456923483], [0.8434070580653377, 0.12009486424115831, 0.0009998612311497314, 0.009118553063292904, 0.025323157890663313, 0.0010565055083980464], [0.9000337580934367, 0.08217917440819236, 0.0009998615186747057, 0.005402298768517752, 0.010327208707733395, 0.0010576985034453149], [0.920833527639049, 0.06266625925274617, 0.000999866556007169, 0.005589275059979417, 0.008840165623338097, 0.0010709058688802232], [0.9411400649893572, 0.03937569639074297, 0.0009995950468087934, 0.003853279224301917, 0.013325576535886553, 0.0013057878129026526], [0.9818361355766274, 0.013573549701714548, 0.0009993601439187395, 0.0009993601439187395, 0.0013272040269110628, 0.0012643904069094948], [0.9827939363920716, 0.012205262822508608, 0.0009993601439187395, 0.0009993601439187395, 0.001737690090672845, 0.0012643904069094948], [0.005639094497332882, 0.014347000742513332, 0.0009995780887600567, 0.0011553336976334603, 0.9765904809711213, 0.0012685120026388551], [0.9827939363920716, 0.012205262822508608, 0.0009993601439187395, 0.0009993601439187395, 0.001737690090672845, 0.0012643904069094948], [0.9827939363920716, 0.012205262822508608, 0.0009993601439187395, 0.0009993601439187395, 0.001737690090672845, 0.0012643904069094948], [0.004563153345206096, 0.015884059531265888, 0.0009995780887600567, 0.0011553336976334603, 0.9761293633344956, 0.0012685120026388551], [0.9408327858919655, 0.03981466652987402, 0.0009995950468087934, 0.003853279224301917, 0.013193885494147241, 0.0013057878129026526], [0.9096893634662551, 0.07260209398571592, 0.0009998696603999927, 0.005902050348490232, 0.009732586189332187, 0.0010740363498066307], [0.026731282959877384, 0.08734824392097457, 0.000999867694820785, 0.004503701741297236, 0.8793525523027463, 0.001064351380283538], [0.8561308793459432, 0.11038347426931154, 0.0009998580206508052, 0.013312007190191434, 0.018120415216165708, 0.00105336595773713], [0.8982494887895257, 0.08587420843818723, 0.0009998562258575518, 0.004828079401236621, 0.00899600451469262, 0.0010523626305002584], [0.018984012031329843, 0.07130764384386618, 0.0009998721981568858, 0.003716432533897223, 0.9039149733428398, 0.0010770660499102465], [0.02050732907055782, 0.023605525817994702, 0.017113719818504954, 0.0026695496095718034, 0.9347953654666757, 0.0013085102166950067], [0.9950224004417905, 0.0009955199116420117, 0.0009955199116420117, 0.0009955199116420117, 0.0009955199116420117, 0.0009955199116420117]], [[0.9950224004417905, 0.0009955199116420117, 0.0009955199116420117, 0.0009955199116420117, 0.0009955199116420117, 0.0009955199116420117], [0.005757883589378352, 0.007320946420929593, 0.0039186413940938275, 0.0009998299999423364, 0.9807372522237479, 0.0012654463719080503], [0.005473384172869354, 0.007727374158799589, 0.0039186413940938275, 0.0009998299999423364, 0.9806153239023869, 0.0012654463719080503], [0.9950224004417905, 0.0009955199116420117, 0.0009955199116420117, 0.0009955199116420117, 0.0009955199116420117, 0.0009955199116420117], [0.9376773559656356, 0.03155750332888718, 0.01898830369360598, 0.003563709371581757, 0.007140027577164968, 0.001073100063124571], [0.8961245311743542, 0.046915405875311025, 0.03628284824496393, 0.007399859367899597, 0.012213469400158864, 0.0010638859373123428], [0.8404827055656696, 0.12498203765340975, 0.000999862205965062, 0.005962485532814594, 0.026515400926743534, 0.001057508115397524], [0.8092991930005753, 0.1513157543067663, 0.0009998547208928197, 0.011263004101137437, 0.026079668652029136, 0.0010425252185991157], [0.8011796329282392, 0.15140195046171864, 0.0009998642893362711, 0.011130314950580596, 0.03422867071770532, 0.001059566652419889], [0.060459480386974115, 0.15298653882643695, 0.0009998671869267362, 0.01252996037881403, 0.7719613366234674, 0.0010628165973805411], [0.05725443215129857, 0.08037614596093004, 0.0614207259994082, 0.008687582134708053, 0.7912611137297668, 0.0010000000238882198], [0.9950224004417905, 0.0009955199116420117, 0.0009955199116420117, 0.0009955199116420117, 0.0009955199116420117, 0.0009955199116420117], [0.7095791375819418, 0.11003456996308462, 0.09270949135828274, 0.023538308369845787, 0.06308088906470066, 0.001057603662144351], [0.4243680801256527, 0.3247945267143859, 0.0010325164822861566, 0.030160305235819574, 0.21864459609808154, 0.000999975343774213], [0.6530291481102958, 0.24518562112878686, 0.0013419039349301806, 0.023303281258212124, 0.07609051606897221, 0.001049529498802979], [0.68424263437944, 0.2234525863089408, 0.0009998659839476963, 0.014717945800294698, 0.07552255384720043, 0.0010644136801763817], [0.7447760229065075, 0.18930651369711904, 0.0009998523532757538, 0.01642692218092258, 0.047450509804305645, 0.0010401790578695438], [0.071854880741152, 0.17060076751856454, 0.0009998211085828288, 0.017455839495855125, 0.7380888700272628, 0.0009998211085828288], [0.7081364831017891, 0.21530998847192437, 0.000999858551114855, 0.017489856125840444, 0.05700687446079661, 0.0010569392885345767], [0.0789103928357379, 0.1730646264790615, 0.0009998302449934196, 0.01435824403509133, 0.7316670761601225, 0.0009998302449934196], [0.7586519539624859, 0.18050947294586148, 0.0009998507715403046, 0.01090637473460779, 0.04789378036869079, 0.001038567216813928], [0.7213519634344145, 0.20147235745741154, 0.0009998618886736571, 0.015759318117760067, 0.05935617722341337, 0.001060321878326826], [0.8149627469898338, 0.1472132663999015, 0.0009998541592726481, 0.009990037208397903, 0.025792155823823822, 0.001041939418770288], [0.8329178946926328, 0.12923287038693895, 0.000999861039517192, 0.010083269985464254, 0.025709712203047057, 0.0010563916923997645], [0.8927172485409586, 0.08815586341430581, 0.0009998620510969084, 0.005617161773109866, 0.011451638710681162, 0.0010582255098475425], [0.017239555098105677, 0.06404948934023683, 0.000999878285065676, 0.003895449175693859, 0.9127324329742943, 0.0010831951266036502], [0.9411568688567289, 0.039351690865926055, 0.0009995950468087932, 0.0038532792243019163, 0.013332778193331623, 0.0013057878129026524], [0.9817510633785816, 0.013695081413208432, 0.0009993601439187393, 0.0009993601439187393, 0.0012907445134628965, 0.0012643904069094944], [0.9827324107219064, 0.012293156637030374, 0.0009993601439187395, 0.0009993601439187395, 0.001711321946316315, 0.0012643904069094948], [0.9827787105205178, 0.012227014067585243, 0.0009993601439187393, 0.0009993601439187393, 0.0017311647171498535, 0.0012643904069094944], [0.9817030039631929, 0.01376373772090658, 0.0009993601439187393, 0.0009993601439187393, 0.0012701476211534521, 0.0012643904069094944], [0.030173206206786866, 0.042310698873999186, 0.0009995966410941204, 0.003911319543005335, 0.9212958864932373, 0.0013092922418773063], [0.913972526158052, 0.06917350546176072, 0.0009998650000561384, 0.005047816096024025, 0.009736941975807826, 0.0010693453082993435], [0.8807587347570843, 0.09568978679760913, 0.0009998599889955771, 0.005296304052953808, 0.016199133441182283, 0.001056180962174848], [0.8259816810405067, 0.1364127819184795, 0.0009998612326138675, 0.010382381731111823, 0.025166751484858425, 0.0010565425924295992], [0.8204026096697893, 0.13956450769693807, 0.0009998534823611903, 0.010874563249618021, 0.02711717882329817, 0.0010412870779951443], [0.83388055094471, 0.1328426897350661, 0.0009998581005272419, 0.007705041361847288, 0.023518474979354147, 0.001053384878495151], [0.020848760936569084, 0.0966196744608645, 0.000999864365368545, 0.005699070706213183, 0.8747715848157872, 0.0010610447151974212], [0.9231501722723777, 0.036318611276673046, 0.02500025209563429, 0.005941953895618456, 0.008519311653160538, 0.0010696988065361048], [0.9950224004417905, 0.0009955199116420117, 0.0009955199116420117, 0.0009955199116420117, 0.0009955199116420117, 0.0009955199116420117]], [[0.9950224004417905, 0.0009955199116420117, 0.0009955199116420117, 0.0009955199116420117, 0.0009955199116420117, 0.0009955199116420117], [0.982421275113119, 0.009492337616170358, 0.004341904022620245, 0.0009998315968330306, 0.0014767676710977524, 0.0012678839801595894], [0.9437472530409395, 0.023404765652090924, 0.017243306433310804, 0.003104750465831585, 0.011188810291828416, 0.0013111141159986377], [0.9950224004417905, 0.0009955199116420117, 0.0009955199116420117, 0.0009955199116420117, 0.0009955199116420117, 0.0009955199116420117], [0.9950224004417905, 0.0009955199116420117, 0.0009955199116420117, 0.0009955199116420117, 0.0009955199116420117, 0.0009955199116420117], [0.9950224004417905, 0.0009955199116420117, 0.0009955199116420117, 0.0009955199116420117, 0.0009955199116420117, 0.0009955199116420117], [0.831837764207855, 0.07438932193247352, 0.055557657474511725, 0.009440032827968098, 0.0277300741116578, 0.0010451494455338346], [0.12558956394601856, 0.19784331363695085, 0.0009998277927312745, 0.016613769950283474, 0.6579536968812847, 0.0009998277927312745], [0.7675175602997497, 0.17117269947924998, 0.0009998565693079599, 0.015182964058017666, 0.04408255959427402, 0.001044359999400656], [0.7843977786779013, 0.16798280854001474, 0.000999862456525136, 0.013051864927738072, 0.03250990899201645, 0.0010577764058044181], [0.8256549226556875, 0.08614763113995422, 0.05351407079677805, 0.008794239171415254, 0.024821521064250004, 0.0010676151719151154], [0.9950224004417905, 0.0009955199116420117, 0.0009955199116420117, 0.0009955199116420117, 0.0009955199116420117, 0.0009955199116420117], [0.9950237620955412, 0.0009952475808918438, 0.0009952475808918438, 0.0009952475808918438, 0.0009952475808918438, 0.0009952475808918438], [0.22159080298748798, 0.054322068154860514, 0.0528257676683345, 0.007718352678373131, 0.6625435618067883, 0.0009994467041557595], [0.056015777662203, 0.10400418185170877, 0.000998825691752679, 0.008408725611853234, 0.8295736634907297, 0.000998825691752679], [0.03893029729006843, 0.08966360892200426, 0.000998821767912659, 0.007715975101022094, 0.86169247515108, 0.000998821767912659], [0.04042087564686202, 0.08503841204170147, 0.0009988214456168605, 0.00709194534643628, 0.8654511240737666, 0.0009988214456168605], [0.05069605134674499, 0.10041040371591096, 0.0009988271963572353, 0.00757625670471406, 0.8393196338399157, 0.0009988271963572353], [0.7711002992985937, 0.1827857073236294, 0.0009988605711057903, 0.009404444211083128, 0.03471182802448225, 0.0009988605711057903], [0.7792327268298835, 0.18154761960584634, 0.0009988634850928008, 0.0066966005350998685, 0.030525326058984767, 0.0009988634850928008], [0.05336158358677999, 0.17851729794830123, 0.0009988262458956148, 0.008740029383545482, 0.7573834365895821, 0.0009988262458956148], [0.8566303987201321, 0.10657913840489268, 0.0009988611175653012, 0.006780516536069742, 0.02801222410377516, 0.0009988611175653012], [0.8782348867586471, 0.08881495990902841, 0.0009988664328250544, 0.007688282578508706, 0.02326413788816591, 0.0009988664328250544], [0.9181329463187595, 0.062188922936129196, 0.0009988543695634245, 0.0048706130037462865, 0.012809809002238277, 0.0009988543695634245], [0.9264696748937745, 0.056846978171359606, 0.000998863683705125, 0.004000227875177771, 0.010685391692278027, 0.000998863683705125], [0.9539201747279142, 0.03728244103876321, 0.0009988653020878045, 0.0025489484231372233, 0.004250705206009848, 0.0009988653020878045], [0.9665192891324713, 0.02662654951622641, 0.000998872554868029, 0.001896156100778416, 0.0029602601407879457, 0.000998872554868029], [0.9412395805698648, 0.03923353127573191, 0.0009995950468087932, 0.0038532792243019163, 0.013368226070389866, 0.0013057878129026524], [0.9817510633785816, 0.013695081413208432, 0.0009993601439187393, 0.0009993601439187393, 0.0012907445134628965, 0.0012643904069094944], [0.9817510633785816, 0.013695081413208432, 0.0009993601439187393, 0.0009993601439187393, 0.0012907445134628965, 0.0012643904069094944], [0.9404982230976916, 0.04029261337883658, 0.0009995950468087932, 0.0038532792243019163, 0.013050501439458467, 0.0013057878129026524], [0.019303540974705536, 0.07706593124739582, 0.0009998761310670821, 0.003993350373417639, 0.8975562846244644, 0.0010810166489495774], [0.03579308893103536, 0.11479547059518257, 0.000999870055336449, 0.008253311470762805, 0.8390915696600779, 0.0010666892876050281], [0.811805717276461, 0.15086353837721736, 0.0009998551264362055, 0.011777731325608594, 0.023502725927535224, 0.0010504319667415621], [0.8084124621607027, 0.15296938648334427, 0.0009998549547482337, 0.009795605292496805, 0.02677996458123917, 0.0010427265274688697], [0.7241509384745535, 0.2056641304271147, 0.000999862798117696, 0.013273491065270865, 0.05485039609643262, 0.0010611811385106825], [0.8002659616761613, 0.15516799863842215, 0.0009998513348995252, 0.011637623605986133, 0.03088940620390631, 0.0010391585406246365], [0.057338004231094655, 0.13537629997844894, 0.0009998664105265501, 0.009744864571156201, 0.7954789637773139, 0.001062001031459639], [0.8925021724151269, 0.04790313422975643, 0.04052630613799113, 0.004744667518212958, 0.013268708222344196, 0.0010550114765684679], [0.9950224004417905, 0.0009955199116420117, 0.0009955199116420117, 0.0009955199116420117, 0.0009955199116420117, 0.0009955199116420117]], [[0.9950224004417905, 0.0009955199116420117, 0.0009955199116420117, 0.0009955199116420117, 0.0009955199116420117, 0.0009955199116420117], [0.9433217138213773, 0.024012678822894082, 0.017243306433310804, 0.003104750465831585, 0.011006436340587468, 0.0013111141159986377], [0.9353157363338604, 0.05138857918857291, 0.0009998665983476699, 0.0033382180213929603, 0.007886649123949645, 0.0010709507338764065], [0.9246736200112811, 0.037491870017805545, 0.023407558339781316, 0.0035481028563914456, 0.00982362674167703, 0.001055222033063688], [0.9950224004417905, 0.0009955199116420117, 0.0009955199116420117, 0.0009955199116420117, 0.0009955199116420117, 0.0009955199116420117], [0.9950224004417905, 0.0009955199116420117, 0.0009955199116420117, 0.0009955199116420117, 0.0009955199116420117, 0.0009955199116420117], [0.9950224004417905, 0.0009955199116420117, 0.0009955199116420117, 0.0009955199116420117, 0.0009955199116420117, 0.0009955199116420117], [0.7072535418541701, 0.1051379680916508, 0.1039529723945674, 0.016765327670820947, 0.06583058696211436, 0.0010596030266765122], [0.6884328428662746, 0.221337168083793, 0.0009998625270934568, 0.019400703801808028, 0.06876849710128764, 0.0010609256197432963], [0.7805999061209651, 0.1696261409093716, 0.0009998582652921719, 0.016008555718053128, 0.031719458581168904, 0.0010460804051492124], [0.8008785180922584, 0.09139732344047022, 0.05840292018381802, 0.013087173861316274, 0.035163827923572734, 0.001070236498564353], [0.9950224004417905, 0.0009955199116420117, 0.0009955199116420117, 0.0009955199116420117, 0.0009955199116420117, 0.0009955199116420117], [0.9950237620955412, 0.0009952475808918438, 0.0009952475808918438, 0.0009952475808918438, 0.0009952475808918438, 0.0009952475808918438], [0.8526049472709, 0.05421171398006408, 0.04979089031276519, 0.00963241821757654, 0.032760548063851785, 0.0009994821548425235], [0.8706159193269818, 0.09455064463440149, 0.0009988547369167696, 0.007818834536913516, 0.025016892027869744, 0.0009988547369167696], [0.042743331448876334, 0.08799907563224757, 0.0009988190618223937, 0.008080007688947195, 0.8591799471062842, 0.0009988190618223937], [0.8617188240035951, 0.09918385338223283, 0.0009988723197376966, 0.009108295152248164, 0.027991282822448643, 0.0009988723197376966], [0.20929898026348745, 0.18452515700583275, 0.00099881904505245, 0.007168339737995637, 0.5970098849025793, 0.00099881904505245], [0.4218984217148425, 0.38367354178047863, 0.0009988232392847453, 0.012462907554562017, 0.1799674824715475, 0.0009988232392847453], [0.14397175713427704, 0.19185650331705692, 0.000998823564884403, 0.011323613435739347, 0.650850478983158, 0.000998823564884403], [0.6777279686944823, 0.27616609428936595, 0.0009988465543651595, 0.007411787224349112, 0.03669645668307238, 0.0009988465543651595], [0.6715437128212323, 0.2174560980334304, 0.000998818281896688, 0.010708449189043385, 0.09829410339250062, 0.000998818281896688], [0.7881840085466372, 0.10214415842051945, 0.0009988577341289672, 0.005299479732679505, 0.1023746378319059, 0.0009988577341289672], [0.8810294837016831, 0.0856539503459448, 0.0009988641814719233, 0.007378135863233145, 0.023940701726195352, 0.0009988641814719233], [0.9236402178537728, 0.05949159539253698, 0.0009988545555385951, 0.004961036757697556, 0.009909440884915414, 0.0009988545555385951], [0.9313983190804849, 0.05350853719346237, 0.0009988635805103204, 0.0032831142197279834, 0.009812302345304197, 0.0009988635805103204], [0.010274943158620455, 0.03629753748451379, 0.0009988680315538602, 0.0020823175681290375, 0.949347465725629, 0.0009988680315538602], [0.9278713197986196, 0.05889461233067757, 0.0009998653677912059, 0.004233835996677257, 0.0069306399831672045, 0.0010697265230671538], [0.9410415709713522, 0.03951640213075018, 0.0009995950468087934, 0.003853279224301917, 0.01328336481388439, 0.0013057878129026526], [0.9399854178687452, 0.04102519227733136, 0.0009995950468087932, 0.0038532792243019163, 0.01283072776991003, 0.0013057878129026524], [0.8978610874938305, 0.0804451837839004, 0.0009998663321090682, 0.008514477710750755, 0.011108727014867818, 0.0010706576645413079], [0.8623950653907961, 0.1095054223770077, 0.0009998630852385238, 0.007522766885091412, 0.018517671715952113, 0.0010592105459142148], [0.06795505880206035, 0.16015476702982318, 0.0009998636059029948, 0.014915841795058832, 0.7549152616867469, 0.0010592070804077874], [0.06924492213478121, 0.1681336267440148, 0.000999820461005115, 0.012197615703025478, 0.7484241944961684, 0.000999820461005115], [0.7042401074824408, 0.22247808840717437, 0.0009998639930136025, 0.0126686254319705, 0.058550907827973196, 0.0010624068574275492], [0.702990494902468, 0.21055425915806156, 0.0009998576539071418, 0.019256116256455312, 0.06515097756552882, 0.0010482944635790757], [0.7075478113179848, 0.20857368502787785, 0.000999862424834017, 0.01637051352160693, 0.06544730819473471, 0.0010608195129615085], [0.7963056573642825, 0.1587727226295721, 0.0009998475181314072, 0.013095605557074248, 0.029790876309981357, 0.0010352906209583625], [0.043129186486675616, 0.0663712347878213, 0.05434033414906402, 0.00862240954773905, 0.8264710929043859, 0.0010657421243140922], [0.9950224004417905, 0.0009955199116420117, 0.0009955199116420117, 0.0009955199116420117, 0.0009955199116420117, 0.0009955199116420117]], [[0.9950224004417905, 0.0009955199116420117, 0.0009955199116420117, 0.0009955199116420117, 0.0009955199116420117, 0.0009955199116420117], [0.9357013012796336, 0.030420005672893085, 0.023376507585971984, 0.003255328579054849, 0.006174651817079763, 0.0010722050653667549], [0.9097008334304975, 0.07328109081083181, 0.0009998568267301831, 0.004162329666313123, 0.010802883198350377, 0.0010530060672769156], [0.8597962101296691, 0.11031892939631871, 0.000999865211121706, 0.006316179695780915, 0.02150827987486244, 0.0010605356922469733], [0.8459167251461334, 0.06567818742107574, 0.05855669303683453, 0.008308668856839698, 0.020492894118004038, 0.0010468314211126463], [0.773608044499932, 0.08106666691279223, 0.08440851112433348, 0.015692297020409477, 0.04415142719761059, 0.0010730532449221583], [0.9950224004417905, 0.0009955199116420117, 0.0009955199116420117, 0.0009955199116420117, 0.0009955199116420117, 0.0009955199116420117], [0.47045015899261877, 0.13558521402292437, 0.13898309670290618, 0.02781770945735889, 0.22616383360055348, 0.0009999872236382977], [0.671914261268876, 0.2220410143794392, 0.0013780557505224632, 0.01808986501457, 0.0855253635080968, 0.001051440078495646], [0.11179762707906854, 0.22727315694469172, 0.0009998270009072417, 0.018282584028847238, 0.6406469779455781, 0.0009998270009072417], [0.7863107651944515, 0.15989801094885775, 0.000999852263010065, 0.01242545433769536, 0.039325871463748406, 0.00104004579223679], [0.08123016988742902, 0.08736114640870636, 0.060063196818924414, 0.009863198270682638, 0.7604126209855677, 0.0010696676286899172], [0.9950237620955412, 0.0009952475808918438, 0.0009952475808918438, 0.0009952475808918438, 0.0009952475808918438, 0.0009952475808918438], [0.7816168111175564, 0.05253912456760548, 0.12417870102048478, 0.009561323319465711, 0.031104557258866336, 0.0009994827160211737], [0.8809874587990708, 0.08640412822456779, 0.0009988577312141835, 0.006425081953822916, 0.024185615560110302, 0.0009988577312141835], [0.8893850499251815, 0.08033100302135564, 0.0009988593492275082, 0.007200566823867732, 0.02108566153114012, 0.0009988593492275082], [0.03323666389008428, 0.08079902860754946, 0.0009988245820134849, 0.006261168281663413, 0.8777054900566759, 0.0009988245820134849], [0.8548308905118773, 0.09884964281910434, 0.000998873820947875, 0.00788080045526364, 0.03644091857185893, 0.000998873820947875], [0.054768100204632554, 0.3379504697075847, 0.0009988182064248053, 0.007083230121600278, 0.5982005635533331, 0.0009988182064248053], [0.0529522306247683, 0.18199698386520555, 0.0009988253507511441, 0.006514609196455945, 0.7565385256120679, 0.0009988253507511441], [0.052006094802735554, 0.254580701159592, 0.0009988287488497116, 0.007890428898509607, 0.6835251176414635, 0.0009988287488497116], [0.6264774587651653, 0.17833054373662283, 0.0009988613639630088, 0.0077812483565365045, 0.18541302641374952, 0.0009988613639630088], [0.872586666610835, 0.09264989181906416, 0.0009988690745276164, 0.007678901806033665, 0.025086801615012044, 0.0009988690745276164], [0.916582396687834, 0.0638432857702019, 0.0009988545878051574, 0.0055566596724599465, 0.012019948693893914, 0.0009988545878051574], [0.9221508961123474, 0.0621610470603604, 0.000998862690504436, 0.003071422491969137, 0.010618908954314353, 0.000998862690504436], [0.9475757302777197, 0.04291028309915765, 0.0009988591869027623, 0.0024365485758922425, 0.005079719673425099, 0.0009988591869027623], [0.9633106331311087, 0.02950833340011475, 0.0009988743529767057, 0.002002078512619938, 0.0031812062502033765, 0.0009988743529767057], [0.029523197610883064, 0.043239282582433196, 0.0009995966410941204, 0.003911319543005335, 0.9210173113807071, 0.0013092922418773063], [0.02893597863331222, 0.04407816683610583, 0.0009995966410941204, 0.003911319543005335, 0.9207656461046053, 0.0013092922418773063], [0.9010715276601559, 0.07647152453855009, 0.0009998687493097279, 0.005270593682037082, 0.015113370287047408, 0.001073115082899986], [0.8637722762268317, 0.10463359430438429, 0.0009998641679868526, 0.007531736619238858, 0.022002168617311788, 0.0010603600642464938], [0.8142565837069812, 0.14041099296373113, 0.000999863513108078, 0.010749315225916415, 0.032524441126037994, 0.0010588034642249932], [0.7926275411947359, 0.16431503753490984, 0.0009998541722067123, 0.010173780510156306, 0.030841781083947205, 0.0010420055040440204], [0.6930500587901515, 0.22259422486862493, 0.0009998638512454924, 0.018104930746445976, 0.06418867131586897, 0.0010622504276632716], [0.6943829061150083, 0.2202930112515869, 0.0009998608791816827, 0.01574443753052942, 0.06752819819675317, 0.0010515860269404752], [0.448027186121623, 0.2938714572063309, 0.0009998350728581016, 0.03073119444762828, 0.22537049207870163, 0.0009998350728581016], [0.6954542383738718, 0.20965141209179794, 0.0009998583649675444, 0.01777725405819135, 0.07506824005235882, 0.00104899705881261], [0.7260021456399848, 0.18978865780415838, 0.000999862337924285, 0.01798755082693966, 0.06416101451715005, 0.0010607688738428181], [0.8253394948465019, 0.07228309862287903, 0.06716002185954006, 0.009721642162790551, 0.024456669579129144, 0.001039072929159342], [0.9950224004417905, 0.0009955199116420117, 0.0009955199116420117, 0.0009955199116420117, 0.0009955199116420117, 0.0009955199116420117]], [[0.9950224004417905, 0.0009955199116420117, 0.0009955199116420117, 0.0009955199116420117, 0.0009955199116420117, 0.0009955199116420117], [0.9431761900167859, 0.024220569972310348, 0.017243306433310804, 0.003104750465831585, 0.010944068995762588, 0.0013111141159986377], [0.9228984896505708, 0.06019212363784793, 0.0009998699905643042, 0.004862334355892355, 0.009972801252489883, 0.0010743811126346099], [0.8852597661066179, 0.09195609672821417, 0.0009998623276057847, 0.005761260105983611, 0.014964552132414996, 0.0010584625991633333], [0.8416548414925537, 0.12552324677407845, 0.0009998610189857805, 0.00741353844897027, 0.023352216264615498, 0.001056296000796315], [0.06718701810602319, 0.07687881981681849, 0.06303634675949484, 0.008290641681534278, 0.7836071769102428, 0.0009999967258863798], [0.9950224004417905, 0.0009955199116420117, 0.0009955199116420117, 0.0009955199116420117, 0.0009955199116420117, 0.0009955199116420117], [0.7181864737253079, 0.10313258193556382, 0.09615439901087208, 0.015154331198049327, 0.0663122824334694, 0.0010599316967375017], [0.6838755725612595, 0.22232562160403074, 0.0009998660067212593, 0.01558498473679925, 0.07614952931892822, 0.001064425772261065], [0.7785466994460111, 0.16425516662103587, 0.0009998559870515345, 0.015674311763279835, 0.03948020216798222, 0.0010437640146393284], [0.7991757329843794, 0.09486019646880658, 0.05477763934513946, 0.015186005166930796, 0.034933737391404575, 0.0010666886433391618], [0.9950224004417905, 0.0009955199116420117, 0.0009955199116420117, 0.0009955199116420117, 0.0009955199116420117, 0.0009955199116420117], [0.9950237620955412, 0.0009952475808918438, 0.0009952475808918438, 0.0009952475808918438, 0.0009952475808918438, 0.0009952475808918438], [0.30117629046337685, 0.05464951579567589, 0.12532415334002725, 0.006967069536267167, 0.5108835217705596, 0.000999449094093242], [0.6234658643795481, 0.3365927115304172, 0.0009988753240378458, 0.00848758020090697, 0.02945609324105204, 0.0009988753240378458], [0.03789411764295806, 0.0783410413210639, 0.0009988210439814396, 0.0054628918904225145, 0.8763043070575927, 0.0009988210439814396], [0.8913675610836096, 0.08287710498116478, 0.0009988639752428268, 0.005098451958096963, 0.01865915402664322, 0.0009988639752428268], [0.035277745134819, 0.08301319822004127, 0.000998818947453029, 0.006130932818988109, 0.8735804859312457, 0.000998818947453029], [0.79813557881949, 0.16879292493394454, 0.0009988713172253028, 0.009172609243962493, 0.021901144368152527, 0.0009988713172253028], [0.8948603982229643, 0.08280596708293421, 0.0009988547269578396, 0.004558712516770874, 0.015777212723414893, 0.0009988547269578396], [0.033495399604876394, 0.07836630147214027, 0.