{"prediction": [[[0.9950224004417905, 0.0009955199116420117, 0.0009955199116420117, 0.0009955199116420117, 0.0009955199116420117, 0.0009955199116420117], [0.9950224004417905, 0.0009955199116420117, 0.0009955199116420117, 0.0009955199116420117, 0.0009955199116420117, 0.0009955199116420117], [0.9950224004417905, 0.0009955199116420117, 0.0009955199116420117, 0.0009955199116420117, 0.0009955199116420117, 0.0009955199116420117], [0.9950224004417905, 0.0009955199116420117, 0.0009955199116420117, 0.0009955199116420117, 0.0009955199116420117, 0.0009955199116420117], [0.9950224004417905, 0.0009955199116420117, 0.0009955199116420117, 0.0009955199116420117, 0.0009955199116420117, 0.0009955199116420117], [0.9950224004417905, 0.0009955199116420117, 0.0009955199116420117, 0.0009955199116420117, 0.0009955199116420117, 0.0009955199116420117], [0.9950224004417905, 0.0009955199116420117, 0.0009955199116420117, 0.0009955199116420117, 0.0009955199116420117, 0.0009955199116420117], [0.9950224004417905, 0.0009955199116420117, 0.0009955199116420117, 0.0009955199116420117, 0.0009955199116420117, 0.0009955199116420117], [0.9950224004417905, 0.0009955199116420117, 0.0009955199116420117, 0.0009955199116420117, 0.0009955199116420117, 0.0009955199116420117], [0.9950224004417905, 0.0009955199116420117, 0.0009955199116420117, 0.0009955199116420117, 0.0009955199116420117, 0.0009955199116420117], [0.9950224004417905, 0.0009955199116420117, 0.0009955199116420117, 0.0009955199116420117, 0.0009955199116420117, 0.0009955199116420117], [0.9950224004417905, 0.0009955199116420117, 0.0009955199116420117, 0.0009955199116420117, 0.0009955199116420117, 0.0009955199116420117], [0.9950224004417905, 0.0009955199116420117, 0.0009955199116420117, 0.0009955199116420117, 0.0009955199116420117, 0.0009955199116420117], [0.9950224004417905, 0.0009955199116420117, 0.0009955199116420117, 0.0009955199116420117, 0.0009955199116420117, 0.0009955199116420117], [0.9950224004417905, 0.0009955199116420117, 0.0009955199116420117, 0.0009955199116420117, 0.0009955199116420117, 0.0009955199116420117], [0.9950224004417905, 0.0009955199116420117, 0.0009955199116420117, 0.0009955199116420117, 0.0009955199116420117, 0.0009955199116420117], [0.9950224004417905, 0.0009955199116420117, 0.0009955199116420117, 0.0009955199116420117, 0.0009955199116420117, 0.0009955199116420117], [0.9950224004417905, 0.0009955199116420117, 0.0009955199116420117, 0.0009955199116420117, 0.0009955199116420117, 0.0009955199116420117], [0.9950224004417905, 0.0009955199116420117, 0.0009955199116420117, 0.0009955199116420117, 0.0009955199116420117, 0.0009955199116420117], [0.9950224004417905, 0.0009955199116420117, 0.0009955199116420117, 0.0009955199116420117, 0.0009955199116420117, 0.0009955199116420117], [0.9950224004417905, 0.0009955199116420117, 0.0009955199116420117, 0.0009955199116420117, 0.0009955199116420117, 0.0009955199116420117], [0.9950224004417905, 0.0009955199116420117, 0.0009955199116420117, 0.0009955199116420117, 0.0009955199116420117, 0.0009955199116420117], [0.9950224004417905, 0.0009955199116420117, 0.0009955199116420117, 0.0009955199116420117, 0.0009955199116420117, 0.0009955199116420117], [0.9950224004417905, 0.0009955199116420117, 0.0009955199116420117, 0.0009955199116420117, 0.0009955199116420117, 0.0009955199116420117], [0.9950224004417905, 0.0009955199116420117, 0.0009955199116420117, 0.0009955199116420117, 0.0009955199116420117, 0.0009955199116420117], [0.9950224004417905, 0.0009955199116420117, 0.0009955199116420117, 0.0009955199116420117, 0.0009955199116420117, 0.0009955199116420117], [0.9950224004417905, 0.0009955199116420117, 0.0009955199116420117, 0.0009955199116420117, 0.0009955199116420117, 0.0009955199116420117], [0.9950224004417905, 0.0009955199116420117, 0.0009955199116420117, 0.0009955199116420117, 0.0009955199116420117, 0.0009955199116420117], [0.9950224004417905, 0.0009955199116420117, 0.0009955199116420117, 0.0009955199116420117, 0.0009955199116420117, 0.0009955199116420117], [0.9950224004417905, 0.0009955199116420117, 0.0009955199116420117, 0.0009955199116420117, 0.0009955199116420117, 0.0009955199116420117], [0.9950224004417905, 0.0009955199116420117, 0.0009955199116420117, 0.0009955199116420117, 0.0009955199116420117, 0.0009955199116420117], [0.9950224004417905, 0.0009955199116420117, 0.0009955199116420117, 0.0009955199116420117, 0.0009955199116420117, 0.0009955199116420117], [0.9950224004417905, 0.0009955199116420117, 0.0009955199116420117, 0.0009955199116420117, 0.0009955199116420117, 0.0009955199116420117], [0.9950224004417905, 0.0009955199116420117, 0.0009955199116420117, 0.0009955199116420117, 0.0009955199116420117, 0.0009955199116420117], [0.9950224004417905, 0.0009955199116420117, 0.0009955199116420117, 0.0009955199116420117, 0.0009955199116420117, 0.0009955199116420117], [0.9950224004417905, 0.0009955199116420117, 0.0009955199116420117, 0.0009955199116420117, 0.0009955199116420117, 0.0009955199116420117], [0.9950224004417905, 0.0009955199116420117, 0.0009955199116420117, 0.0009955199116420117, 0.0009955199116420117, 0.0009955199116420117], [0.9950224004417905, 0.0009955199116420117, 0.0009955199116420117, 0.0009955199116420117, 0.0009955199116420117, 0.0009955199116420117], [0.9950224004417905, 0.0009955199116420117, 0.0009955199116420117, 0.0009955199116420117, 0.0009955199116420117, 0.0009955199116420117], [0.9950224004417905, 0.0009955199116420117, 0.0009955199116420117, 0.0009955199116420117, 0.0009955199116420117, 0.0009955199116420117]], [[0.9950224004417905, 0.0009955199116420117, 0.0009955199116420117, 0.0009955199116420117, 0.0009955199116420117, 0.0009955199116420117], [0.9831559862292931, 0.00844275030735029, 0.004341904022620245, 0.0009998315968330306, 0.0017916438637437728, 0.0012678839801595894], [0.005530617882792352, 0.00764561171605245, 0.0039186413940938275, 0.0009998299999423364, 0.980639852635211, 0.0012654463719080503], [0.004683971306788049, 0.008855106824630025, 0.0039186413940938275, 0.0009998299999423364, 0.9802770041026377, 0.0012654463719080503], [0.9438856620407651, 0.02320703850948304, 0.017243306433310804, 0.003104750465831585, 0.011248128434610783, 0.0013111141159986377], [0.9615319660149131, 0.019666576807697272, 0.00909034125748606, 0.0023562134850001522, 0.0062825983366053, 0.0010723040982980932], [0.9513658361028309, 0.023335167563101188, 0.01123392022122296, 0.0035862867391306245, 0.00942087365794418, 0.0010579157157702148], [0.9950224004417905, 0.0009955199116420117, 0.0009955199116420117, 0.0009955199116420117, 0.0009955199116420117, 0.0009955199116420117], [0.0537472279454186, 0.04823322762006304, 0.023649039018655265, 0.007294871611914415, 0.8660756443655363, 0.0009999894384124164], [0.9030470814556972, 0.03505091044618473, 0.03447550670132232, 0.009396199890862583, 0.016966836946673062, 0.0010634645592599752], [0.9168498142137405, 0.029560405570149974, 0.02909989088096236, 0.005712774828160371, 0.01771832671667859, 0.001058787790308229], [0.9030905218359229, 0.04201405785097968, 0.026075848949991556, 0.0054032331406799255, 0.022353307526186042, 0.0010630306962400612], [0.8682764608109943, 0.05461209541511791, 0.03958078239255657, 0.010846367392293173, 0.02563744359329465, 0.0010468503957432962], [0.9078109298304489, 0.035596923761916796, 0.028831556275544453, 0.0067955806189024795, 0.019902918896886966, 0.0010620906163004986], [0.9411192061526981, 0.026393378030313042, 0.018472455763345375, 0.0036197254356295067, 0.00933489311118716, 0.001060341506826893], [0.019397942472062116, 0.019179081016759494, 0.011086683278905485, 0.004190293741904546, 0.9450710808234336, 0.0010749186669347952], [0.021401052251855412, 0.022328778416141, 0.017113719818504954, 0.0026695496095718034, 0.9351783896872319, 0.0013085102166950067], [0.968028877241389, 0.015710877115187087, 0.0074906159562971395, 0.0023342530372051744, 0.005359738335774286, 0.001075638314147208], [0.9679605437954489, 0.01298079780654166, 0.007812582332361762, 0.002744886675906824, 0.007440072128802175, 0.001061117260938792], [0.03654683442431404, 0.02097891729660247, 0.013456803502677615, 0.005903555231104668, 0.9220567222128769, 0.0010571673324241747], [0.9950224004417905, 0.0009955199116420117, 0.0009955199116420117, 0.0009955199116420117, 0.0009955199116420117, 0.0009955199116420117], [0.04450551821135612, 0.031293631400546404, 0.027970141632122986, 0.005413852558526914, 0.8897561365383326, 0.0010607196591148381], [0.027950041390165298, 0.023551262248766296, 0.01845691698365332, 0.006079250370918508, 0.9229013597469281, 0.0010611692595684603], [0.9515752023296294, 0.019823306281481837, 0.013391237464986161, 0.0030074895844227393, 0.011128189192347978, 0.0010745751471318457], [0.9439092241377516, 0.02317337837093085, 0.017243306433310804, 0.003104750465831585, 0.011258226476176438, 0.0013111141159986377], [0.9818450151841208, 0.010315566086167594, 0.004341904022620244, 0.0009998315968330303, 0.0012297991300985803, 0.0012678839801595892], [0.0216083662915349, 0.02203261550231316, 0.017113719818504954, 0.0026695496095718034, 0.9352672385613802, 0.0013085102166950067], [0.015869939375338073, 0.017294820084079555, 0.011205457186418594, 0.004206862827767985, 0.9503487064616377, 0.0010742140647579956], [0.9503650518639584, 0.02328796116434689, 0.01483743048690872, 0.002820678442252144, 0.007628497052846534, 0.00106038098968738], [0.9118484548642076, 0.03709239818064056, 0.03154353804347235, 0.005197771486627865, 0.013257395082818207, 0.0010604423422331663], [0.01573851346814621, 0.022863252425097024, 0.0136370178225111, 0.003479918019130978, 0.9432204005275019, 0.001060897737612687], [0.01350112475690557, 0.022763398819262783, 0.012616399976204774, 0.0025744881931620872, 0.9474702031917339, 0.0010743850627308602], [0.9435100244758562, 0.023743663602209954, 0.017243306433310804, 0.003104750465831585, 0.011087140906792707, 0.0013111141159986377], [0.9434807325308274, 0.023785509237965397, 0.017243306433310804, 0.003104750465831585, 0.011074587216066073, 0.0013111141159986377], [0.015850500516285948, 0.022199085098658783, 0.012125447608802008, 0.00262697316277349, 0.9461240753780118, 0.001073918235468013], [0.9362483270591776, 0.032981899171978385, 0.01607547222646414, 0.005219172326945285, 0.008414519405554929, 0.001060609809879613], [0.8942681763985414, 0.04117387396266027, 0.037132261562894876, 0.005951835826531684, 0.020415409296513552, 0.0010584429528581092], [0.8594435260184432, 0.0644871824670788, 0.041490961775987635, 0.008393220515258343, 0.025139443670221594, 0.0010456655530103663], [0.8842769681641026, 0.04191566884848178, 0.04207977789585655, 0.0058392944944968515, 0.024829724954498783, 0.0010585656425634033], [0.9950224004417905, 0.0009955199116420117, 0.0009955199116420117, 0.0009955199116420117, 0.0009955199116420117, 0.0009955199116420117]], [[0.9950224004417905, 0.0009955199116420117, 0.0009955199116420117, 0.0009955199116420117, 0.0009955199116420117, 0.0009955199116420117], [0.9829051625236594, 0.008801069886826737, 0.004341904022620244, 0.0009998315968330303, 0.0016841479899008377, 0.0012678839801595892], [0.981849601831404, 0.01355431219489093, 0.0009993601439187395, 0.0009993601439187395, 0.0013329752789581486, 0.0012643904069094948], [0.0317707668070553, 0.04002846944504428, 0.0009995966410941204, 0.003911319543005335, 0.9219805553219238, 0.0013092922418773063], [0.9491206034834233, 0.03544147519186257, 0.00099986724536852, 0.0044209898185891385, 0.00894544445460866, 0.0010716198061475322], [0.9344915505423905, 0.048484544211146785, 0.0009998606243553695, 0.005270678342815903, 0.009696611878119018, 0.0010567544011724171], [0.8927332873515806, 0.07098732450636258, 0.000999860941782238, 0.008568868172616657, 0.02565442251362949, 0.0010562365140286431], [0.8672751855628696, 0.05975365212983108, 0.0375204930736424, 0.006583253917879912, 0.02781861237663633, 0.0010488029391406489], [0.9950224004417905, 0.0009955199116420117, 0.0009955199116420117, 0.0009955199116420117, 0.0009955199116420117, 0.0009955199116420117], [0.8575107217175417, 0.06248825011709554, 0.04103367381111374, 0.010927917668479687, 0.02699093068893364, 0.0010485059968357515], [0.07223166042449386, 0.09072332267015781, 0.000999860844377939, 0.007659216652050381, 0.8273295151393653, 0.0010564242695547542], [0.845061574857822, 0.11047761602851743, 0.0009998523090384089, 0.009685829484386595, 0.03273506058697095, 0.0010400667332646516], [0.7440425374342207, 0.17722601563700535, 0.000999863602315595, 0.014593194752580266, 0.06207635658681766, 0.0010620319870604626], [0.8531168743067582, 0.10173655230264515, 0.0009998512209779527, 0.007864128559014678, 0.035243604357742195, 0.0010389892528616881], [0.8832200689410864, 0.08513497016396745, 0.0009998616798309083, 0.007740653496766304, 0.02184745112566982, 0.0010569945926790284], [0.026620152937556978, 0.04953800549840391, 0.0009998625781684626, 0.0038004714585066677, 0.9179822939968013, 0.0010592135305626787], [0.954162189605629, 0.0346071588087697, 0.000999867738470142, 0.0036068832228735755, 0.005551815524112288, 0.0010720851001453527], [0.9670352605815328, 0.015230307908397819, 0.00697898087474629, 0.00237695873280701, 0.007319635482171603, 0.0010588564203445256], [0.9950224004417905, 0.0009955199116420117, 0.0009955199116420117, 0.0009955199116420117, 0.0009955199116420117, 0.0009955199116420117], [0.9950224004417905, 0.0009955199116420117, 0.0009955199116420117, 0.0009955199116420117, 0.0009955199116420117, 0.0009955199116420117], [0.9950224004417905, 0.0009955199116420117, 0.0009955199116420117, 0.0009955199116420117, 0.0009955199116420117, 0.0009955199116420117], [0.8527612884780973, 0.060525998200117406, 0.045077340868945256, 0.009389446839316726, 0.031198545015517144, 0.0010473805980060528], [0.885972720257584, 0.07550626219285649, 0.000999862318927291, 0.010549610251812164, 0.025913907266551017, 0.001057637712269032], [0.9178547673863585, 0.050783481067426715, 0.0009998589725883679, 0.007569546783828266, 0.021737202471432553, 0.0010551433183656404], [0.9502311270054896, 0.03360943757984214, 0.0009998662020640225, 0.005589287994263549, 0.008499734665924404, 0.001070546552416304], [0.9416247603998411, 0.03868327437576605, 0.0009995950468087934, 0.003853279224301917, 0.01353330314037963, 0.0013057878129026526], [0.9508594138362346, 0.033830953250025796, 0.000999867723711463, 0.0026624609191391434, 0.010575216225310874, 0.0010720880455779719], [0.938666456217071, 0.04675374764199628, 0.0009998626551296333, 0.0037616953836307806, 0.008759445724954528, 0.001058792377217713], [0.8945854466404042, 0.08047748403161703, 0.0009998621290052442, 0.004594899432669297, 0.018284846235218442, 0.0010574615310860308], [0.042014454009659495, 0.10637336784067322, 0.0009998288641582499, 0.009357283663067205, 0.8402552367582836, 0.0009998288641582499], [0.8978498376112888, 0.07412170410671817, 0.0009998639559336234, 0.004615782582756352, 0.021353515512574466, 0.001059296230728546], [0.9299694794143656, 0.05048752718927216, 0.0009998617446582163, 0.004491870014447404, 0.012993330594387948, 0.0010579310428686342], [0.948605801034347, 0.03609408640801167, 0.000999866957755778, 0.005568221084702105, 0.007660726016769625, 0.0010712984984136377], [0.9446992291958046, 0.03825310079308191, 0.000999866549303956, 0.005553802480873375, 0.009423117711913655, 0.0010708832690223598], [0.931781012018659, 0.05128761721254235, 0.0009998618258142116, 0.002955897842243575, 0.01191759391601736, 0.00105801718472324], [0.8844139180246631, 0.0761355744422961, 0.0009998625336780818, 0.008588707466844816, 0.0288041193251252, 0.0010578182073927157], [0.056944844922615374, 0.117180300790312, 0.0009998341836573686, 0.010971942713012172, 0.8129032432067458, 0.0009998341836573686], [0.7154318363667682, 0.20577569967966652, 0.0021811368258095897, 0.014870986991709426, 0.060676353901213925, 0.0010639862348325038], [0.8401585668664552, 0.07297047679051011, 0.05108137254935757, 0.006794818695740991, 0.027949099557058155, 0.0010456655408780748], [0.9950224004417905, 0.0009955199116420117, 0.0009955199116420117, 0.0009955199116420117, 0.0009955199116420117, 0.0009955199116420117]], [[0.9950224004417905, 0.0009955199116420117, 0.0009955199116420117, 0.0009955199116420117, 0.0009955199116420117, 0.0009955199116420117], [0.9821065966830705, 0.009941878230525442, 0.004341904022620245, 0.0009998315968330306, 0.0013419054867912278, 0.0012678839801595894], [0.9424983097357684, 0.03743534675301249, 0.0009995950468087932, 0.0038532792243019163, 0.013907681427205693, 0.0013057878129026524], [0.9567635718462747, 0.032963201008228124, 0.0009998668765031431, 0.0024298728995898102, 0.005772270948993361, 0.0010712164204107904], [0.022053913060481337, 0.03718888506897207, 0.0009998627400817344, 0.0028929590480999395, 0.9358049781967009, 0.0010594018856639777], [0.8874793134748834, 0.07490985323297902, 0.0009998620843330124, 0.010269315820713673, 0.025284245100001174, 0.0010574102870897553], [0.05982634405669578, 0.10953016789814755, 0.000999813453009196, 0.012656419721910435, 0.8159874414172279, 0.000999813453009196], [0.7291648867393761, 0.19527545862666187, 0.0009998605741396117, 0.013896895771781412, 0.059603944724350495, 0.0010589535636905364], [0.1407895352929107, 0.10674285836723724, 0.0926029838884619, 0.018306792094391684, 0.6405499626150797, 0.001007867741918719], [0.729054614256954, 0.18761704771488344, 0.0009998594284932247, 0.019445361940555128, 0.061825319426837756, 0.001057797232276459], [0.802912674978467, 0.14338801698961706, 0.0009998550745371727, 0.015212447661005529, 0.036444150224177733, 0.0010428550721955647], [0.7269350219244797, 0.18414823696821367, 0.000999860915171655, 0.015435560207517404, 0.07142195834163916, 0.0010593616429785495], [0.7058631235774911, 0.20243741638530782, 0.0009998636046676455, 0.01844820738498571, 0.07119706683937328, 0.0010543222081741636], [0.7408557919676847, 0.17976518023072283, 0.000999865891876006, 0.015426506748753094, 0.061888341170615015, 0.0010643139903484926], [0.8593770951254803, 0.10498785571837194, 0.0009998532358692644, 0.011085772688722743, 0.022508379679163665, 0.0010410435523921736], [0.8920339655608526, 0.06854215422282542, 0.0009998618153554428, 0.011213684412161253, 0.026153165530625837, 0.0010571684581794317], [0.9434372843510846, 0.025248146885199833, 0.01603505678033784, 0.002872269789195049, 0.011348571635988814, 0.0010586705581939802], [0.9950224004417905, 0.0009955199116420117, 0.0009955199116420117, 0.0009955199116420117, 0.0009955199116420117, 0.0009955199116420117], [0.9950224004417905, 0.0009955199116420117, 0.0009955199116420117, 0.0009955199116420117, 0.0009955199116420117, 0.0009955199116420117], [0.9950224004417905, 0.0009955199116420117, 0.0009955199116420117, 0.0009955199116420117, 0.0009955199116420117, 0.0009955199116420117], [0.1560205285012563, 0.10021944618080363, 0.10631552209804247, 0.016453600647882326, 0.6199909074477508, 0.0009999951242645971], [0.12676453988643005, 0.19606534954122634, 0.0009998400149027087, 0.01694015527141382, 0.6582278470379966, 0.0010022682480303946], [0.07841343846857435, 0.11408619109553082, 0.0009998173644830406, 0.012817713358856401, 0.7926830223480725, 0.0009998173644830406], [0.8812824308387767, 0.0718490960562872, 0.0009998614768699538, 0.009078294289094601, 0.0357335665150023, 0.001056750823969165], [0.9196038428278551, 0.055032973838964744, 0.0009998579881318342, 0.0070012809228058165, 0.016307917991229885, 0.0010541264310127316], [0.9319133574823404, 0.047812241135321086, 0.0009998676738072986, 0.007486941558913813, 0.01071559768918379, 0.0010719944604336224], [0.025713168850206764, 0.04400306097794733, 0.0009998637352956067, 0.006701672142765551, 0.9215218584100463, 0.0010603758837384022], [0.0557533989328272, 0.07782389246447546, 0.000999857260759072, 0.008096154560244739, 0.8562738205495481, 0.0010528762321452118], [0.8442935015257768, 0.11730030832361724, 0.0009998534285963468, 0.01031090860971782, 0.026054232110454392, 0.0010411960018373314], [0.09898253974068716, 0.2302510512098034, 0.0009998488628363503, 0.01692710537522377, 0.6518282948220459, 0.0010111599894034576], [0.0545143918686144, 0.10639860935185132, 0.0009998179387180255, 0.008578168284091383, 0.828509194618007, 0.0009998179387180255], [0.8884788643543733, 0.07606169551202689, 0.0009998610034387314, 0.008174667354062477, 0.02522858134750608, 0.0010563304285924515], [0.02132191785745858, 0.05786148741756584, 0.0009998631738756983, 0.008190510904396176, 0.9105663863102902, 0.00105983433641351], [0.9184518340826668, 0.05455128661469078, 0.0009998615849578702, 0.00911514228373727, 0.015824114292814294, 0.001057761141132842], [0.8953549661562286, 0.06874877266343693, 0.000999860543115477, 0.008046363615651806, 0.0257941656041569, 0.0010558714174102612], [0.84981774910365, 0.10644468845406771, 0.0009998519335408674, 0.013476474621989434, 0.028221479855968054, 0.001039756030783727], [0.000995519911642011, 0.000995519911642011, 0.000995519911642011, 0.000995519911642011, 0.000995519911642011, 0.99502240044179], [0.000995519911642011, 0.000995519911642011, 0.000995519911642011, 0.000995519911642011, 0.000995519911642011, 0.99502240044179], [0.7289610359966063, 0.08298563329856387, 0.10766033654935192, 0.013446621403405442, 0.06587045775910629, 0.0010759149929661254], [0.9950224004417905, 0.0009955199116420117, 0.0009955199116420117, 0.0009955199116420117, 0.0009955199116420117, 0.0009955199116420117]], [[0.9950224004417905, 0.0009955199116420117, 0.0009955199116420117, 0.0009955199116420117, 0.0009955199116420117, 0.0009955199116420117], [0.9442897662417683, 0.02262974679376414, 0.017243306433310804, 0.003104750465831585, 0.011421315949326452, 0.0013111141159986377], [0.012732924320761561, 0.023739171211780263, 0.000999868308576945, 0.0028242922302070144, 0.9586305763361337, 0.0010731675925405634], [0.9558777811599699, 0.030646608356040314, 0.0009998615925990132, 0.002966737094601672, 0.008451229968660582, 0.0010577818281285603], [0.911539091848018, 0.06112505853160266, 0.0009998606209521291, 0.00639444650379699, 0.01888560222764396, 0.0010559402679862617], [0.861553796615148, 0.09789218414468474, 0.0009998509883137443, 0.00969463391523133, 0.028820771273278884, 0.0010387630633433842], [0.7254658065920006, 0.19563287829919382, 0.0009998619822835853, 0.013199216177956411, 0.0636418856586982, 0.0010603512898675514], [0.714442195103052, 0.2007183209709189, 0.0009998640178473844, 0.01538733160490003, 0.06739758600457474, 0.001054702298706875], [0.45041854593618313, 0.30327184952648645, 0.0009998422139515534, 0.022626879918360633, 0.22168304019106674, 0.0009998422139515534], [0.6859704316406808, 0.21215706812639346, 0.0009998601384961273, 0.019446179286760033, 0.08037567414046998, 0.0010507866671995256], [0.16377609858763148, 0.23832134794327406, 0.0009998610103742827, 0.021879697316467956, 0.5740002374718483, 0.0010227576704040452], [0.7142017119404886, 0.20740730027085463, 0.0009998600860227282, 0.013060144393903251, 0.06328019697244985, 0.001050786336280917], [0.4499902754107854, 0.267462126247625, 0.0009998509798590685, 0.03341723678527564, 0.24713065959659586, 0.0009998509798590685], [0.7081886032388858, 0.19121199531386096, 0.0009998606667141845, 0.013596137197110284, 0.08495209179393363, 0.0010513117894952215], [0.10719730303472885, 0.1588503423209465, 0.0009998390535603942, 0.01323463832245876, 0.7187165482007748, 0.0010013290675307456], [0.8785640614078836, 0.0821697198152224, 0.000999855987769638, 0.007392565572702459, 0.029830018980593582, 0.0010437782358283204], [0.05002104939668185, 0.030864120677889684, 0.028883147780332893, 0.0063192690609320396, 0.8828558960925875, 0.0010565169915759762], [0.9950224004417905, 0.0009955199116420117, 0.0009955199116420117, 0.0009955199116420117, 0.0009955199116420117, 0.0009955199116420117], [0.7769188559876603, 0.06808287895646808, 0.08424461152217924, 0.011038958621153307, 0.05864952704445397, 0.0010651678680849571], [0.7084008535711345, 0.09687667904505395, 0.10494893942951157, 0.02391454723919372, 0.0648044763266066, 0.0010545043884997915], [0.4480735314040156, 0.24671871568555415, 0.0009994796651532354, 0.023260811447792216, 0.2799479821323315, 0.0009994796651532354], [0.1373244697032295, 0.20056690890762036, 0.0009994875942941055, 0.025235234433357682, 0.6348744117672043, 0.0009994875942941055], [0.770045005632522, 0.15765516935071175, 0.0009995470685767362, 0.012477283964216337, 0.05782344691539655, 0.0009995470685767362], [0.8588580856484993, 0.09518645523150233, 0.0009995176226777168, 0.009007254721478581, 0.03494916915316447, 0.0009995176226777168], [0.896635251208141, 0.06032306619008396, 0.0009995351461113044, 0.011257238575410023, 0.029785373734142518, 0.0009995351461113044], [0.026818632738051674, 0.039665182809004086, 0.0009995422193975186, 0.00627107231216154, 0.9252460277019877, 0.0009995422193975186], [0.9151045991622638, 0.052317738076897886, 0.0009995401014118485, 0.00651725786089948, 0.024061324697115295, 0.0009995401014118485], [0.050038484216263994, 0.08276220934829956, 0.0009994511883305128, 0.009544426026118763, 0.8556559780326567, 0.0009994511883305128], [0.756239227270836, 0.1801744405102832, 0.000999530684368039, 0.012481532796927744, 0.04910573805321713, 0.000999530684368039], [0.5306714304889897, 0.2981057459432158, 0.0009995183408124009, 0.010790772886565572, 0.1584330139996042, 0.0009995183408124009], [0.09427241903575911, 0.26715606566985206, 0.0009994708802457124, 0.01268323803849913, 0.6238893354953983, 0.0009994708802457124], [0.8743712940211856, 0.08761607981491132, 0.0009995192098900142, 0.009075941058630905, 0.02693764668549229, 0.0009995192098900142], [0.03814407146118296, 0.064421984605089, 0.0009995338185172014, 0.0068331162847284094, 0.8886017600119652, 0.0009995338185172014], [0.9167311407530658, 0.0560778303029916, 0.0009995355116411244, 0.006731251791134159, 0.018460706129526182, 0.0009995355116411244], [0.8887042619840996, 0.07469704448674716, 0.0009995180723464776, 0.008489876579160088, 0.026109780805300308, 0.0009995180723464776], [0.7021612882910756, 0.21240310516040092, 0.000999856003614529, 0.016229362266451216, 0.06715194454525657, 0.0010544437332012215], [0.15901767018934052, 0.22535393151283217, 0.0009998341398946454, 0.018079107429402462, 0.5953633799371093, 0.001186076791420873], [0.4249820535497045, 0.3315136884940753, 0.002001753616200692, 0.030259581308224166, 0.21024295673366758, 0.000999966298127868], [0.6716770935507105, 0.10470599294409412, 0.1310866743460258, 0.023755789788564054, 0.0677149298827863, 0.0010595194878193694], [0.9950224004417905, 0.0009955199116420117, 0.0009955199116420117, 0.0009955199116420117, 0.0009955199116420117, 0.0009955199116420117]], [[0.9950224004417905, 0.0009955199116420117, 0.0009955199116420117, 0.0009955199116420117, 0.0009955199116420117, 0.0009955199116420117], [0.9821065966830705, 0.009941878230525442, 0.004341904022620245, 0.0009998315968330306, 0.0013419054867912278, 0.0012678839801595894], [0.9426240140363775, 0.037255769180714014, 0.0009995950468087934, 0.003853279224301917, 0.01396155469889524, 0.0013057878129026526], [0.960588046271976, 0.026977110008581273, 0.0009998665249145353, 0.002914195119208301, 0.007449869855794648, 0.0010709122195253125], [0.9494437520535345, 0.03679474238732482, 0.0009998602392696787, 0.0030934823549548093, 0.008611741672338557, 0.0010564212925776256], [0.9028326862914422, 0.06612030022884915, 0.0009998615869143224, 0.007147199555601419, 0.021843091570102585, 0.001056860767090454], [0.05650440303730505, 0.10053533101809863, 0.0009998161943642215, 0.00951657382627778, 0.8314440597295901, 0.0009998161943642215], [0.7312570510255594, 0.18287897545452866, 0.0009998636295726227, 0.013167892405691177, 0.07063416798544293, 0.0010620494992050486], [0.7121610785436686, 0.18991728417813622, 0.000999863773211852, 0.017580588283394323, 0.07828672313555954, 0.001054462086029469], [0.7357744957183425, 0.1720336137637107, 0.000999864603649139, 0.019586945511712524, 0.0705420980869915, 0.0010629823155936468], [0.8252337959069648, 0.11694188894787341, 0.000999851644618519, 0.011845960469441483, 0.04393905820693888, 0.0010394448241631104], [0.7436522487561363, 0.16659582703570147, 0.0009998645477558225, 0.014797175439615713, 0.07289190193551875, 0.0010629822852718826], [0.7007561930315934, 0.20574308180174122, 0.0009998622310047319, 0.019187380329199966, 0.07226058603975812, 0.001052896566702515], [0.11267599102596726, 0.16538193990210348, 0.0009998389606440524, 0.011722881180892415, 0.7082181226645275, 0.0010012262658652196], [0.8728917378789559, 0.09123334638954551, 0.0009998584950163358, 0.0096320417058888, 0.02419670984252485, 0.0010463056880685045], [0.9145885450892349, 0.035258605466455484, 0.022541170486027547, 0.004536261014793626, 0.022012301822960073, 0.0010631161205283753], [0.9950224004417905, 0.0009955199116420117, 0.0009955199116420117, 0.0009955199116420117, 0.0009955199116420117, 0.0009955199116420117], [0.9950224004417905, 0.0009955199116420117, 0.0009955199116420117, 0.0009955199116420117, 0.0009955199116420117, 0.0009955199116420117], [0.07569122554221622, 0.056484907935789086, 0.03958540664527698, 0.009036394456183604, 0.8182020755895117, 0.0009999898310224169], [0.12476993040391741, 0.17423875637389077, 0.0009998386472212487, 0.015720688977194478, 0.6832699239261429, 0.0010008616716332068], [0.12947744721799007, 0.20832975760045508, 0.000999470640458549, 0.020341875170679685, 0.6398519787299582, 0.000999470640458549], [0.14785750695867575, 0.28969001220529295, 0.0009994739057290385, 0.01841494559333991, 0.5420385874312335, 0.0009994739057290385], [0.766306857106197, 0.14896994699115157, 0.0009995480750448066, 0.0129731812885584, 0.06975091846400344, 0.0009995480750448066], [0.784822293382664, 0.1449269552856414, 0.000999546917579682, 0.01519937446326918, 0.05305228303326608, 0.000999546917579682], [0.8853827283250685, 0.07672500892153876, 0.000999520744473218, 0.005485369965389353, 0.030407851299057126, 0.000999520744473218], [0.9072190289714003, 0.05715029913958054, 0.0009995364019353698, 0.006096956679844684, 0.02753464240530377, 0.0009995364019353698], [0.8982425991903391, 0.06869131974801747, 0.0009995193625137253, 0.00854636118347908, 0.02252068115313704, 0.0009995193625137253], [0.791464223861346, 0.13530123889312115, 0.000999546140492801, 0.016932490757520947, 0.05430295420702652, 0.000999546140492801], [0.11040335005600549, 0.19043307781864569, 0.000999455464461382, 0.014975219357855915, 0.6821894418385702, 0.000999455464461382], [0.34187996060164083, 0.4634594757750633, 0.000999453514252945, 0.022432207539739707, 0.1702294490550503, 0.000999453514252945], [0.5338657768077408, 0.18832995119293586, 0.000999530705771881, 0.017854389821064992, 0.2579508207667145, 0.000999530705771881], [0.7658988209703205, 0.162023175790425, 0.00099954166197519, 0.013116158481154301, 0.05696276143415001, 0.00099954166197519], [0.04318735361086915, 0.07673530772482282, 0.0009994550687984541, 0.0088941486793194, 0.8691842798473919, 0.0009994550687984541], [0.9098950180542011, 0.06207105831201169, 0.0009995373527592255, 0.006663766999023411, 0.019371081929245405, 0.0009995373527592255], [0.9046574191831165, 0.059443118765159585, 0.0009995398168586604, 0.0067085757130542585, 0.027191806704952543, 0.0009995398168586604], [0.07575519243963107, 0.11234389293225569, 0.0009998178953492937, 0.009639975940280952, 0.8002613028971338, 0.0009998178953492937], [0.6730807794617365, 0.2377412186527726, 0.0009998560986824124, 0.01615450684960023, 0.07096910002217408, 0.0010545389150342322], [0.6574707768536947, 0.2582236733295331, 0.0009998637283342882, 0.01677165545283907, 0.06547961068698842, 0.001054419948610296], [0.11984015925818907, 0.10776299280074687, 0.1268896206156758, 0.016998298793713295, 0.6274908860632064, 0.0010180424684685105], [0.9950224004417905, 0.0009955199116420117, 0.0009955199116420117, 0.0009955199116420117, 0.0009955199116420117, 0.0009955199116420117]], [[0.9950224004417905, 0.0009955199116420117, 0.0009955199116420117, 0.0009955199116420117, 0.0009955199116420117, 0.0009955199116420117], [0.9829051625236594, 0.008801069886826737, 0.004341904022620244, 0.0009998315968330303, 0.0016841479899008377, 0.0012678839801595892], [0.981764529633358, 0.013675843906384813, 0.0009993601439187393, 0.0009993601439187393, 0.0012965157655099823, 0.0012643904069094944], [0.03130529987706267, 0.0406934222021766, 0.0009995966410941202, 0.003911319543005334, 0.9217810694947839, 0.001309292241877306], [0.9521210956729262, 0.0352596057466758, 0.0009998681864694663, 0.0039215795197864904, 0.0066253144414550845, 0.0010725364326869646], [0.9378953913300095, 0.04418893661830214, 0.0009998627114782609, 0.004773940121940269, 0.011082959955557381, 0.001058909262712279], [0.06809610700717403, 0.0709145937368301, 0.0009998604564741902, 0.008363510740198407, 0.8505698653273649, 0.001056062731958503], [0.8436342351329481, 0.10881367157124658, 0.0009998529447792952, 0.010449878121758346, 0.0350616012081916, 0.0010407610210761092], [0.7448420560324792, 0.17690234219299797, 0.0009998666643325493, 0.010683188356663853, 0.06550744838100037, 0.0010650983725261395], [0.8514069450483894, 0.09783131086742028, 0.0009998549314542682, 0.010510212080516532, 0.03820892329126875, 0.0010427537809508248], [0.8668188004736954, 0.08787662258813454, 0.00099986112336454, 0.008249356998605675, 0.034998908318428494, 0.0010564504977713907], [0.8617929132032264, 0.08818313388693338, 0.0009998549864128322, 0.010549864289699064, 0.037431476102436106, 0.001042757531292331], [0.7494745146940567, 0.1739339017793713, 0.000999866658513335, 0.016271265372228214, 0.05825535312950311, 0.0010650983663272775], [0.07168482837549152, 0.10566463028994355, 0.000999814747455678, 0.010372277474309273, 0.8102786343653443, 0.000999814747455678], [0.8949139072090251, 0.07183552250735349, 0.0009998619485194924, 0.007195861503303427, 0.023997610059350333, 0.0010572367724479927], [0.9318003825306466, 0.0479740667866876, 0.0009998610891570295, 0.008697059607409557, 0.009471356858215575, 0.0010572731278837037], [0.9491436223467669, 0.021970138148320696, 0.012638366209048924, 0.004419415347918227, 0.010770356469113814, 0.0010581014788315463], [0.9156041766980235, 0.030326404698177042, 0.02216048028905586, 0.006779118906610541, 0.024068364408962872, 0.0010614549991699682], [0.9950224004417905, 0.0009955199116420117, 0.0009955199116420117, 0.0009955199116420117, 0.0009955199116420117, 0.0009955199116420117], [0.11985099030295855, 0.09183401082915144, 0.10149874574848125, 0.01798311980724808, 0.6678278384963169, 0.0010052948158438488], [0.1386650821792893, 0.2818611721310028, 0.0009994676442042453, 0.018547396093335132, 0.5589274143079643, 0.0009994676442042453], [0.4737322772081444, 0.22528041740039337, 0.000999496764586103, 0.02312829504645214, 0.27586001681583805, 0.000999496764586103], [0.7522377457088497, 0.15572446622819652, 0.00099953569487541, 0.021050142605246576, 0.06898857406795648, 0.00099953569487541], [0.6572464994685907, 0.2621551799199702, 0.0009995356621337382, 0.011815234988261874, 0.06678401429890975, 0.0009995356621337382], [0.8047000023344919, 0.12595729413615128, 0.0009995498931073268, 0.013729971649863663, 0.05361363209327866, 0.0009995498931073268], [0.8916852066363147, 0.06914482433776542, 0.0009995182104673259, 0.010381534134206857, 0.026789398470778443, 0.0009995182104673259], [0.9045963363761846, 0.06004345049615823, 0.0009995365138677375, 0.006017811121104531, 0.02734332897881726, 0.0009995365138677375], [0.8797701483578448, 0.07853045774878772, 0.0009995197352504917, 0.009723515038019362, 0.02997683938484725, 0.0009995197352504917], [0.0925031555312353, 0.14718859119561023, 0.0009994773195573046, 0.014492992813595139, 0.7438163058204448, 0.0009994773195573046], [0.7444200031737485, 0.18047537820315993, 0.0009995255421381868, 0.01451512591012174, 0.05859044162869345, 0.0009995255421381868], [0.7751312128803753, 0.15858682125373444, 0.0009995461231079399, 0.011183392132394936, 0.05309948148727934, 0.0009995461231079399], [0.8777459817766706, 0.08550977671592444, 0.0009995140547569908, 0.009504709244892242, 0.02524050415299859, 0.0009995140547569908], [0.9119044796645295, 0.0578161699360557, 0.0009995383903114497, 0.008282431123615949, 0.01999784249517602, 0.0009995383903114497], [0.9360135967421152, 0.04852375340781824, 0.000999534398365582, 0.004232093869507645, 0.00923148718382788, 0.000999534398365582], [0.041892039354024954, 0.06362879952181434, 0.0009995371494567233, 0.01124518948024116, 0.881234897345006, 0.0009995371494567233], [0.8697578773044916, 0.0844962506221312, 0.0009998635258029367, 0.009226568846623656, 0.034460618870713666, 0.0010588208302368975], [0.8119292263554392, 0.12771266164412243, 0.0009998546717174134, 0.011412526176612085, 0.0469032551091363, 0.0010424760429726574], [0.6968120600690257, 0.21824684958290583, 0.0009998621145420282, 0.016995894979805668, 0.06588482434645149, 0.0010605089072690814], [0.8252142828186614, 0.07829117970812059, 0.05147072805862639, 0.013173364961995166, 0.030802476940644828, 0.0010479675119516815], [0.9950224004417905, 0.0009955199116420117, 0.0009955199116420117, 0.0009955199116420117, 0.0009955199116420117, 0.0009955199116420117]], [[0.9950224004417905, 0.0009955199116420117, 0.0009955199116420117, 0.0009955199116420117, 0.0009955199116420117, 0.0009955199116420117], [0.9829287201597268, 0.008767416121016286, 0.004341904022620244, 0.0009998315968330303, 0.001694244119643973, 0.0012678839801595892], [0.981812589048747, 0.01360718759868667, 0.0009993601439187395, 0.0009993601439187395, 0.0013171126578194268, 0.0012643904069094948], [0.9415882432355682, 0.03873544175329841, 0.0009995950468087932, 0.0038532792243019163, 0.013517652927119915, 0.0013057878129026524], [0.020440298075160082, 0.0371153334804571, 0.0009998689817154222, 0.00484589019323762, 0.9355247352516485, 0.0010738740177811696], [0.9226965982872812, 0.05061987705593111, 0.000999862761552204, 0.006370527090259373, 0.01825422551833268, 0.0010589092866434854], [0.8893607096409258, 0.07006193729803659, 0.000999861329073575, 0.011388294522559581, 0.027132546343834916, 0.0010566508655695543], [0.8574910576474108, 0.0995724824698131, 0.000999852892038146, 0.009820274081415378, 0.031075676896642788, 0.0010406560126796716], [0.06329922617693068, 0.09473239258214627, 0.0009998147632046474, 0.008788168183775853, 0.831180583530738, 0.0009998147632046474], [0.8811999306884295, 0.07242248719899651, 0.0009998646508195927, 0.00898631257271143, 0.035331480045955904, 0.001059924843087001], [0.9230514434301733, 0.05333259572019971, 0.0009998590139372666, 0.008429259533827775, 0.013131649670004788, 0.001055192631857362], [0.8828043372567425, 0.07889380089806179, 0.0009998626133552553, 0.007371345278696531, 0.028872766449267027, 0.0010578875038768521], [0.8530577074944288, 0.09674854714711109, 0.0009998540003972503, 0.011411001180215177, 0.036741065766446014, 0.0010418244114018434], [0.8523061878931008, 0.10026272877405937, 0.0009998528800945507, 0.009729026351483417, 0.03566149992669822, 0.0010407041745638579], [0.8789946082362656, 0.07055410868097839, 0.0009998616730452934, 0.009614761934803, 0.038779718759439454, 0.0010569407154681766], [0.02704000892283533, 0.04638360559919931, 0.000999864245725905, 0.007903353644601686, 0.9166122946306584, 0.001060872956979365], [0.9422765088206506, 0.03818908612575162, 0.0009998663964706303, 0.006240467017585426, 0.011223347673519483, 0.001070723966022202], [0.020462123905355005, 0.03360014925647931, 0.0009998642924770814, 0.006293910533850748, 0.9375830369037115, 0.0010609151081263845], [0.062389357244849196, 0.03824164259408412, 0.02924522263847616, 0.010073849041723898, 0.8589901793842967, 0.0010597490965698825], [0.9950224004417905, 0.0009955199116420117, 0.0009955199116420117, 0.0009955199116420117, 0.0009955199116420117, 0.0009955199116420117], [0.10516506743881524, 0.0583799284505778, 0.0639547593102721, 0.01380074906543014, 0.7576996842864758, 0.0009998114484290614], [0.6703884739415118, 