{"prediction": [[[0.9950224004417905, 0.0009955199116420117, 0.0009955199116420117, 0.0009955199116420117, 0.0009955199116420117, 0.0009955199116420117], [0.9950224004417905, 0.0009955199116420117, 0.0009955199116420117, 0.0009955199116420117, 0.0009955199116420117, 0.0009955199116420117], [0.9950224004417905, 0.0009955199116420117, 0.0009955199116420117, 0.0009955199116420117, 0.0009955199116420117, 0.0009955199116420117], [0.9950224004417905, 0.0009955199116420117, 0.0009955199116420117, 0.0009955199116420117, 0.0009955199116420117, 0.0009955199116420117], [0.9950224004417905, 0.0009955199116420117, 0.0009955199116420117, 0.0009955199116420117, 0.0009955199116420117, 0.0009955199116420117], [0.9950224004417905, 0.0009955199116420117, 0.0009955199116420117, 0.0009955199116420117, 0.0009955199116420117, 0.0009955199116420117], [0.9950224004417905, 0.0009955199116420117, 0.0009955199116420117, 0.0009955199116420117, 0.0009955199116420117, 0.0009955199116420117], [0.9950224004417905, 0.0009955199116420117, 0.0009955199116420117, 0.0009955199116420117, 0.0009955199116420117, 0.0009955199116420117], [0.9950224004417905, 0.0009955199116420117, 0.0009955199116420117, 0.0009955199116420117, 0.0009955199116420117, 0.0009955199116420117], [0.9950224004417905, 0.0009955199116420117, 0.0009955199116420117, 0.0009955199116420117, 0.0009955199116420117, 0.0009955199116420117], [0.9950224004417905, 0.0009955199116420117, 0.0009955199116420117, 0.0009955199116420117, 0.0009955199116420117, 0.0009955199116420117], [0.9950224004417905, 0.0009955199116420117, 0.0009955199116420117, 0.0009955199116420117, 0.0009955199116420117, 0.0009955199116420117], [0.9950224004417905, 0.0009955199116420117, 0.0009955199116420117, 0.0009955199116420117, 0.0009955199116420117, 0.0009955199116420117], [0.9950224004417905, 0.0009955199116420117, 0.0009955199116420117, 0.0009955199116420117, 0.0009955199116420117, 0.0009955199116420117], [0.9950224004417905, 0.0009955199116420117, 0.0009955199116420117, 0.0009955199116420117, 0.0009955199116420117, 0.0009955199116420117], [0.9950224004417905, 0.0009955199116420117, 0.0009955199116420117, 0.0009955199116420117, 0.0009955199116420117, 0.0009955199116420117], [0.9950224004417905, 0.0009955199116420117, 0.0009955199116420117, 0.0009955199116420117, 0.0009955199116420117, 0.0009955199116420117], [0.9950224004417905, 0.0009955199116420117, 0.0009955199116420117, 0.0009955199116420117, 0.0009955199116420117, 0.0009955199116420117], [0.9950224004417905, 0.0009955199116420117, 0.0009955199116420117, 0.0009955199116420117, 0.0009955199116420117, 0.0009955199116420117], [0.9950224004417905, 0.0009955199116420117, 0.0009955199116420117, 0.0009955199116420117, 0.0009955199116420117, 0.0009955199116420117], [0.9950224004417905, 0.0009955199116420117, 0.0009955199116420117, 0.0009955199116420117, 0.0009955199116420117, 0.0009955199116420117], [0.9950224004417905, 0.0009955199116420117, 0.0009955199116420117, 0.0009955199116420117, 0.0009955199116420117, 0.0009955199116420117], [0.9950224004417905, 0.0009955199116420117, 0.0009955199116420117, 0.0009955199116420117, 0.0009955199116420117, 0.0009955199116420117], [0.9950224004417905, 0.0009955199116420117, 0.0009955199116420117, 0.0009955199116420117, 0.0009955199116420117, 0.0009955199116420117], [0.9950224004417905, 0.0009955199116420117, 0.0009955199116420117, 0.0009955199116420117, 0.0009955199116420117, 0.0009955199116420117], [0.9950224004417905, 0.0009955199116420117, 0.0009955199116420117, 0.0009955199116420117, 0.0009955199116420117, 0.0009955199116420117], [0.9950224004417905, 0.0009955199116420117, 0.0009955199116420117, 0.0009955199116420117, 0.0009955199116420117, 0.0009955199116420117], [0.9950224004417905, 0.0009955199116420117, 0.0009955199116420117, 0.0009955199116420117, 0.0009955199116420117, 0.0009955199116420117], [0.9950224004417905, 0.0009955199116420117, 0.0009955199116420117, 0.0009955199116420117, 0.0009955199116420117, 0.0009955199116420117], [0.9950224004417905, 0.0009955199116420117, 0.0009955199116420117, 0.0009955199116420117, 0.0009955199116420117, 0.0009955199116420117], [0.9950224004417905, 0.0009955199116420117, 0.0009955199116420117, 0.0009955199116420117, 0.0009955199116420117, 0.0009955199116420117], [0.9950224004417905, 0.0009955199116420117, 0.0009955199116420117, 0.0009955199116420117, 0.0009955199116420117, 0.0009955199116420117], [0.9950224004417905, 0.0009955199116420117, 0.0009955199116420117, 0.0009955199116420117, 0.0009955199116420117, 0.0009955199116420117], [0.9950224004417905, 0.0009955199116420117, 0.0009955199116420117, 0.0009955199116420117, 0.0009955199116420117, 0.0009955199116420117], [0.9950224004417905, 0.0009955199116420117, 0.0009955199116420117, 0.0009955199116420117, 0.0009955199116420117, 0.0009955199116420117], [0.9950224004417905, 0.0009955199116420117, 0.0009955199116420117, 0.0009955199116420117, 0.0009955199116420117, 0.0009955199116420117], [0.9950224004417905, 0.0009955199116420117, 0.0009955199116420117, 0.0009955199116420117, 0.0009955199116420117, 0.0009955199116420117], [0.9950224004417905, 0.0009955199116420117, 0.0009955199116420117, 0.0009955199116420117, 0.0009955199116420117, 0.0009955199116420117], [0.9950224004417905, 0.0009955199116420117, 0.0009955199116420117, 0.0009955199116420117, 0.0009955199116420117, 0.0009955199116420117], [0.9950224004417905, 0.0009955199116420117, 0.0009955199116420117, 0.0009955199116420117, 0.0009955199116420117, 0.0009955199116420117]], [[0.9950224004417905, 0.0009955199116420117, 0.0009955199116420117, 0.0009955199116420117, 0.0009955199116420117, 0.0009955199116420117], [0.8244747184032246, 0.07228097119945935, 0.06268978585790354, 0.012147187692299352, 0.02735063734318984, 0.001056699503923395], [0.7662148134061136, 0.0945415965474406, 0.0893263855017769, 0.012847715351217582, 0.03602781760735025, 0.0010416715861009565], [0.6866438139093431, 0.10780269831861865, 0.12538112029279436, 0.020332214787559606, 0.05878130525988512, 0.0010588474317991326], [0.6685513257314286, 0.13236181896156893, 0.13043152284928278, 0.018360190675050635, 0.04925507298331703, 0.0010400687993519832], [0.10098968569417881, 0.10888173906079034, 0.13199798850788783, 0.020721253608140797, 0.6364093395600328, 0.0009999935689695434], [0.06782486335569746, 0.09697395988947739, 0.0891295076207631, 0.016719256225554806, 0.728352424073586, 0.00099998883492131], [0.8277627350573529, 0.07219917198831971, 0.0606313740099655, 0.011045021558026535, 0.02730152577143808, 0.0010601716148973723], [0.9950224004417905, 0.0009955199116420117, 0.0009955199116420117, 0.0009955199116420117, 0.0009955199116420117, 0.0009955199116420117], [0.9281850125464998, 0.032027766096998804, 0.02586459726479834, 0.005299021574922608, 0.007549208274515252, 0.0010743942422651556], [0.02059075551111457, 0.02563992023720348, 0.019044317975761796, 0.002970701411260893, 0.9304519826665446, 0.001302322198114658], [0.980545652679274, 0.011057003800547792, 0.004847604114934579, 0.000999928336281472, 0.0012837730155478557, 0.0012660380534143445], [0.9805202443998222, 0.011093301342621709, 0.004847604114934579, 0.000999928336281472, 0.0012728837529256804, 0.0012660380534143445], [0.9384695844232588, 0.026723687353260223, 0.019184788309512733, 0.003454324764870713, 0.010862955360106235, 0.0013046597889911952], [0.937852693591864, 0.02760495996953875, 0.019184788309512736, 0.003454324764870714, 0.01059857357522268, 0.0013046597889911954], [0.012247814259179887, 0.029766848969328734, 0.026378220452427274, 0.006053623644788526, 0.9244712420320346, 0.0010822506422410812], [0.9380888078974959, 0.027267653818635666, 0.019184788309512733, 0.003454324764870713, 0.010699765420493602, 0.0013046597889911952], [0.9377808739808442, 0.027707559413852424, 0.019184788309512733, 0.003454324764870713, 0.010567793741928575, 0.0013046597889911952], [0.01484451918194366, 0.037017738349228585, 0.027976621097494693, 0.0052544229392617525, 0.9138244478048232, 0.0010822506272482049], [0.025193051761316965, 0.055432576716190105, 0.0367151180212675, 0.005525026745138128, 0.8760656620407549, 0.0010685647153324228], [0.8128975341649769, 0.07526396109313514, 0.07302816445895438, 0.010873934801562252, 0.026881553076922735, 0.0010548524044483628], [0.06895563267282588, 0.08457897157650504, 0.09267534770822816, 0.015709960411049002, 0.7370800949753268, 0.000999992656065045], [0.10615240033175449, 0.11808422671286148, 0.12966104709281995, 0.018192922307010063, 0.6269094109751379, 0.0009999925804161916], [0.6797493187087725, 0.11044702990480552, 0.129342481326274, 0.02078026980891048, 0.05863974191942625, 0.001041158331811362], [0.6816789777148735, 0.10912435092720123, 0.12198015449507049, 0.02038143634680411, 0.06577530692983564, 0.0010597735862149314], [0.7779489192368938, 0.09318215132067952, 0.08299869754193763, 0.013818450303927095, 0.031013044516468056, 0.0010387370800938969], [0.8001310650797948, 0.07231382805703024, 0.07861960746110151, 0.013808013628263897, 0.03406704675773028, 0.0010604390160793276], [0.8507579193288469, 0.06941315757559116, 0.04575445614937419, 0.013211876369575645, 0.01979468840737827, 0.0010679021692338588], [0.06007409614178274, 0.0780846989595679, 0.07205289047871036, 0.012402681936320287, 0.776323253322963, 0.0010623791606556086], [0.7748196081616495, 0.08897842712948945, 0.09066204237912406, 0.010515432330214826, 0.03398978867057224, 0.0010347013289499461], [0.10337738371051626, 0.10250138683830505, 0.14189712422167505, 0.01806853817553131, 0.6331555770596023, 0.0009999899943699932], [0.1112910787972306, 0.11620045873265758, 0.1263898715038034, 0.01819891270005549, 0.6269196951640127, 0.0009999831022401997], [0.7062586331539419, 0.10712286079314803, 0.1170258029574683, 0.017034313023371054, 0.05150495272196071, 0.00105343735011011], [0.7882233302642341, 0.0842638156554744, 0.07795133251461882, 0.01237671309280289, 0.036140727825117056, 0.0010440806477527928], [0.8092925825415451, 0.07815128300145781, 0.06875867326568973, 0.014683048770775652, 0.028053656076874878, 0.0010607563436568245], [0.030661973443602622, 0.0602045798949296, 0.04008532558449088, 0.010108275830955851, 0.8578712838861596, 0.0010685613598613146], [0.8712443628155125, 0.058714788785705095, 0.043905698725867644, 0.011652814914078, 0.013419416204447981, 0.0010629185543888293], [0.9174282149624357, 0.040171265148585225, 0.02820545716174217, 0.005115878502963159, 0.007997067592402242, 0.0010821166318716049], [0.9388816352329864, 0.02613504333936357, 0.019184788309512733, 0.003454324764870713, 0.011039548564275232, 0.0013046597889911952], [0.9950224004417905, 0.0009955199116420117, 0.0009955199116420117, 0.0009955199116420117, 0.0009955199116420117, 0.0009955199116420117]], [[0.9950224004417905, 0.0009955199116420117, 0.0009955199116420117, 0.0009955199116420117, 0.0009955199116420117, 0.0009955199116420117], [0.7808493390181689, 0.08139564846011056, 0.09118555397756589, 0.015939623839604587, 0.029591850878381128, 0.001037983826169093], [0.7491357750777398, 0.18992105530976472, 0.0009996055947638282, 0.013315648575019007, 0.04562830984794889, 0.0009996055947638282], [0.6229712982859813, 0.2056692409740635, 0.000999542794849425, 0.014426195855872412, 0.15493417929438388, 0.000999542794849425], [0.4245462683404324, 0.2796088892703116, 0.0009996019482416765, 0.12706603394780347, 0.16677960454496932, 0.0009996019482416765], [0.7169111497786744, 0.20972496317627823, 0.000999538391708211, 0.019066728812573562, 0.05229808144905735, 0.000999538391708211], [0.08194625464830209, 0.19223449051203634, 0.000999480397620971, 0.11426253473369873, 0.609557759310721, 0.000999480397620971], [0.8291239913586983, 0.07414869804705296, 0.061030160963815645, 0.013099593670384917, 0.021597721943751494, 0.0009998340162966958], [0.9950228956748198, 0.0009954208650361537, 0.0009954208650361537, 0.0009954208650361537, 0.0009954208650361537, 0.0009954208650361537], [0.016518249812617153, 0.0370580693948441, 0.028207816928688307, 0.004121609218544374, 0.9130943973195754, 0.0009998573257307534], [0.9404631549617327, 0.049019544740392294, 0.0009995670262374372, 0.003326397385060657, 0.005191768860339571, 0.0009995670262374372], [0.9490313964900537, 0.034979432737461486, 0.0009995298377784984, 0.0034303021534744143, 0.010519670427582528, 0.0010396683536493133], [0.9484768846255517, 0.03577159254389318, 0.0009995298377784986, 0.003430302153474415, 0.010282022485653023, 0.0010396683536493135], [0.9356180181712055, 0.05248480301550085, 0.0009995692939875774, 0.004591195004272227, 0.005306845221046319, 0.0009995692939875774], [0.9236010521644135, 0.06338477039778838, 0.0009995625920077578, 0.00527812172264626, 0.005736930531136404, 0.0009995625920077578], [0.017143838470838706, 0.0745994983254987, 0.0009995580507115795, 0.005789506241073748, 0.9004680408611658, 0.0009995580507115795], [0.9343578298683046, 0.05463568447946677, 0.000999568159856454, 0.004045949538713786, 0.004961399793801953, 0.000999568159856454], [0.906219557272611, 0.0759719644491596, 0.000999888025906947, 0.0058697064849460075, 0.009867475186178058, 0.0010714085811982643], [0.8855134894878319, 0.09781653924096059, 0.0009998765173771151, 0.005214645521902791, 0.009402903649189324, 0.0010525455827383025], [0.05108730118669909, 0.13517288338984207, 0.0009998879382869974, 0.010972282605706126, 0.8007048295395666, 0.0010628153398990622], [0.7875100984387118, 0.17044046658536943, 0.000999871711594339, 0.015182853084567878, 0.02482701482923102, 0.0010396953505256662], [0.6858215323355803, 0.2363159783228937, 0.0009998819500770864, 0.019142905753128134, 0.05666200717120691, 0.0010576944671136794], [0.6675015537597871, 0.25091405505675785, 0.0009998768682101542, 0.016426914620223405, 0.06311168810427081, 0.0010459115907506965], [0.4018399213329142, 0.35484788712219256, 0.0009998484428804405, 0.03227055207407183, 0.20904194258506076, 0.0009998484428804405], [0.6651139834772832, 0.24623558652237654, 0.0009998759970054967, 0.026064911066230285, 0.06054068929886519, 0.0010449536382392186], [0.10657922793220156, 0.2198974390299699, 0.0009998513732611348, 0.017614878651316408, 0.6539087516399898, 0.0009998513732611348], [0.7697259648231662, 0.1851215789036406, 0.0009998678339810554, 0.012081566419848247, 0.03103515334712273, 0.0010358686722411335], [0.06570835145468318, 0.16567164186400105, 0.0009998901916520996, 0.013322627955625166, 0.7532323938426045, 0.001065094691433882], [0.7766138847977225, 0.17839969130503996, 0.0009998685050628265, 0.01126088950687824, 0.03168915002413695, 0.0010365158611595488], [0.6805144998375581, 0.24047143316694441, 0.0009998820371824577, 0.017831591977903523, 0.05912480100396009, 0.0010577919764514115], [0.10417512666515527, 0.2593394878958793, 0.0009998368543470144, 0.014893587665068207, 0.6195921240652034, 0.0009998368543470144], [0.38179349418239517, 0.40501743067952284, 0.0009998469223540386, 0.03417595664216246, 0.17701342465121145, 0.0009998469223540386], [0.6624021199961438, 0.2511010791906412, 0.000999875779278062, 0.020570991711614642, 0.06388111659286412, 0.0010448167294582439], [0.6946126098347151, 0.2272003955309899, 0.000999881663011304, 0.014727080643556512, 0.061402641094561866, 0.0010573912331652703], [0.7753096262047934, 0.17982230573028474, 0.0009998748972041643, 0.010792395294009086, 0.03203293018665045, 0.0010428676870582565], [0.7868540623488388, 0.1641397987795737, 0.0009998805630129796, 0.018022322163628497, 0.028928680677686284, 0.0010552554672597608], [0.06225475775467473, 0.15541841888265595, 0.0009998912309535138, 0.010692205011951533, 0.7695686005777018, 0.0010661265420624756], [0.8620737630802384, 0.11285038440267471, 0.0009998755586942696, 0.009222590577761987, 0.013801820250955884, 0.0010515661296746758], [0.9102974096313569, 0.0424802960386076, 0.027406255269854653, 0.005915079253783588, 0.012818843214970795, 0.0010821165914264128], [0.9950224004417905, 0.0009955199116420117, 0.0009955199116420117, 0.0009955199116420117, 0.0009955199116420117, 0.0009955199116420117]], [[0.9950224004417905, 0.0009955199116420117, 0.0009955199116420117, 0.0009955199116420117, 0.0009955199116420117, 0.0009955199116420117], [0.05500400891733083, 0.08151050317200523, 0.07118865839914311, 0.009359905926796074, 0.7818767308112825, 0.001060192773442329], [0.04488672569411967, 0.16255945115117823, 0.0009994856838569913, 0.011652246294627178, 0.778902605492361, 0.0009994856838569913], [0.6264208901921928, 0.31653785522208355, 0.000999546147815255, 0.01464976145388917, 0.040392400836203976, 0.000999546147815255], [0.6260631157548442, 0.3034596886249172, 0.000999545774144247, 0.015876060049663944, 0.05260204402228629, 0.000999545774144247], [0.6274413209117233, 0.20445893752830704, 0.0009995505792198295, 0.022315779876564513, 0.14378486052496559, 0.0009995505792198295], [0.06874524763418018, 0.16140094100364125, 0.00099947954188287, 0.009591208477880392, 0.7582636438005325, 0.00099947954188287], [0.836146909538232, 0.07077432242069612, 0.05878870768752135, 0.011277935974517046, 0.02201227487369009, 0.0009998495053434035], [0.9950228956748198, 0.0009954208650361537, 0.0009954208650361537, 0.0009954208650361537, 0.0009954208650361537, 0.0009954208650361537], [0.011473499471239101, 0.040559104534117756, 0.02361710356321391, 0.004813437635313672, 0.918536985103268, 0.0009998696928477518], [0.9483760169593467, 0.03591568920990023, 0.0009995298377784986, 0.003430302153474415, 0.010238793485850908, 0.0010396683536493135], [0.9474582483967592, 0.03722678715645389, 0.0009995298377784984, 0.0034303021534744143, 0.009845464101884808, 0.0010396683536493133], [0.9229096298459123, 0.06286667706928514, 0.0009995681642539988, 0.005327414617256553, 0.006897142139038041, 0.0009995681642539988], [0.016510638929708027, 0.08128668818512551, 0.000999550918962419, 0.005020666354170003, 0.8951829046930717, 0.000999550918962419], [0.015545082792783339, 0.085806634248867, 0.0009995505074966756, 0.005213813892155111, 0.8914353680512013, 0.0009995505074966756], [0.8707898370720321, 0.10565974346040188, 0.0009995415678880728, 0.006123990118357999, 0.015427346213431802, 0.0009995415678880728], [0.8941013649722013, 0.08511822665577164, 0.0009995489000277041, 0.0076250431800376365, 0.01115626739193413, 0.0009995489000277041], [0.8909374426758354, 0.08954767768890938, 0.0009998909651505032, 0.0073703325521107714, 0.010070346894149946, 0.0010743092238438205], [0.8893453864758142, 0.08872657738685949, 0.0009998907202107628, 0.007374828465513308, 0.012479255285430702, 0.0010740616661716088], [0.8629701380566417, 0.11381840945467622, 0.0009998758761496167, 0.009721829626421298, 0.011437814081146759, 0.0010519329049645243], [0.0575953637991079, 0.15242344709175135, 0.000999888163078556, 0.011984663084963284, 0.7759335965342908, 0.0010630413268081624], [0.7803042735594053, 0.17078919002020418, 0.0009998714555126051, 0.014629795204629653, 0.03223737532582381, 0.0010394944344244105], [0.7000686294001276, 0.21559323617138498, 0.0009998827622394115, 0.016878318748530612, 0.06540140339155502, 0.0010585295261623113], [0.6703787204941697, 0.2422969967624792, 0.000999880270619456, 0.023006864846090023, 0.0622682690609227, 0.0010492685657189828], [0.6918493820172689, 0.22219348897843672, 0.000999882031568228, 0.021865075276449854, 0.06203437975338051, 0.0010577919428959386], [0.7692990854858435, 0.17803677603271523, 0.0009998733434688329, 0.017335807097331447, 0.033287096259012224, 0.0010413617816288155], [0.7995044576382399, 0.15963721137318596, 0.0009998789161890283, 0.013464709103936198, 0.025340142778352004, 0.0010536001900970221], [0.8482059580673327, 0.12269580459401609, 0.0009998804293411198, 0.010285102551334437, 0.016756810921609758, 0.0010564434363658157], [0.05972738152425178, 0.1526809127829388, 0.000999883456211503, 0.01045953412087693, 0.7750739190861758, 0.0010583690295451317], [0.7692835712601427, 0.17281294824400414, 0.00099987336584401, 0.01653750437375011, 0.0393247409804269, 0.0010413617758322764], [0.6803669295924658, 0.23407615598061593, 0.0009998810757277385, 0.02044187662455533, 0.06305833292274238, 0.0010568238038928543], [0.6584248714876278, 0.2550973763384519, 0.0009998752946777795, 0.01927750745560289, 0.06515611986541621, 0.0010442495582232583], [0.10981350290944335, 0.23243524812594712, 0.0009998500803868183, 0.025878914110862194, 0.6298726346929738, 0.0009998500803868183], [0.07756554477113545, 0.18996522050145775, 0.0009998483352007717, 0.018352786508477357, 0.7121167515485279, 0.0009998483352007717], [0.08245936967093899, 0.18006137265462316, 0.0009998897961055917, 0.00974866390980834, 0.7256659950449585, 0.001064708923565417], [0.7780516320622839, 0.16814719870054612, 0.0009998828424497906, 0.01648361054678842, 0.035260191403272266, 0.0010574844446595184], [0.7815283510585878, 0.1694276156076078, 0.0009998722917284402, 0.01787998662882242, 0.02912390570058193, 0.0010402687126718061], [0.06519638944802854, 0.15016725372420894, 0.0009998882420337492, 0.013811052547929976, 0.7687622727899703, 0.0010631432478285388], [0.8884949300745429, 0.055928560685918345, 0.03979833343979881, 0.008023433163878654, 0.0066892865936491975, 0.0010654560422119399], [0.9950224004417905, 0.0009955199116420117, 0.0009955199116420117, 0.0009955199116420117, 0.0009955199116420117, 0.0009955199116420117]], [[0.9950224004417905, 0.0009955199116420117, 0.0009955199116420117, 0.0009955199116420117, 0.0009955199116420117, 0.0009955199116420117], [0.8585242531163491, 0.0693636431785482, 0.04622185881215889, 0.008807969737331603, 0.01601849661938202, 0.001063778536230312], [0.8306640589343071, 0.13035772758741296, 0.0009995504752521166, 0.010524029196722825, 0.026455083331053054, 0.0009995504752521166], [0.0586843496259275, 0.14836381647840555, 0.000999483016647089, 0.11146428671876274, 0.6794885811436102, 0.000999483016647089], [0.7344146771010805, 0.19751367271099182, 0.000999551936695553, 0.02031276742573682, 0.04575977888879988, 0.000999551936695553], [0.7809888713164453, 0.16926528773609784, 0.0009995233696287317, 0.012969204611932739, 0.03477758959626667, 0.0009995233696287317], [0.7882150461250843, 0.16561308048591067, 0.0009995209084885895, 0.011998706333943222, 0.03217412523808482, 0.0009995209084885895], [0.8377846202870115, 0.12568906835821428, 0.0009995532370446248, 0.009733338753434755, 0.024793866127250305, 0.0009995532370446248], [0.025224839548991868, 0.05707449036197796, 0.03478308628171864, 0.00887735269536323, 0.873040374820911, 0.0009998562910373038], [0.01483546477513953, 0.08195617477400247, 0.000999584185744587, 0.008256489737148232, 0.8929527023422206, 0.000999584185744587], [0.02121683618369486, 0.0412213377886839, 0.000999531110476426, 0.003481008810079114, 0.9320391156983191, 0.0010421704087466958], [0.01894429058946221, 0.07823607588292865, 0.0009995898505538857, 0.00649176933915438, 0.894328684487347, 0.0009995898505538857], [0.8907465641857173, 0.09104232443646691, 0.00099954319723143, 0.0065135734136756536, 0.009698451569677451, 0.00099954319723143], [0.043060864676852655, 0.13082446793454966, 0.0009995588079910382, 0.008340854754203108, 0.8157746950184126, 0.0009995588079910382], [0.04310836133516092, 0.13103023338286565, 0.0009995588079910382, 0.008340854754203108, 0.8155214329117884, 0.0009995588079910382], [0.8448703618429295, 0.1239913223042851, 0.0009995344537790146, 0.008443688229281382, 0.020695558715945923, 0.0009995344537790146], [0.8572115225238581, 0.11139243790429024, 0.000999552904070552, 0.01055581967080745, 0.018841114092903094, 0.000999552904070552], [0.027664441313443422, 0.12462877492313248, 0.0009998837763590881, 0.010619946166501571, 0.835026767718228, 0.0010601861023354277], [0.8735902636941238, 0.10342826035407213, 0.000999889111149903, 0.010302009612420353, 0.010607110114458232, 0.0010724671137755327], [0.8596561583813194, 0.12060420160279868, 0.000999876498625287, 0.00929822885553132, 0.008389036225600886, 0.0010524984361244762], [0.03492811518014754, 0.12390154002242972, 0.000999879186457839, 0.011268757566127212, 0.8278461358681849, 0.0010555721766527927], [0.05989195415731631, 0.15897561500210494, 0.0009998880491120833, 0.01511223203278845, 0.7639573387755746, 0.0010629719831037633], [0.7823330380106801, 0.17066424562285648, 0.0009998741821343733, 0.013079139330926, 0.031881475352781616, 0.0010422275006214152], [0.6986622581026944, 0.2169393929268906, 0.0009998827404544644, 0.019253193918857728, 0.06308676319868486, 0.0010585091124179818], [0.7794152571272506, 0.17422149193491068, 0.0009998748838150355, 0.012930389459564833, 0.03139013021695605, 0.001042856377502839], [0.8049933565296512, 0.15437310581763325, 0.0009998803050931349, 0.013744872565979841, 0.024833861161118305, 0.0010549236205244761], [0.026746219382223702, 0.11287759197815005, 0.0009998888547091635, 0.011372585937603655, 0.8469384233987778, 0.0010652904485355598], [0.8918765565288237, 0.08569498968646247, 0.0009998874780159336, 0.007192145967878265, 0.013165588524611162, 0.0010708318142085313], [0.8532464060575452, 0.11747152578788835, 0.0009998791682720755, 0.011388163189488005, 0.01583884863753726, 0.0010551771592690667], [0.7879834301960696, 0.1672377561962479, 0.0009998837166916793, 0.013428633969500734, 0.02929188120805699, 0.0010584147134331029], [0.7763118450351404, 0.16706852720586512, 0.0009998751293289981, 0.015188389869325915, 0.03938823305329883, 0.001043129707040779], [0.6912237734207475, 0.2244203697864583, 0.0009998818052652737, 0.020555940606490998, 0.0617425044514812, 0.0010575299295568223], [0.07410954977961536, 0.19841734409904324, 0.0009998463735828376, 0.01678762518012985, 0.708685788194046, 0.0009998463735828376], [0.748461585898185, 0.19490246559434823, 0.000999877362356723, 0.012492004672706608, 0.04209206762750521, 0.0010519988448983604], [0.7565870641224292, 0.1759552509869228, 0.000999880046542057, 0.01805545415560211, 0.04734765519283424, 0.0010546954956697759], [0.7656617995218242, 0.17466854478714192, 0.0009998759901345665, 0.01644641835847894, 0.041179383384967856, 0.0010439779574525868], [0.6922110263185519, 0.22688055697070117, 0.0009998824509844342, 0.020034167970537257, 0.05881619360608274, 0.0010581726831424304], [0.7996004185553968, 0.1512452539639242, 0.0009998774866020734, 0.013593820575010617, 0.03351514905559591, 0.0010454803634704682], [0.8335174892678328, 0.06558059732125537, 0.06446863342586517, 0.008208544890429796, 0.027165990612768375, 0.0010587444818486627], [0.9950224004417905, 0.0009955199116420117, 0.0009955199116420117, 0.0009955199116420117, 0.0009955199116420117, 0.0009955199116420117]], [[0.9950224004417905, 0.0009955199116420117, 0.0009955199116420117, 0.0009955199116420117, 0.0009955199116420117, 0.0009955199116420117], [0.8893152745147136, 0.047120539653253246, 0.03904776284303194, 0.013198402851419641, 0.010235661136654129, 0.0010823590009274042], [0.8743815636210504, 0.09806824485605224, 0.0009995471118037433, 0.011264676189961647, 0.01428642110932837, 0.0009995471118037433], [0.8142383753180272, 0.14170219471039303, 0.0009995455593118094, 0.013887834234017078, 0.02817250461893903, 0.0009995455593118094], [0.6929916995994284, 0.15618723696735867, 0.0009995184760860935, 0.013521895208113564, 0.1353001312729274, 0.0009995184760860935], [0.07489394475987843, 0.16686603518544713, 0.0009994565504851513, 0.011138143266937054, 0.7451029636867671, 0.0009994565504851513], [0.18101095002645748, 0.17808534567737497, 0.0009994625589132256, 0.016599829740868936, 0.6223049494374723, 0.0009994625589132256], [0.8219234696220146, 0.13946817796705827, 0.000999534421770062, 0.010214898230664798, 0.026394385336722278, 0.000999534421770062], [0.8269560080883701, 0.1312089072405746, 0.0009995486873487862, 0.010716347187852563, 0.02911964010850535, 0.0009995486873487862], [0.021702495344294297, 0.10675765810038357, 0.0009995532079966052, 0.00766843095749636, 0.8618723091818328, 0.0009995532079966052], [0.8932572937697327, 0.08769902067223377, 0.000999570684923354, 0.007678854353318778, 0.009365689834868178, 0.000999570684923354], [0.875170700090469, 0.10059038118645447, 0.000999549083583672, 0.008108215873387706, 0.014131604682521401, 0.000999549083583672], [0.8264326677595613, 0.13216645958353493, 0.0009995517737359466, 0.013896628375391122, 0.025505140734040886, 0.0009995517737359466], [0.054450875829647534, 0.1603030720044189, 0.000999471724533048, 0.010229064025225366, 0.7730180446916421, 0.000999471724533048], [0.05742838759150109, 0.15641427771948918, 0.0009994716917851218, 0.012144219992562431, 0.7720141713128772, 0.0009994716917851218], [0.7528536505963339, 0.1849237999894885, 0.00099955253357366, 0.016316881251932303, 0.04390656309509795, 0.00099955253357366], [0.7122107295755948, 0.1491156990424523, 0.000999536637608972, 0.10979356296943839, 0.02688093513729654, 0.000999536637608972], [0.06275432576306551, 0.17490301821444615, 0.0009998832862039046, 0.010658494161358537, 0.7496260723030358, 0.0010582062718902609], [0.8186867686233666, 0.1496805183614697, 0.00099987893182264, 0.012150701936194382, 0.01742716232410372, 0.0010549698230430077], [0.05399452536823461, 0.15294072931498642, 0.0009998804329069402, 0.013050868941358172, 0.7779586677964337, 0.0010553281460801698], [0.8273964097463362, 0.14449697452314778, 0.0009998771692962018, 0.010905484595882071, 0.015148065096125951, 0.0010531888692119976], [0.8503554211706442, 0.12230221717717411, 0.00099987904758619, 0.011561479821714222, 0.013725907282424817, 0.0010550955004563693], [0.8083272992404231, 0.15430130774129466, 0.0009998815603964185, 0.012498766170870161, 0.022816516872895806, 0.0010562284141199308], [0.790593064029626, 0.17020197903775663, 0.0009998757825962726, 0.009834671831123245, 0.02732660299970353, 0.0010438063191941238], [0.052042053672077496, 0.14887713643729555, 0.0009998788124168014, 0.01057444824756587, 0.7864527569996274, 0.0010537258310168711], [0.8585120584159547, 0.11586244437963868, 0.0009998786539878177, 0.0109264522198741, 0.012644467219431185, 0.0010546991111135954], [0.018124499153674468, 0.0889416254125182, 0.0009998948970567853, 0.0057209372032276575, 0.8851343615593841, 0.0010786817741388652], [0.9334898498656183, 0.04807419047528069, 0.0009996621349688663, 0.00428844523285063, 0.011848094836843537, 0.0012997574544379904], [0.8735541812953946, 0.10455246435026141, 0.0009998911426309653, 0.008204328673961765, 0.011614604379817647, 0.0010745301579334508], [0.031245540761239376, 0.12668479183122008, 0.0009998815289393736, 0.011526826328823268, 0.8284849992416317, 0.0010579603081461036], [0.7889230205182345, 0.16649447515078425, 0.0009998837111189266, 0.01154983581471912, 0.03097439289847393, 0.0010583919066692385], [0.7585986099164193, 0.1870722717921742, 0.0009998736267196856, 0.018238863494506003, 0.03404873208199579, 0.0010416490881850547], [0.08181522686572602, 0.19345970437469284, 0.0009998769043029715, 0.011958477706889565, 0.7107148916892825, 0.0010518224591062031], [0.7495162045673578, 0.18898425088093612, 0.0009998713614682464, 0.017064713416623384, 0.04239559720712268, 0.0010393625664919537], [0.733565127248034, 0.2010057862322057, 0.0009998700809753494, 0.018408318448382026, 0.04498280996300485, 0.0010380880273980675], [0.6711551020798363, 0.243071367959741, 0.0009998837245036992, 0.022879426606379222, 0.06083471041130833, 0.0010595092182314736], [0.6806336574292609, 0.22814623455943472, 0.0009998806756782584, 0.020772094575282347, 0.0683984325301314, 0.0010497002302123708], [0.7032054140475628, 0.10181801059999368, 0.10806629907607591, 0.02106290829154555, 0.06478505638394448, 0.001062311600877602], [0.9950224004417905, 0.0009955199116420117, 0.0009955199116420117, 0.0009955199116420117, 0.0009955199116420117, 0.0009955199116420117], [0.9950224004417905, 0.0009955199116420117, 0.0009955199116420117, 0.0009955199116420117, 0.0009955199116420117, 0.0009955199116420117]], [[0.9950224004417905, 0.0009955199116420117, 0.0009955199116420117, 0.0009955199116420117, 0.0009955199116420117, 0.0009955199116420117], [0.026237897444142348, 0.0469167626262279, 0.03680693580565053, 0.009999904201683892, 0.8789471601393432, 0.0010913397829521911], [0.88178889327636, 0.0952800761137832, 0.0009995425202368115, 0.006097468666047256, 0.014834476903336046, 0.0009995425202368115], [0.05915976463520451, 0.14436212103974255, 0.000999551662972133, 0.011573641225022548, 0.7829053697740861, 0.000999551662972133], [0.07294221336184142, 0.156644141588304, 0.0009994628077347196, 0.018367537082071058, 0.7500471823523142, 0.0009994628077347196], [0.7245940358022004, 0.20240001834584823, 0.0009995505493298053, 0.020102801696870242, 0.05090404305642156, 0.0009995505493298053], [0.7256392363451971, 0.20378690516047715, 0.0009995422176861902, 0.01546419193685127, 0.053110582122102144, 0.0009995422176861902], [0.07190603372658128, 0.19060550223731615, 0.0009994622248250913, 0.012634471915350776, 0.7228550676711017, 0.0009994622248250913], [0.8064362638807662, 0.153909704853592, 0.0009995365826933524, 0.01036349080043316, 0.027291467299821875, 0.0009995365826933524], [0.7276178938517512, 0.235237822324443, 0.0009995445257067136, 0.009933071517772226, 0.02521212325462001, 0.0009995445257067136], [0.033909008007675684, 0.12373677663037959, 0.0009995429125163435, 0.008388960896480877, 0.8319661686404312, 0.0009995429125163435], [0.8239570768772435, 0.1389084307664773, 0.0009995519191550084, 0.00986252433384345, 0.025272864184125634, 0.0009995519191550084], [0.7901409318477265, 0.16207931182497906, 0.0009995256554020267, 0.014315843092531935, 0.031464861923958504, 0.0009995256554020267], [0.08087147176170008, 0.20782249968759123, 0.0009994723241783638, 0.020523617181851618, 0.6887834667205004, 0.0009994723241783638], [0.0918932980565928, 0.1950859928602766, 0.0009994692459627317, 0.016640366918485743, 0.6943814036727194, 0.0009994692459627317], [0.7299813041802051, 0.20073790253089266, 0.000999542742507091, 0.01691540454364214, 0.050366303260245826, 0.000999542742507091], [0.7503104192560422, 0.1855810918714597, 0.0009995514352592722, 0.015330635132551444, 0.04677875086942821, 0.0009995514352592722], [0.7276981940991116, 0.2155267168424071, 0.000999867319733966, 0.016648326608692133, 0.03809159583898275, 0.0010352992910722658], [0.07024558053745696, 0.18280338460512383, 0.0009998787328790663, 0.015735772467426103, 0.7291617626581544, 0.0010536209989596606], [0.06776414756677146, 0.1910692381303137, 0.0009998296976481593, 0.012902949912229403, 0.7262640049953892, 0.0009998296976481593], [0.06305382849501752, 0.1669648431001044, 0.0009998788425933792, 0.013622084853783169, 0.7543055951629066, 0.001053769545594967], [0.8390915194901213, 0.13301215336468197, 0.0009998757569547377, 0.010748031226400228, 0.015096656469720996, 0.0010517636921207854], [0.030816829863153438, 0.12389642802019334, 0.0009998771301525165, 0.012003110927479336, 0.8312302038242698, 0.0010535502347514955], [0.04944534268333635, 0.1385404262095115, 0.0009998828267183584, 0.009409910868643562, 0.8005466997790925, 0.001057737632697782], [0.8659452439334858, 0.11225351497352083, 0.0009998773715093078, 0.00824272418213344, 0.011505271732208009, 0.0010533678071427024], [0.8987330349572459, 0.0813587949550698, 0.0009998869768129443, 0.008497399147200274, 0.009340535961484568, 0.001070348002186413], [0.9347201565638635, 0.04631660947778757, 0.0009996621349688663, 0.00428844523285063, 0.012375369136091476, 0.0012997574544379904], [0.9344139719631415, 0.046754016050247794, 0.0009996621349688663, 0.00428844523285063, 0.012244147164353408, 0.0012997574544379904], [0.8871285719342032, 0.0912037391688769, 0.000999888701914218, 0.006362456610227995, 0.013233266577214284, 0.001072077007563547], [0.8786688265383005, 0.10374084157914776, 0.00099988763067557, 0.0071222690300367045, 0.008397209540888947, 0.0010709656809505432], [0.8276558591151458, 0.1382038074965934, 0.00099987983800313, 0.013227209232140545, 0.01885736212709356, 0.001055882191023598], [0.7678730521438659, 0.17806872452992129, 0.0009998796770104399, 0.016401636215445426, 0.03560232597299447, 0.0010543814607624456], [0.7459750390856783, 0.19589896872588258, 0.0009998702204722337, 0.018421334201713907, 0.03766658341725923, 0.0010382043489938458], [0.6621948022018327, 0.24439086019158154, 0.000999878213890077, 0.022903313071673766, 0.06845718771999108, 0.0010539586010309297], [0.6436291191507095, 0.25926203475302717, 0.0009998825818379087, 0.021039404771753607, 0.07401120843332723, 0.001058350309344417], [0.6560870914600833, 0.25915041018600105, 0.0009998785162720933, 0.023122743494938026, 0.059592325006426417, 0.0010475513362790789], [0.4053823724336582, 0.1448287290138903, 0.18049914709717158, 0.025916297005136507, 0.24237349715729023, 0.0009999572928532526], [0.9950224004417905, 0.0009955199116420117, 0.0009955199116420117, 0.0009955199116420117, 0.0009955199116420117, 0.0009955199116420117], [0.7138324788536003, 0.09637553376652816, 0.11316343775039386, 0.01381348061320933, 0.06175537389638413, 0.001059695119884145], [0.9950224004417905, 0.0009955199116420117, 0.0009955199116420117, 0.0009955199116420117, 0.0009955199116420117, 0.0009955199116420117]], [[0.9950224004417905, 0.0009955199116420117, 0.0009955199116420117, 0.0009955199116420117, 0.0009955199116420117, 0.0009955199116420117], [0.02561223884180576, 0.06588615862656956, 0.043169797165813734, 0.009946833372719578, 0.8543144711289168, 0.0010705008641746464], [0.8406826423453767, 0.12632105716728573, 0.0009995513149817679, 0.010119984349536856, 0.020877213507837188, 0.0009995513149817679], [0.8076105479038659, 0.14828230923682612, 0.0009995264508081236, 0.014142976153970751, 0.027965113803721138, 0.0009995264508081236], [0.6347205743278891, 0.18703725176653355, 0.0009995402943733694, 0.018772343455390757, 0.15747074986143977, 0.0009995402943733694], [0.7073403100343265, 0.20856824198387078, 0.0009995319766220602, 0.017744630549186985, 0.0643477534793716, 0.0009995319766220602], [0.3239856502553201, 0.27785424943703374, 0.0009994577627224276, 0.02616687374286184, 0.36999431103933944, 0.0009994577627224276], [0.7224877495086788, 0.20892654802289137, 0.0009995518592615029, 0.013455760252762225, 0.05313083849714463, 0.0009995518592615029], [0.7462682314905494, 0.19142817735912432, 0.000999552909896678, 0.016803509758474024, 0.04350097557205901, 0.000999552909896678], [0.7997739595668996, 0.15673880694273698, 0.0009995240363603742, 0.012424409751631008, 0.029063775666011763, 0.0009995240363603742], [0.06665003530654239, 0.13907456791098488, 0.0009995451633001643, 0.011285184426256489, 0.7809911220296158, 0.0009995451633001643], [0.7932842287499866, 0.15999460575357644, 0.0009995230348633969, 0.01275945341398388, 0.031962666012726265, 0.0009995230348633969], [0.09586314524368215, 0.2942257036310871, 0.0009994668529260866, 0.015916457415712255, 0.5919957600036664, 0.0009994668529260866], [0.6103200525690893, 0.3142381854665993, 0.0009995398925311178, 0.017317846128048233, 0.05612483605120101, 0.0009995398925311178], [0.7158552007700818, 0.19925666449616164, 0.0009995384501383531, 0.02425277755289351, 0.058636280280586386, 0.0009995384501383531], [0.4106000686087938, 0.27108813403719956, 0.0009994695576985193, 0.02586310289371386, 0.2904497553448958, 0.0009994695576985193], [0.6139077036691439, 0.2149309965488329, 0.0009995337190318082, 0.014108984069564035, 0.15505324827439576, 0.0009995337190318082], [0.6458477694018903, 0.26449315215896574, 0.0009998797841553571, 0.021433635755315362, 0.06617002846206403, 0.0010555344376094577], [0.7097787275589764, 0.224944889103252, 0.0009998671053149542, 0.01878470903705143, 0.044456744922586756, 0.0010350622728186026], [0.6748289293037235, 0.2415227426213082, 0.0009998828415962893, 0.024219281497095964, 0.05737057105615572, 0.0010585926801204145], [0.07049074163850046, 0.19352160668227913, 0.0009998293169629796, 0.01765487411092901, 0.7163331189343655, 0.0009998293169629796], [0.7982133303084615, 0.15695354972794814, 0.0009998769642258394, 0.011859619475460468, 0.030921992023937233, 0.0010516314999667747], [0.846210935190597, 0.13146196981241