{"prediction": [[[0.9950224004417905, 0.0009955199116420117, 0.0009955199116420117, 0.0009955199116420117, 0.0009955199116420117, 0.0009955199116420117], [0.9950224004417905, 0.0009955199116420117, 0.0009955199116420117, 0.0009955199116420117, 0.0009955199116420117, 0.0009955199116420117], [0.9950224004417905, 0.0009955199116420117, 0.0009955199116420117, 0.0009955199116420117, 0.0009955199116420117, 0.0009955199116420117], [0.9950224004417905, 0.0009955199116420117, 0.0009955199116420117, 0.0009955199116420117, 0.0009955199116420117, 0.0009955199116420117], [0.9950224004417905, 0.0009955199116420117, 0.0009955199116420117, 0.0009955199116420117, 0.0009955199116420117, 0.0009955199116420117], [0.9950224004417905, 0.0009955199116420117, 0.0009955199116420117, 0.0009955199116420117, 0.0009955199116420117, 0.0009955199116420117], [0.9950224004417905, 0.0009955199116420117, 0.0009955199116420117, 0.0009955199116420117, 0.0009955199116420117, 0.0009955199116420117], [0.9950224004417905, 0.0009955199116420117, 0.0009955199116420117, 0.0009955199116420117, 0.0009955199116420117, 0.0009955199116420117], [0.9950224004417905, 0.0009955199116420117, 0.0009955199116420117, 0.0009955199116420117, 0.0009955199116420117, 0.0009955199116420117], [0.9950224004417905, 0.0009955199116420117, 0.0009955199116420117, 0.0009955199116420117, 0.0009955199116420117, 0.0009955199116420117], [0.9950224004417905, 0.0009955199116420117, 0.0009955199116420117, 0.0009955199116420117, 0.0009955199116420117, 0.0009955199116420117], [0.9950224004417905, 0.0009955199116420117, 0.0009955199116420117, 0.0009955199116420117, 0.0009955199116420117, 0.0009955199116420117], [0.9950224004417905, 0.0009955199116420117, 0.0009955199116420117, 0.0009955199116420117, 0.0009955199116420117, 0.0009955199116420117], [0.9950224004417905, 0.0009955199116420117, 0.0009955199116420117, 0.0009955199116420117, 0.0009955199116420117, 0.0009955199116420117], [0.9950224004417905, 0.0009955199116420117, 0.0009955199116420117, 0.0009955199116420117, 0.0009955199116420117, 0.0009955199116420117], [0.9950224004417905, 0.0009955199116420117, 0.0009955199116420117, 0.0009955199116420117, 0.0009955199116420117, 0.0009955199116420117], [0.9950224004417905, 0.0009955199116420117, 0.0009955199116420117, 0.0009955199116420117, 0.0009955199116420117, 0.0009955199116420117], [0.9950224004417905, 0.0009955199116420117, 0.0009955199116420117, 0.0009955199116420117, 0.0009955199116420117, 0.0009955199116420117], [0.9950224004417905, 0.0009955199116420117, 0.0009955199116420117, 0.0009955199116420117, 0.0009955199116420117, 0.0009955199116420117], [0.9950224004417905, 0.0009955199116420117, 0.0009955199116420117, 0.0009955199116420117, 0.0009955199116420117, 0.0009955199116420117], [0.9950224004417905, 0.0009955199116420117, 0.0009955199116420117, 0.0009955199116420117, 0.0009955199116420117, 0.0009955199116420117], [0.9950224004417905, 0.0009955199116420117, 0.0009955199116420117, 0.0009955199116420117, 0.0009955199116420117, 0.0009955199116420117], [0.9950224004417905, 0.0009955199116420117, 0.0009955199116420117, 0.0009955199116420117, 0.0009955199116420117, 0.0009955199116420117], [0.9950224004417905, 0.0009955199116420117, 0.0009955199116420117, 0.0009955199116420117, 0.0009955199116420117, 0.0009955199116420117], [0.9950224004417905, 0.0009955199116420117, 0.0009955199116420117, 0.0009955199116420117, 0.0009955199116420117, 0.0009955199116420117], [0.9950224004417905, 0.0009955199116420117, 0.0009955199116420117, 0.0009955199116420117, 0.0009955199116420117, 0.0009955199116420117], [0.9950224004417905, 0.0009955199116420117, 0.0009955199116420117, 0.0009955199116420117, 0.0009955199116420117, 0.0009955199116420117], [0.9950224004417905, 0.0009955199116420117, 0.0009955199116420117, 0.0009955199116420117, 0.0009955199116420117, 0.0009955199116420117], [0.9950224004417905, 0.0009955199116420117, 0.0009955199116420117, 0.0009955199116420117, 0.0009955199116420117, 0.0009955199116420117], [0.9950224004417905, 0.0009955199116420117, 0.0009955199116420117, 0.0009955199116420117, 0.0009955199116420117, 0.0009955199116420117], [0.9950224004417905, 0.0009955199116420117, 0.0009955199116420117, 0.0009955199116420117, 0.0009955199116420117, 0.0009955199116420117], [0.9950224004417905, 0.0009955199116420117, 0.0009955199116420117, 0.0009955199116420117, 0.0009955199116420117, 0.0009955199116420117], [0.9950224004417905, 0.0009955199116420117, 0.0009955199116420117, 0.0009955199116420117, 0.0009955199116420117, 0.0009955199116420117], [0.9950224004417905, 0.0009955199116420117, 0.0009955199116420117, 0.0009955199116420117, 0.0009955199116420117, 0.0009955199116420117], [0.9950224004417905, 0.0009955199116420117, 0.0009955199116420117, 0.0009955199116420117, 0.0009955199116420117, 0.0009955199116420117], [0.9950224004417905, 0.0009955199116420117, 0.0009955199116420117, 0.0009955199116420117, 0.0009955199116420117, 0.0009955199116420117], [0.9950224004417905, 0.0009955199116420117, 0.0009955199116420117, 0.0009955199116420117, 0.0009955199116420117, 0.0009955199116420117], [0.9950224004417905, 0.0009955199116420117, 0.0009955199116420117, 0.0009955199116420117, 0.0009955199116420117, 0.0009955199116420117], [0.9950224004417905, 0.0009955199116420117, 0.0009955199116420117, 0.0009955199116420117, 0.0009955199116420117, 0.0009955199116420117], [0.9950224004417905, 0.0009955199116420117, 0.0009955199116420117, 0.0009955199116420117, 0.0009955199116420117, 0.0009955199116420117]], [[0.9950224004417905, 0.0009955199116420117, 0.0009955199116420117, 0.0009955199116420117, 0.0009955199116420117, 0.0009955199116420117], [0.9825863472233755, 0.009256520315803918, 0.004341904022620244, 0.0009998315968330303, 0.0015475128612076835, 0.0012678839801595892], [0.9433734517404272, 0.023938767509965653, 0.017243306433310804, 0.003104750465831585, 0.011028609734465997, 0.0013111141159986377], [0.01608084351270048, 0.030270945081230585, 0.025708913172433064, 0.004389499401960444, 0.9224765424782825, 0.0010732563533929374], [0.9079234616549644, 0.03874716466048293, 0.036891977504705534, 0.0048536129665536255, 0.010525464068051198, 0.0010583191452423104], [0.8367160485983254, 0.06406142270469135, 0.06742121499473783, 0.007969802610476823, 0.022777150925700727, 0.0010543601660679962], [0.05625223940763317, 0.06785801368385767, 0.06472440992643991, 0.009116368542699529, 0.8010489794878675, 0.0009999889515023975], [0.7430604751047163, 0.08801189094283553, 0.10216455864885375, 0.016669947984553145, 0.04903144964523735, 0.0010616776738040247], [0.06660186180210427, 0.07208349890449409, 0.06856577976434328, 0.007704849093472868, 0.7840440213249367, 0.0009999891106489283], [0.8175283230256817, 0.07066451758658787, 0.06126762977774367, 0.010716355223871085, 0.038764356806190885, 0.00105881757992497], [0.8375782901378083, 0.06240516487716294, 0.059712307253916984, 0.01085360871031833, 0.02838840026624566, 0.0010622287545478865], [0.8400545483290717, 0.06121293702728396, 0.06340786459983305, 0.010228455734218602, 0.02404883469646828, 0.0010473596131243832], [0.8478139989988841, 0.0625525371314396, 0.0590439620797931, 0.006268181688694745, 0.023260383480031736, 0.0010609366211567052], [0.032953164202116, 0.038618127422750496, 0.03515973340432179, 0.0041055337072623274, 0.8881060872510175, 0.001057354012531962], [0.9315577472748143, 0.033210532185049865, 0.024939228851186972, 0.003071117881656544, 0.006148805906671238, 0.0010725679006208116], [0.9432744863981322, 0.024080146570387193, 0.017243306433310804, 0.003104750465831585, 0.010986196016339536, 0.0013111141159986377], [0.004732053317640409, 0.008786418237698084, 0.0039186413940938275, 0.0009998299999423364, 0.9802976106787173, 0.0012654463719080503], [0.005530617882792352, 0.00764561171605245, 0.0039186413940938275, 0.0009998299999423364, 0.980639852635211, 0.0012654463719080503], [0.9829287201597268, 0.008767416121016286, 0.004341904022620244, 0.0009998315968330303, 0.001694244119643973, 0.0012678839801595892], [0.9829051625236594, 0.008801069886826737, 0.004341904022620244, 0.0009998315968330303, 0.0016841479899008377, 0.0012678839801595892], [0.9829051625236594, 0.008801069886826737, 0.004341904022620244, 0.0009998315968330303, 0.0016841479899008377, 0.0012678839801595892], [0.9820585145954231, 0.010010566927164195, 0.004341904022620244, 0.0009998315968330303, 0.0013212988777996004, 0.0012678839801595892], [0.9443632312196959, 0.02252479682529614, 0.017243306433310804, 0.003104750465831585, 0.011452800939866852, 0.0013111141159986377], [0.9950224004417905, 0.0009955199116420117, 0.0009955199116420117, 0.0009955199116420117, 0.0009955199116420117, 0.0009955199116420117], [0.9950224004417905, 0.0009955199116420117, 0.0009955199116420117, 0.0009955199116420117, 0.0009955199116420117, 0.0009955199116420117], [0.8869415423088433, 0.047183488082665495, 0.041099449967808094, 0.0057010270654224, 0.018013091532562055, 0.0010614010426987636], [0.9950224004417905, 0.0009955199116420117, 0.0009955199116420117, 0.0009955199116420117, 0.0009955199116420117, 0.0009955199116420117], [0.9351377115401026, 0.03195719340915945, 0.01989138908763828, 0.0027825698636483273, 0.009158577943410648, 0.0010725581560405994], [0.9442216780936975, 0.02272701557672241, 0.017243306433310804, 0.003104750465831585, 0.01139213531443897, 0.0013111141159986377], [0.9828714863583925, 0.008849178694351312, 0.004341904022620245, 0.0009998315968330306, 0.0016697153476434665, 0.0012678839801595894], [0.005568614881231246, 0.007591330289711172, 0.0039186413940938275, 0.0009998299999423364, 0.9806561370631134, 0.0012654463719080503], [0.9829287201597268, 0.008767416121016286, 0.004341904022620244, 0.0009998315968330303, 0.001694244119643973, 0.0012678839801595892], [0.9820585145954231, 0.010010566927164195, 0.004341904022620244, 0.0009998315968330303, 0.0013212988777996004, 0.0012678839801595892], [0.9430896300998957, 0.024344226996439254, 0.017243306433310804, 0.003104750465831585, 0.010906971888523916, 0.0013111141159986377], [0.01764734537064279, 0.03287791028154993, 0.0270719793402919, 0.00270952370608806, 0.9186156500480419, 0.0010775912533854558], [0.8946095492791559, 0.04805163343437562, 0.03704011766756189, 0.00735500991356549, 0.011881634752003723, 0.0010620549533373342], [0.8229992161926827, 0.06781009908491017, 0.064388356681795, 0.00975691508259348, 0.033986835659377664, 0.0010585772986409366], [0.8166824297283778, 0.07318581273166229, 0.06762358337801838, 0.011460687933615769, 0.030004347871668547, 0.001043138356657101], [0.05771216167049839, 0.0633414690140054, 0.05400052336054975, 0.012161395940857592, 0.8117296643230101, 0.001054785691078935], [0.9950224004417905, 0.0009955199116420117, 0.0009955199116420117, 0.0009955199116420117, 0.0009955199116420117, 0.0009955199116420117]], [[0.9950224004417905, 0.0009955199116420117, 0.0009955199116420117, 0.0009955199116420117, 0.0009955199116420117, 0.0009955199116420117], [0.02105775624046835, 0.022819201289551085, 0.017113719818504954, 0.0026695496095718034, 0.9350312628252088, 0.0013085102166950067], [0.937522480575485, 0.050177582690970626, 0.0009998699266390715, 0.0029916644961665664, 0.007234087295541209, 0.0010743150151975472], [0.02377652272460576, 0.07705646983638745, 0.0009998631930282459, 0.004126987219227748, 0.8929803446620536, 0.001059812364697162], [0.8401315778118491, 0.1172881536047243, 0.000999863723556684, 0.009142274478793962, 0.03137911714785961, 0.0010590132332164686], [0.05684953142720198, 0.14230656244238282, 0.0009998235670320666, 0.007800979887201913, 0.7910432791091492, 0.0009998235670320666], [0.7090610078784746, 0.2096675827069313, 0.0009998644394432316, 0.014977611495183544, 0.0642310969431624, 0.0010628365368050426], [0.7160909532427382, 0.1988371946256691, 0.0009998621031955667, 0.012744586181323542, 0.07027465852158865, 0.0010527453254847927], [0.728612805606861, 0.18675515189925557, 0.0009998648115391356, 0.017098940671791848, 0.06546999062579749, 0.0010632463847550175], [0.790425650133596, 0.15186905626500846, 0.0009998562327001904, 0.014711875880054091, 0.04094955153352867, 0.0010440099551127422], [0.7882857058094656, 0.14929258982980834, 0.000999854651494551, 0.013086215717281384, 0.04729313629243992, 0.0010424976995102855], [0.7503912867000125, 0.18268689640138394, 0.0009998656638404004, 0.011668679580598097, 0.053189152857031435, 0.0010641187971334614], [0.8265960279187382, 0.1320027101725037, 0.000999859568393811, 0.011355953520100685, 0.027998060040644788, 0.0010473887796188129], [0.05692756848910011, 0.11056035913444541, 0.0009998609593570651, 0.006096627479843528, 0.8243590508948402, 0.001056533042413744], [0.028570675225882938, 0.07063988099443058, 0.0009998623029425296, 0.004276087045711299, 0.894454534863725, 0.0010589595673077558], [0.934559783476462, 0.05351267522672949, 0.0009998694859817189, 0.0027671848528888323, 0.007086657566633238, 0.001073829391304677], [0.941646034690328, 0.03865288253221333, 0.0009995950468087934, 0.003853279224301917, 0.013542420693445445, 0.0013057878129026526], [0.9818361355766274, 0.013573549701714548, 0.0009993601439187395, 0.0009993601439187395, 0.0013272040269110628, 0.0012643904069094948], [0.9828402361906831, 0.012139120253063476, 0.0009993601439187393, 0.0009993601439187393, 0.0017575328615063834, 0.0012643904069094944], [0.9828402361906831, 0.012139120253063476, 0.0009993601439187393, 0.0009993601439187393, 0.0017575328615063834, 0.0012643904069094944], [0.981764529633358, 0.013675843906384813, 0.0009993601439187393, 0.0009993601439187393, 0.0012965157655099823, 0.0012643904069094944], [0.03161467845254778, 0.040251452808626444, 0.0009995966410941202, 0.003911319543005334, 0.921913660312849, 0.001309292241877306], [0.016213683166277314, 0.028387104375830318, 0.02424972820509678, 0.003500941955418432, 0.9265730566162692, 0.001075485681107899], [0.9950224004417905, 0.0009955199116420117, 0.0009955199116420117, 0.0009955199116420117, 0.0009955199116420117, 0.0009955199116420117], [0.9950224004417905, 0.0009955199116420117, 0.0009955199116420117, 0.0009955199116420117, 0.0009955199116420117, 0.0009955199116420117], [0.9950224004417905, 0.0009955199116420117, 0.0009955199116420117, 0.0009955199116420117, 0.0009955199116420117, 0.0009955199116420117], [0.9950224004417905, 0.0009955199116420117, 0.0009955199116420117, 0.0009955199116420117, 0.0009955199116420117, 0.0009955199116420117], [0.9950224004417905, 0.0009955199116420117, 0.0009955199116420117, 0.0009955199116420117, 0.0009955199116420117, 0.0009955199116420117], [0.9950224004417905, 0.0009955199116420117, 0.0009955199116420117, 0.0009955199116420117, 0.0009955199116420117, 0.0009955199116420117], [0.9950224004417905, 0.0009955199116420117, 0.0009955199116420117, 0.0009955199116420117, 0.0009955199116420117, 0.0009955199116420117], [0.9830944315340996, 0.008530685586198263, 0.004341904022620245, 0.0009998315968330306, 0.0017652632800893811, 0.0012678839801595894], [0.9821399463898387, 0.013139534254269634, 0.0009993601439187393, 0.0009993601439187393, 0.0014574086611445364, 0.0012643904069094944], [0.03117423891753592, 0.04088065214435768, 0.0009995966410941204, 0.003911319543005335, 0.9217249005121297, 0.0013092922418773063], [0.9226043525254463, 0.06174978643429984, 0.0009998704835753407, 0.003262754423409914, 0.010308376780575067, 0.0010748593526937022], [0.8912568534365769, 0.08429252327191375, 0.0009998654110698177, 0.007216399227537575, 0.015172790160614586, 0.0010615684922873575], [0.8385142510432341, 0.12403398421273823, 0.0009998684719243354, 0.009567175920957812, 0.025820958661029757, 0.0010637616901159079], [0.06590758294077721, 0.1393142791667053, 0.000999820671311799, 0.016715312551995813, 0.7760631839978981, 0.000999820671311799], [0.7052635199431752, 0.21199000256509268, 0.0009998609171007421, 0.02052109484914491, 0.060166205176357006, 0.001059316549129426], [0.7955268501499486, 0.08598466126182026, 0.06581614731525114, 0.014660451177530783, 0.03696851103733482, 0.001043379058114483], [0.9950224004417905, 0.0009955199116420117, 0.0009955199116420117, 0.0009955199116420117, 0.0009955199116420117, 0.0009955199116420117]], [[0.9950224004417905, 0.0009955199116420117, 0.0009955199116420117, 0.0009955199116420117, 0.0009955199116420117, 0.0009955199116420117], [0.9388574811726745, 0.028537306515078152, 0.023010195322517628, 0.0029848918159972246, 0.005537640180958809, 0.0010724849927736336], [0.9254506393512761, 0.06113591084425022, 0.0009998619119784334, 0.004190083006806188, 0.007165400036870063, 0.0010581048488189722], [0.8611450745746826, 0.10817400734952072, 0.0009998623035388432, 0.004788315184134373, 0.023835142231852992, 0.0010575983562703326], [0.8353704272154969, 0.12459499842505942, 0.0009998576758885813, 0.010369024617777401, 0.02762018453740526, 0.0010455075283723756], [0.73070453850458, 0.19371784501864772, 0.0009998659000392215, 0.013604919981584519, 0.05990849440563525, 0.00106433618951348], [0.7051900728207613, 0.20368609520770758, 0.0009998616093906652, 0.01862413319207111, 0.0704475676136385, 0.001052269556430927], [0.45336462060204713, 0.2653471709602891, 0.000999849614792925, 0.03248369886884218, 0.2468048103392358, 0.000999849614792925], [0.7128474530459409, 0.19344126022602753, 0.0009998600883317538, 0.017172333101787795, 0.07448828719720263, 0.0010508063407093883], [0.6905948332465031, 0.21056063603001207, 0.0009998625282798997, 0.016848582657688436, 0.07993514237580428, 0.0010609431617123186], [0.13547256339001618, 0.1996389788237291, 0.000999831939878262, 0.013450454269572028, 0.6494383396369263, 0.000999831939878262], [0.13421567929189498, 0.1997548884525204, 0.0009998184110386248, 0.016858610142919825, 0.6471711852905876, 0.0009998184110386248], [0.7379560588113828, 0.1855058269717019, 0.0009998644985369587, 0.012019509048363432, 0.06245584683104785, 0.0010628938389669377], [0.823642553060139, 0.128987140505231, 0.0009998579297604544, 0.01246210350552444, 0.032862605180470926, 0.001045739818874291], [0.8548925987174484, 0.10771212594293776, 0.000999865770490515, 0.009588995727756492, 0.025745300418839663, 0.001061113422527114], [0.907654822992358, 0.07544057348007416, 0.0009998641666416539, 0.0044212963230904605, 0.010423132684393144, 0.0010603103534426424], [0.9371914688091117, 0.04883667206546372, 0.0009998706254398066, 0.0048306387990553045, 0.007066334344858257, 0.0010750153560712351], [0.9417330754915445, 0.03852853853047533, 0.0009995950468087932, 0.0038532792243019163, 0.013579723893966838, 0.0013057878129026524], [0.9817510633785816, 0.013695081413208432, 0.0009993601439187393, 0.0009993601439187393, 0.0012907445134628965, 0.0012643904069094944], [0.9817510633785816, 0.013695081413208432, 0.0009993601439187393, 0.0009993601439187393, 0.0012907445134628965, 0.0012643904069094944], [0.9416556337337082, 0.038639169613098844, 0.0009995950468087934, 0.003853279224301917, 0.01354653456917979, 0.0013057878129026526], [0.9347907731048416, 0.04831903080584956, 0.0009998699834425915, 0.0030591117724136224, 0.011756845007116712, 0.0010743693263359248], [0.9021355272857083, 0.07518453132979373, 0.0009998629302665244, 0.004921855595027984, 0.015699160952315497, 0.0010590619068878062], [0.8419384564525548, 0.0633058230369466, 0.06006041922578388, 0.006469261783722919, 0.027168270596241238, 0.0010577689047505058], [0.8249692467310941, 0.07032913743095402, 0.062216478547437684, 0.011305356975468124, 0.030135728281972154, 0.001044052033074035], [0.7563402759583232, 0.08718814736776861, 0.09065288299453578, 0.012086816588737056, 0.05266092415961956, 0.0010709529310157751], [0.9950224004417905, 0.0009955199116420117, 0.0009955199116420117, 0.0009955199116420117, 0.0009955199116420117, 0.0009955199116420117], [0.8547150717552756, 0.05994433110684828, 0.0528863551550308, 0.007177756263920687, 0.02422167839964565, 0.00105480731927898], [0.9049031967085868, 0.037414133507789674, 0.03335747389537349, 0.007240733901158564, 0.016025832569660357, 0.0010586294174312096], [0.9329822132478564, 0.03260305180820038, 0.022570024186964584, 0.004841370747842293, 0.005930976831856371, 0.0010723631772799468], [0.9950224004417905, 0.0009955199116420117, 0.0009955199116420117, 0.0009955199116420117, 0.0009955199116420117, 0.0009955199116420117], [0.02182901797310866, 0.02171739881435065, 0.017113719818504954, 0.0026695496095718034, 0.935361803567769, 0.0013085102166950067], [0.9240500581185539, 0.03388638254838206, 0.025972354512317608, 0.005572554358212441, 0.009442064793715578, 0.001076585668818375], [0.908981939948084, 0.03878925824792014, 0.03249425313284552, 0.007141301136001299, 0.011530450175412328, 0.0010627973597368333], [0.8540708903627701, 0.05689382964505919, 0.05381816968136037, 0.006395303017742035, 0.027755539996823817, 0.0010662672962445678], [0.8330495021515316, 0.06876261428900111, 0.05800163267680163, 0.013339081519128413, 0.02579857584569543, 0.0010485935178417708], [0.1256545888017974, 0.10070800582776007, 0.10150236725458857, 0.013489465973818972, 0.6576437073705123, 0.0010018647715226698], [0.6911475512119348, 0.2160175103326654, 0.0009998567233610448, 0.016459186376645455, 0.07432850833509737, 0.0010473870202958638], [0.7244871000156117, 0.0981005746610324, 0.10708564079825462, 0.016773875217743893, 0.05248192360018622, 0.0010708857071711753], [0.9950224004417905, 0.0009955199116420117, 0.0009955199116420117, 0.0009955199116420117, 0.0009955199116420117, 0.0009955199116420117]], [[0.9950224004417905, 0.0009955199116420117, 0.0009955199116420117, 0.0009955199116420117, 0.0009955199116420117, 0.0009955199116420117], [0.9433814254306259, 0.023927376523967547, 0.017243306433310804, 0.003104750465831585, 0.011032027030265429, 0.0013111141159986377], [0.9364980324530833, 0.052158867322172286, 0.0009998703326544358, 0.002777758985167519, 0.006490771823440501, 0.0010746990834821027], [0.9117253901915163, 0.07289250351507656, 0.0009998633347190619, 0.0035369561673935387, 0.009785784940901262, 0.0010595018503932894], [0.8474083188310757, 0.11343558319876655, 0.0009998675747076074, 0.008539611674707175, 0.028553707770568655, 0.0010629109501742787], [0.8173850757668395, 0.13582974579174845, 0.0009998584878796526, 0.010275324632390415, 0.03446373775062964, 0.0010462575705124802], [0.7361035745478494, 0.17555053851983643, 0.0009998643525510685, 0.01918184622682557, 0.06710142960602944, 0.0010627467469080283], [0.7122809331432015, 0.19570925000594466, 0.0009998608257519486, 0.01554466092850026, 0.07441375511347993, 0.0010515399831217808], [0.6959115130385756, 0.2088855775609649, 0.0009998660862823286, 0.015363684244245902, 0.07777484293246528, 0.0010645161374660918], [0.686356670864297, 0.19436060396828578, 0.0009998561560707496, 0.021020376216123998, 0.09621306860125498, 0.0010494241939674651], [0.7046019713737608, 0.19906261747399312, 0.0009998597502315282, 0.017668990005356273, 0.07661610845788387, 0.0010504529387743273], [0.43829367431623495, 0.2893280261656389, 0.0009998551260292272, 0.027909422757493314, 0.24246916650857442, 0.0009998551260292272], [0.7191678927279916, 0.19074021331062288, 0.00099985997852797, 0.016361017450707022, 0.07168035364890638, 0.0010506628832441089], [0.7571432850835558, 0.1768546813390244, 0.000999864932499183, 0.01571068854835292, 0.048228161087215615, 0.0010633190093520793], [0.838640003615053, 0.12412236658089462, 0.0009998562409765583, 0.007776372713123786, 0.027417391105735885, 0.0010440097442160736], [0.869838722797758, 0.10167766119468885, 0.0009998661944210757, 0.005997298548751126, 0.020424923647660197, 0.001061527616720706], [0.9218434200359825, 0.06433150308347042, 0.0009998618412732471, 0.004414810560437023, 0.007352375075762365, 0.0010580294030743344], [0.9421946773876817, 0.044635782226725776, 0.0009998702806408195, 0.0033901885090122795, 0.007704836014627943, 0.0010746455813114397], [0.9413781136158222, 0.03903562692436437, 0.0009995950468087934, 0.003853279224301917, 0.013427597375800135, 0.0013057878129026526], [0.9410950131072453, 0.03944005622233145, 0.0009995950468087934, 0.003853279224301917, 0.013306268586410009, 0.0013057878129026526], [0.9352679112445433, 0.04986190138126376, 0.000999871036485283, 0.0032200321547562203, 0.009574831212611754, 0.0010754529703397092], [0.9137448864739094, 0.07201314825519566, 0.0009998625643209602, 0.0033756857668698712, 0.008807700871679041, 0.001058716068025061], [0.8433750899145931, 0.12255098978810759, 0.0009998608649627852, 0.007449980199454928, 0.02456794593634251, 0.0010561332965391467], [0.812189499267202, 0.1478449421749104, 0.0009998529254275966, 0.012229854083991326, 0.025695159313116944, 0.0010406922353518322], [0.7270765321283567, 0.21426200456685832, 0.0009998600991236667, 0.014689525742407148, 0.04191359203529907, 0.0010584854279551046], [0.7191233926681556, 0.21435820162652444, 0.0009998552803418459, 0.012892698649241576, 0.05157988336157902, 0.0010459684141575177], [0.727945002036388, 0.10526472047296054, 0.09871298994411501, 0.012463086751130387, 0.0545466918181872, 0.001067508977218827], [0.05553235740872218, 0.14099933536975903, 0.0009998168248586392, 0.00910343496057678, 0.7923652386112248, 0.0009998168248586392], [0.0427295841685194, 0.12679240243393564, 0.0009998592937919386, 0.0068303567893678, 0.8215929331672684, 0.0010548641471166752], [0.02070226608956775, 0.0746971499820508, 0.000999863195367183, 0.005801120967273956, 0.89673977865734, 0.001059821108400249], [0.9371150778563552, 0.031306170665849314, 0.01890229674216153, 0.004300126899099023, 0.007300743079543932, 0.0010755847569911146], [0.9950224004417905, 0.0009955199116420117, 0.0009955199116420117, 0.0009955199116420117, 0.0009955199116420117, 0.0009955199116420117], [0.9950224004417905, 0.0009955199116420117, 0.0009955199116420117, 0.0009955199116420117, 0.0009955199116420117, 0.0009955199116420117], [0.9950224004417905, 0.0009955199116420117, 0.0009955199116420117, 0.0009955199116420117, 0.0009955199116420117, 0.0009955199116420117], [0.9950224004417905, 0.0009955199116420117, 0.0009955199116420117, 0.0009955199116420117, 0.0009955199116420117, 0.0009955199116420117], [0.9950224004417905, 0.0009955199116420117, 0.0009955199116420117, 0.0009955199116420117, 0.0009955199116420117, 0.0009955199116420117], [0.9950224004417905, 0.0009955199116420117, 0.0009955199116420117, 0.0009955199116420117, 0.0009955199116420117, 0.0009955199116420117], [0.4809288383546403, 0.13959334996888553, 0.13486085513427518, 0.02277499261396865, 0.22084197906396155, 0.000999984864268824], [0.7016124736559404, 0.10233567602482795, 0.10170586364526293, 0.015098373133065831, 0.07819152856917619, 0.001056084971726692], [0.9950224004417905, 0.0009955199116420117, 0.0009955199116420117, 0.0009955199116420117, 0.0009955199116420117, 0.0009955199116420117]], [[0.9950224004417905, 0.0009955199116420117, 0.0009955199116420117, 0.0009955199116420117, 0.0009955199116420117, 0.0009955199116420117], [0.004708495719198399, 0.008820071949758099, 0.0039186413940938275, 0.0009998299999423364, 0.9802875145650993, 0.0012654463719080503], [0.9409918879711131, 0.0395873778453772, 0.0009995950468087932, 0.0038532792243019163, 0.013262072099496277, 0.0013057878129026524], [0.9272715118036027, 0.05754102934960057, 0.0009998709102519887, 0.005377733702576207, 0.007734590563339078, 0.0010752636706295885], [0.8915162331431591, 0.08524278188775855, 0.0009998641571758976, 0.006654878266950529, 0.014525895632587769, 0.001060346912368045], [0.8363191406444375, 0.11646357621772024, 0.0009998657432564535, 0.012593420209089204, 0.03256292825674396, 0.0010610689287526812], [0.8088368821110979, 0.13518306811863695, 0.0009998579241027273, 0.012832103744949896, 0.04110237262879127, 0.001045715472421393], [0.7165705160998693, 0.1849990488899267, 0.000999863767771787, 0.015613919168224697, 0.08075444232709629, 0.0010622097471113187], [0.6940720364815939, 0.19951928581250086, 0.0009998669681646304, 0.02527066274198018, 0.07907278156913061, 0.0010653664266298897], [0.7033392866658248, 0.19769370672665562, 0.0009998616855701576, 0.022062111750067812, 0.07485265190167946, 0.0010523812702021513], [0.6936117383849172, 0.1994031040019354, 0.0009998583902632676, 0.02265696296726422, 0.08227670593205286, 0.0010516303235669686], [0.7038401850395186, 0.19754876145871933, 0.0009998608856129308, 0.01820811124897148, 0.0783515383127599, 0.001051543054417759], [0.7165475322361526, 0.19189988721557807, 0.0009998663906775876, 0.018978488859660036, 0.07050943798169436, 0.0010647873162373423], [0.8212862892918169, 0.13087556270565368, 0.0009998556955933915, 0.010807664635102982, 0.03498715196961837, 0.0010434757022146819], [0.8453972271841921, 0.1127931806264541, 0.0009998675547342932, 0.008835811358289073, 0.030911057999918695, 0.0010628552764118233], [0.9016668366138749, 0.08116698243053634, 0.0009998623122289124, 0.004638459737034085, 0.01046934355064446, 0.0010585153556813382], [0.9256308889053497, 0.057275728108807294, 0.0009998690945887908, 0.0048693698803389425, 0.010150696269864722, 0.001073447741050548], [0.9410451473708129, 0.03951129298866328, 0.0009995950468087932, 0.0038532792243019163, 0.013284897556510453, 0.0013057878129026524], [0.9412796005781084, 0.03917635983538415, 0.0009995950468087934, 0.003853279224301917, 0.013385377502494198, 0.0013057878129026526], [0.9358419577354915, 0.04925612419999117, 0.0009998695228685807, 0.005157851713810985, 0.007670283275887665, 0.0010739135519501899], [0.9230490838045492, 0.0624960822209678, 0.0009998613887298193, 0.0044248417597429705, 0.007972583549362373, 0.0010575472766478332], [0.8577839272165432, 0.11324408627485263, 0.0009998604885926672, 0.006006999490241335, 0.020909323202644704, 0.001055803327125442], [0.041980392452558135, 0.12569735014678457, 0.000999806198559371, 0.00924444539092115, 0.8210781996126174, 0.000999806198559371], [0.10936412729895947, 0.18512634582242832, 0.00099981301672386, 0.011103705333519082, 0.6924061955116454, 0.00099981301672386], [0.7012819861002855, 0.21191749499616525, 0.0009998554561873603, 0.01769400939875607, 0.06706049468051892, 0.0010461593680869052], [0.46755533562455187, 0.28596722184156437, 0.000999828803289162, 0.02624040565759776, 0.2182373792697078, 0.000999828803289162], [0.7210794494323954, 0.20277022405020118, 0.0009998560244627614, 0.014489695924789835, 0.05961410403980335, 0.0010466705283474695], [0.7303055001274951, 0.19550054002057105, 0.0009998595551489482, 0.01704876064009523, 0.05508741841046348, 0.001057921246226197], [0.045313118057643154, 0.13747847291465976, 0.0009998091941247958, 0.010633319823539513, 0.804575470815908, 0.0009998091941247958], [0.8613073150009672, 0.1112117811604397, 0.0009998611943217617, 0.008956665438568937, 0.016467899490165364, 0.0010564777155372099], [0.9155895482460371, 0.0663317009438058, 0.0009998642985630465, 0.004125536589555247, 0.011892870998133907, 0.0010604789239047438], [0.000995519911642011, 0.000995519911642011, 0.000995519911642011, 0.000995519911642011, 0.000995519911642011, 0.99502240044179], [0.024257062479734477, 0.02688549613530521, 0.023151507133071396, 0.004153774883236334, 0.9204775773839571, 0.0010745819846955267], [0.000995519911642011, 0.000995519911642011, 0.000995519911642011, 0.000995519911642011, 0.000995519911642011, 0.99502240044179], [0.06614507933909398, 0.06040300817931494, 0.05335455456386901, 0.01269912819947734, 0.8063394044382906, 0.0010588252799542124], [0.9950224004417905, 0.0009955199116420117, 0.0009955199116420117, 0.0009955199116420117, 0.0009955199116420117, 0.0009955199116420117], [0.6976331359278415, 0.10638445658935551, 0.09493447428333522, 0.02163515803506631, 0.0783501777990019, 0.0010625973653995535], [0.6899915349669767, 0.21247198942006063, 0.0009998615923759438, 0.017754372946524214, 0.0777299344851818, 0.001052306588880611], [0.6975744117890721, 0.1029497103587579, 0.10699707497493745, 0.019650514832866773, 0.07175740251824436, 0.0010708855261214686], [0.9950224004417905, 0.0009955199116420117, 0.0009955199116420117, 0.0009955199116420117, 0.0009955199116420117, 0.0009955199116420117]], [[0.9950224004417905, 0.0009955199116420117, 0.0009955199116420117, 0.0009955199116420117, 0.0009955199116420117, 0.0009955199116420117], [0.9824382118261058, 0.009468142311903516, 0.004341904022620245, 0.0009998315968330306, 0.001484026262377805, 0.0012678839801595894], [0.9416604332004779, 0.038632313231999, 0.0009995950468087932, 0.0038532792243019163, 0.01354859148350974, 0.0013057878129026524], [0.923448783193459, 0.05923442621738201, 0.000999870262855839, 0.0052343778997844415, 0.010007898006379084, 0.0010746444201397568], [0.9038982088834491, 0.0721831304189708, 0.0009998634976097368, 0.008829624723757094, 0.01302955977451909, 0.0010596127016944022], [0.06595280404359757, 0.11622267003024997, 0.0009998627720538159, 0.009640887951202683, 0.80612540017517, 0.0010583750277260741], [0.8077437607400317, 0.12892121331336698, 0.0009998552041879368, 0.011078118315709198, 0.05021406405777126, 0.0010429883689328514], [0.7379618249377811, 0.16335958243539492, 0.0009998661209882197, 0.01881339892208981, 0.07780081586730225, 0.0010645117164439176], [0.7113469475263907, 0.19153153081729155, 0.0009998584106622982, 0.016494647785407705, 0.078577952166072, 0.0010490632941755713], [0.4716190868837907, 0.25765387641065685, 0.0009998522475938327, 0.029652910192513277, 0.2390744220178516, 0.0009998522475938327], [0.7318213653335084, 0.17782537364567227, 0.0009998623029109583, 0.01888705828552259, 0.06941334108621645, 0.0010529993461694377], [0.16622109005962235, 0.18111289729018, 0.0009998314749702787, 0.019692366453150534, 0.6309739832471067, 0.0009998314749702787], [0.80022450669734, 0.1412671643657882, 0.0009998559079161342, 0.012936210733423019, 0.043528577510302584, 0.0010436847852299997], [0.8171929234111303, 0.13270367350033893, 0.0009998616237413952, 0.01144479681651803, 0.03660185795160918, 0.001056886696662113], [0.8877433250503111, 0.0826409567846907, 0.0009998581330898273, 0.007264042091783457, 0.020297524203732115, 0.0010542937363928965], [0.025994878996403913, 0.06473866537636057, 0.0009998707815343558, 0.005419767047657762, 0.901771180262749, 0.001075637535294459], [0.9403564852746067, 0.04049509598324382, 0.0009995950468087934, 0.003853279224301917, 0.012989756658136297, 0.0013057878129026526], [0.9811891803922249, 0.01449777139371818, 0.0009993601439187395, 0.0009993601439187395, 0.001049937519309974, 0.0012643904069094948], [0.9812372398076136, 0.01442911508602003, 0.0009993601439187395, 0.0009993601439187395, 0.0010705344116194184, 0.0012643904069094948], [0.9407360905402037, 0.039952802746676445, 0.0009995950468087932, 0.0038532792243019163, 0.013152444629106506, 0.0013057878129026524], [0.0189696077950167, 0.057753277351050465, 0.000999871354257186, 0.003147759246331961, 0.9180532357368695, 0.0010762485164741253], [0.9112280463799601, 0.07097385084287348, 0.000999860656815418, 0.005956102164814048, 0.009785343743556255, 0.0010567962119806939], [0.8520688856403241, 0.11667959523967698, 0.0009998619573600895, 0.006800537190756362, 0.022393858750769356, 0.0010572612211130971], [0.8168766145114025, 0.14137779261972847, 0.0009998517996294162, 0.00750655724118357, 0.03219958072429745, 0.0010396031037586079], [0.737972876479126, 0.19411379170709311, 0.0009998612714863032, 0.015450132033343103, 0.050403669070093034, 0.0010596694388584208], [0.7138317690937032, 0.20605041098776758, 0.0009998528518637547, 0.017553960519259483, 0.06052051612079328, 0.001043490426612574], [0.7174225200598345, 0.1978861186129354, 0.0009998611540726235, 0.013839112410264085, 0.06879283215366946, 0.0010595556092239068], [0.8247123136763516, 0.1367500108919546, 0.0009998519262343997, 0.009101759645720651, 0.027396332894810565, 0.0010397309649281049], [0.856313682592227, 0.11108410540121129, 0.0009998607786878826, 0.006528905666262127, 0.024017327814250054, 0.0010561177473617526], [0.9143276611053947, 0.06817853509389898, 0.0009998620266348235, 0.003677204718331159, 0.011758530450078583, 0.0010582066056619302], [0.000995519911642011, 0.000995519911642011, 0.000995519911642011, 0.000995519911642011, 0.000995519911642011, 0.99502240044179], [0.000995519911642011, 0.000995519911642011, 0.000995519911642011, 0.000995519911642011, 0.000995519911642011, 0.99502240044179], [0.000995519911642011, 0.000995519911642011, 0.000995519911642011, 0.000995519911642011, 0.000995519911642011, 0.99502240044179], [0.000995519911642011, 0.000995519911642011, 0.000995519911642011, 0.000995519911642011, 0.000995519911642011, 0.99502240044179], [0.08509722231869167, 0.1386738073350118, 0.0009998167970144607, 0.012395588454152857, 0.7618337482981149, 0.0009998167970144607], [0.7683481647623207, 0.09300129355623643, 0.07832590619484756, 0.020395177438451442, 0.03889356397530903, 0.0010358940728348773], [0.701049006717421, 0.21653068662566113, 0.0009998636808156484, 0.016538787865900073, 0.0638195846286096, 0.0010620704815924183], [0.6672336332608738, 0.23119624177073925, 0.0009998669001867317, 0.019099260858998945, 0.08040571467232219, 0.00106528253687903], [0.7730828903465341, 0.08171884192321305, 0.07375087866665521, 0.017386533669592898, 0.05302224256671299, 0.001038612827291635], [0.9950224004417905, 0.0009955199116420117, 0.0009955199116420117, 0.0009955199116420117, 0.0009955199116420117, 0.0009955199116420117]], [[0.9950224004417905, 0.0009955199116420117, 0.0009955199116420117, 0.0009955199116420117, 0.0009955199116420117, 0.0009955199116420117], [0.005507060284350342, 0.007679265428112464, 0.0039186413940938275, 0.0009998299999423364, 0.980629756521593, 0.0012654463719080503], [0.9813223120056593, 0.014307583374526143, 0.0009993601439187395, 0.0009993601439187395, 0.0011069939250675845, 0.0012643904069094948], [0.9403375838925981, 0.04052209795754173, 0.0009995950468087934, 0.003853279224301917, 0.012981656065846923, 0.0013057878129026526], [0.9148010674998492, 0.06473781341855764, 0.0009998694651677696, 0.0061413485069147546, 0.012246063020693882, 0.0010738380888166785], [0.04232848355904741, 0.08875771148645188, 0.0009998634849195602, 0.009201146455455094, 0.8576526469335971, 0.0010601480805288782], [0.07739467314525705, 0.12447248718387825, 0.0009998628544765403, 0.009004616538841647, 0.787069863618354, 0.0010584966591926693], [0.7954115122470298, 0.13268725206066498, 0.0009998566864096964, 0.018046184207853724, 0.05181073525038491, 0.0010444595476567589], [0.7235884956161122, 0.1848584700805054, 0.000999867721516158, 0.01984342333862541, 0.06964362349334727, 0.0010661197498934532], [0.7178326150692366, 0.18685034652911897, 0.0009998619822831265, 0.014932550437090268, 0.07833194578336815, 0.0010526801989028738], [0.7335308603714523, 0.1826451725917443, 0.0009998689876000537, 0.01813886085826567, 0.06361782743266169, 0.001067409758275974], [0.7908349101832013, 0.14083863319282452, 0.0009998564917709355, 0.014606935581574321, 0.05167533835628489, 0.0010443261943440646], [0.8103050835874624, 0.1319849259626513, 0.0009998611341909948, 0.014762386231336203, 0.0408913269682617, 0.001056416116097319], [0.8119966845761022, 0.13436026951932994, 0.0009998547012300323, 0.016960667813654257, 0.034639993588163276, 0.001042529801520378], [0.06038326883596418, 0.11833838573044103, 0.0009998567277889902, 0.013384451757425486, 0.8058417376821297, 0.0010522992662507149], [0.8895810269026913, 0.08586889647455191, 0.0009998612326834581, 0.009070755932146238, 0.013422045425487252, 0.0010574140324399654], [0.9259856736283939, 0.057436748590488924, 0.000999867505421709, 0.0037932484232209413, 0.010712607520672978, 0.00107185433180172], [0.030364959708811985, 0.04203676529967759, 0.0009995966410941204, 0.003911319543005335, 0.9213780665655338, 0.0013092922418773063], [0.9419694189827978, 0.03819090497154213, 0.0009995950468087934, 0.003853279224301917, 0.013681013961646806, 0.0013057878129026526], [0.9370823560857601, 0.049342025556401325, 0.000999867669014572, 0.003043595706372136, 0.008460138228437072, 0.0010720167540149185], [0.9400536359614755, 0.04092773785914547, 0.0009995950468087934, 0.003853279224301917, 0.0128