{"prediction": [[[0.9950224004417905, 0.0009955199116420117, 0.0009955199116420117, 0.0009955199116420117, 0.0009955199116420117, 0.0009955199116420117], [0.9950224004417905, 0.0009955199116420117, 0.0009955199116420117, 0.0009955199116420117, 0.0009955199116420117, 0.0009955199116420117], [0.9950224004417905, 0.0009955199116420117, 0.0009955199116420117, 0.0009955199116420117, 0.0009955199116420117, 0.0009955199116420117], [0.9950224004417905, 0.0009955199116420117, 0.0009955199116420117, 0.0009955199116420117, 0.0009955199116420117, 0.0009955199116420117], [0.9950224004417905, 0.0009955199116420117, 0.0009955199116420117, 0.0009955199116420117, 0.0009955199116420117, 0.0009955199116420117], [0.9950224004417905, 0.0009955199116420117, 0.0009955199116420117, 0.0009955199116420117, 0.0009955199116420117, 0.0009955199116420117], [0.9950224004417905, 0.0009955199116420117, 0.0009955199116420117, 0.0009955199116420117, 0.0009955199116420117, 0.0009955199116420117], [0.9950224004417905, 0.0009955199116420117, 0.0009955199116420117, 0.0009955199116420117, 0.0009955199116420117, 0.0009955199116420117], [0.9950224004417905, 0.0009955199116420117, 0.0009955199116420117, 0.0009955199116420117, 0.0009955199116420117, 0.0009955199116420117], [0.9950224004417905, 0.0009955199116420117, 0.0009955199116420117, 0.0009955199116420117, 0.0009955199116420117, 0.0009955199116420117], [0.9950224004417905, 0.0009955199116420117, 0.0009955199116420117, 0.0009955199116420117, 0.0009955199116420117, 0.0009955199116420117], [0.9950224004417905, 0.0009955199116420117, 0.0009955199116420117, 0.0009955199116420117, 0.0009955199116420117, 0.0009955199116420117], [0.9950224004417905, 0.0009955199116420117, 0.0009955199116420117, 0.0009955199116420117, 0.0009955199116420117, 0.0009955199116420117], [0.9950224004417905, 0.0009955199116420117, 0.0009955199116420117, 0.0009955199116420117, 0.0009955199116420117, 0.0009955199116420117], [0.9950224004417905, 0.0009955199116420117, 0.0009955199116420117, 0.0009955199116420117, 0.0009955199116420117, 0.0009955199116420117], [0.9950224004417905, 0.0009955199116420117, 0.0009955199116420117, 0.0009955199116420117, 0.0009955199116420117, 0.0009955199116420117], [0.9950224004417905, 0.0009955199116420117, 0.0009955199116420117, 0.0009955199116420117, 0.0009955199116420117, 0.0009955199116420117], [0.9950224004417905, 0.0009955199116420117, 0.0009955199116420117, 0.0009955199116420117, 0.0009955199116420117, 0.0009955199116420117], [0.9950224004417905, 0.0009955199116420117, 0.0009955199116420117, 0.0009955199116420117, 0.0009955199116420117, 0.0009955199116420117], [0.9950224004417905, 0.0009955199116420117, 0.0009955199116420117, 0.0009955199116420117, 0.0009955199116420117, 0.0009955199116420117], [0.9950224004417905, 0.0009955199116420117, 0.0009955199116420117, 0.0009955199116420117, 0.0009955199116420117, 0.0009955199116420117], [0.9950224004417905, 0.0009955199116420117, 0.0009955199116420117, 0.0009955199116420117, 0.0009955199116420117, 0.0009955199116420117], [0.9950224004417905, 0.0009955199116420117, 0.0009955199116420117, 0.0009955199116420117, 0.0009955199116420117, 0.0009955199116420117], [0.9950224004417905, 0.0009955199116420117, 0.0009955199116420117, 0.0009955199116420117, 0.0009955199116420117, 0.0009955199116420117], [0.9950224004417905, 0.0009955199116420117, 0.0009955199116420117, 0.0009955199116420117, 0.0009955199116420117, 0.0009955199116420117], [0.9950224004417905, 0.0009955199116420117, 0.0009955199116420117, 0.0009955199116420117, 0.0009955199116420117, 0.0009955199116420117], [0.9950224004417905, 0.0009955199116420117, 0.0009955199116420117, 0.0009955199116420117, 0.0009955199116420117, 0.0009955199116420117], [0.9950224004417905, 0.0009955199116420117, 0.0009955199116420117, 0.0009955199116420117, 0.0009955199116420117, 0.0009955199116420117], [0.9950224004417905, 0.0009955199116420117, 0.0009955199116420117, 0.0009955199116420117, 0.0009955199116420117, 0.0009955199116420117], [0.9950224004417905, 0.0009955199116420117, 0.0009955199116420117, 0.0009955199116420117, 0.0009955199116420117, 0.0009955199116420117], [0.9950224004417905, 0.0009955199116420117, 0.0009955199116420117, 0.0009955199116420117, 0.0009955199116420117, 0.0009955199116420117], [0.9950224004417905, 0.0009955199116420117, 0.0009955199116420117, 0.0009955199116420117, 0.0009955199116420117, 0.0009955199116420117], [0.9950224004417905, 0.0009955199116420117, 0.0009955199116420117, 0.0009955199116420117, 0.0009955199116420117, 0.0009955199116420117], [0.9950224004417905, 0.0009955199116420117, 0.0009955199116420117, 0.0009955199116420117, 0.0009955199116420117, 0.0009955199116420117], [0.9950224004417905, 0.0009955199116420117, 0.0009955199116420117, 0.0009955199116420117, 0.0009955199116420117, 0.0009955199116420117], [0.9950224004417905, 0.0009955199116420117, 0.0009955199116420117, 0.0009955199116420117, 0.0009955199116420117, 0.0009955199116420117], [0.9950224004417905, 0.0009955199116420117, 0.0009955199116420117, 0.0009955199116420117, 0.0009955199116420117, 0.0009955199116420117], [0.9950224004417905, 0.0009955199116420117, 0.0009955199116420117, 0.0009955199116420117, 0.0009955199116420117, 0.0009955199116420117], [0.9950224004417905, 0.0009955199116420117, 0.0009955199116420117, 0.0009955199116420117, 0.0009955199116420117, 0.0009955199116420117], [0.9950224004417905, 0.0009955199116420117, 0.0009955199116420117, 0.0009955199116420117, 0.0009955199116420117, 0.0009955199116420117]], [[0.9950224004417905, 0.0009955199116420117, 0.0009955199116420117, 0.0009955199116420117, 0.0009955199116420117, 0.0009955199116420117], [0.9950224004417905, 0.0009955199116420117, 0.0009955199116420117, 0.0009955199116420117, 0.0009955199116420117, 0.0009955199116420117], [0.9950224004417905, 0.0009955199116420117, 0.0009955199116420117, 0.0009955199116420117, 0.0009955199116420117, 0.0009955199116420117], [0.9815927395792918, 0.00956116537195089, 0.004847604114934579, 0.000999928336281472, 0.0017325245441269263, 0.0012660380534143445], [0.9814337556415116, 0.009788285283065537, 0.004847604114934579, 0.000999928336281472, 0.0016643885707925323, 0.0012660380534143445], [0.00543349298062336, 0.008574755060786901, 0.004375842319989058, 0.0009999267222396404, 0.9793521484175988, 0.0012638344987621266], [0.9805465164039524, 0.011055769908150027, 0.004847604114934579, 0.000999928336281472, 0.001284143183267185, 0.0012660380534143445], [0.9382251380381591, 0.027072896474831094, 0.019184788309512733, 0.003454324764870713, 0.010758192623634973, 0.0013046597889911952], [0.9100813683900019, 0.04090715423172243, 0.030323800034856636, 0.006812124022379134, 0.010800236692647557, 0.0010753166283924995], [0.03067237403257345, 0.05018329163328258, 0.03830992405833494, 0.00865209521271483, 0.871124433109413, 0.0010578819536811127], [0.04929515411014874, 0.06515851439747036, 0.07202595987799697, 0.012196952459941207, 0.8002715904867997, 0.001051828667642959], [0.78920566499635, 0.08712173635667823, 0.08252140133039679, 0.015254830384164784, 0.024857905797236245, 0.001038461135173835], [0.7130550395921571, 0.11116826450642193, 0.10557604474036322, 0.015199900725967696, 0.053943061870626384, 0.001057688564463722], [0.06218738113274978, 0.08497247300037475, 0.08717865366567745, 0.01307416716743005, 0.751587337934824, 0.0009999870989438845], [0.047019157569693354, 0.07320010640661768, 0.07700624917294956, 0.008571151181430287, 0.7931536745748644, 0.0010496610944446681], [0.02558207109766981, 0.04968852326931686, 0.039560696666171465, 0.005364751520744936, 0.878748473017939, 0.0010554844281579303], [0.9137517644871194, 0.036745518367322566, 0.03172811589596394, 0.0071376077336580005, 0.009564616820141461, 0.0010723766957946219], [0.9383676095181996, 0.02686936578905896, 0.019184788309512733, 0.003454324764870713, 0.010819251829366614, 0.0013046597889911952], [0.9805465164039524, 0.011055769908150027, 0.004847604114934579, 0.000999928336281472, 0.001284143183267185, 0.0012660380534143445], [0.0054597649423463865, 0.008537223686896868, 0.004375842319989059, 0.0009999267222396406, 0.9793634078297659, 0.0012638344987621268], [0.004544664923531434, 0.009844509428061084, 0.004375842319989059, 0.0009999267222396406, 0.9789712221074167, 0.0012638344987621268], [0.02092920798666855, 0.02515641670069779, 0.019044317975761796, 0.002970701411260893, 0.9305970337274964, 0.001302322198114658], [0.9366313103537316, 0.027444578577765624, 0.024413175516012266, 0.0036718201176583727, 0.0067660272533990725, 0.0010730881814328761], [0.9380952427767024, 0.027258461134055025, 0.019184788309512733, 0.003454324764870713, 0.010702523225867793, 0.0013046597889911952], [0.9378748997904696, 0.027573236828673357, 0.019184788309512733, 0.003454324764870713, 0.010608090517482294, 0.0013046597889911952], [0.9242509782182111, 0.03418235105397775, 0.027202581475284565, 0.0044693650829579126, 0.008819078335217462, 0.0010756458343512795], [0.8887377566833402, 0.04555081266577739, 0.03741867144806824, 0.008352703715058743, 0.01887749241814766, 0.0010625630696077493], [0.8878135533139015, 0.04687110380597368, 0.04061547443529879, 0.008352703718948275, 0.015284601655775271, 0.001062563070102544], [0.8164668833541671, 0.07129537826634613, 0.06950766074353426, 0.010717849654631347, 0.03095699844939422, 0.0010552295319270718], [0.059316278593629965, 0.07260497077570623, 0.07722048688748756, 0.011864663406020149, 0.7779936140323624, 0.000999986304793731], [0.831142569178624, 0.06435606847488613, 0.06886246475251179, 0.011063846321606497, 0.023522477434464766, 0.0010525738379068555], [0.8863688688970146, 0.04500409634598174, 0.04334453106830646, 0.01064666767477524, 0.013577788339248895, 0.0010580476746729118], [0.905223503655707, 0.04712969258370789, 0.030559838613337803, 0.007207056559969891, 0.008807339521849847, 0.0010725690654275208], [0.020168313409139615, 0.026243408954310557, 0.019044317975761796, 0.002970701411260893, 0.9302709360514125, 0.001302322198114658], [0.9802297218012239, 0.011508333626333703, 0.004847604114934579, 0.000999928336281472, 0.0011483740678120825, 0.0012660380534143445], [0.9389364781812573, 0.026056696270405223, 0.019184788309512733, 0.003454324764870713, 0.011063052684962734, 0.0013046597889911952], [0.9804932458661269, 0.01113187067647217, 0.004847604114934579, 0.000999928336281472, 0.0012613129527705418, 0.0012660380534143445], [0.005408136569050085, 0.008610978505891582, 0.004375842319989058, 0.0009999267222396404, 0.9793412813840674, 0.0012638344987621266], [0.00574004304487456, 0.008136826397570901, 0.004375842319989058, 0.0009999267222396404, 0.9794835270165636, 0.0012638344987621266], [0.9950224004417905, 0.0009955199116420117, 0.0009955199116420117, 0.0009955199116420117, 0.0009955199116420117, 0.0009955199116420117]], [[0.9950224004417905, 0.0009955199116420117, 0.0009955199116420117, 0.0009955199116420117, 0.0009955199116420117, 0.0009955199116420117], [0.9816877621923231, 0.009425418781905916, 0.004847604114934578, 0.0009999283362814718, 0.001773248521140417, 0.001266038053414344], [0.0053131141094000705, 0.008746724876820173, 0.004375842319989058, 0.0009999267222396404, 0.9793005574727888, 0.0012638344987621266], [0.9815659821642051, 0.0134194857837393, 0.0009995183452873042, 0.0009995183452873042, 0.0017527366500895262, 0.0012627587113915825], [0.9814709985123813, 0.01355517671491614, 0.0009995183452873042, 0.0009995183452873042, 0.0017120293707364738, 0.0012627587113915825], [0.980355111521575, 0.015149300987496332, 0.000999518345287304, 0.000999518345287304, 0.0012337920889624152, 0.0012627587113915823], [0.9367396802390845, 0.04343157565604337, 0.0009996621349688663, 0.00428844523285063, 0.013240879282614736, 0.0012997574544379904], [0.01796966188113567, 0.06444031394048423, 0.0009998934929211839, 0.004182437448825978, 0.91133042744572, 0.0010772657909128844], [0.888513147067591, 0.09092893865912043, 0.0009998827992729067, 0.007471319440963404, 0.011027907517661183, 0.0010588045153911393], [0.05851783389478806, 0.12851188250345133, 0.0009998799033946496, 0.012007735618101714, 0.7989078495238339, 0.0010548185564304535], [0.7910807837668753, 0.16386137603840523, 0.0009998736633399462, 0.013146239185712894, 0.029870021107933815, 0.0010417062377327205], [0.6925295300863318, 0.23024706802954814, 0.0009998795628409728, 0.019801722165973562, 0.05536648263627011, 0.0010553175190355546], [0.6956978193768968, 0.22518952532545689, 0.0009998757579857008, 0.022631344658222384, 0.054436710299157955, 0.0010447245822803224], [0.6889614764657654, 0.23187701657305484, 0.000999880596210623, 0.015546877675587144, 0.061558436685850065, 0.0010563120035319044], [0.7917562368434058, 0.1648220890197464, 0.00099987581902351, 0.011766140607107192, 0.029611853857822095, 0.0010438038528950563], [0.048952540795793906, 0.13516150504912816, 0.000999879848785645, 0.009634283134277109, 0.8041970878756529, 0.0010547032963623122], [0.8938362567083217, 0.09044988469152428, 0.0009998822426785523, 0.0049407422811625495, 0.008714984132673376, 0.0010582499436394323], [0.015144767590924212, 0.0617723866383013, 0.0009998919804699526, 0.004516945684725946, 0.9164902559162714, 0.0010757521893071745], [0.9368831865604806, 0.0432265666254773, 0.000999662134968866, 0.0042884452328506295, 0.01330238199178455, 0.0012997574544379902], [0.9796981714528992, 0.016040656667783124, 0.0009994850692572612, 0.0009994850692572612, 0.0009994850692572612, 0.0012627166715460756], [0.030578407302180623, 0.0457423039581621, 0.0009996637262629441, 0.004351838329198129, 0.9170249008319088, 0.0013028858522874222], [0.9332564801456447, 0.0540749564856383, 0.0009998910224234964, 0.003720723821855387, 0.006873532430498774, 0.0010744160939392393], [0.912129912850719, 0.07049833949102133, 0.0009998828199032936, 0.004670008191014018, 0.01064297438227587, 0.0010588822650666391], [0.020877349737022214, 0.06841187056132339, 0.0009998925964840688, 0.007080559249747008, 0.901553964626439, 0.0010763632289841774], [0.02264550194613709, 0.0736673752223753, 0.0009998922594994378, 0.0053767543411182795, 0.8962344214593801, 0.0010760547714897333], [0.8871222750793579, 0.08822706567249608, 0.0009998831490447802, 0.009925755433005203, 0.0126658664330565, 0.0010591542330396328], [0.8245013260944516, 0.13005718035871466, 0.0009998833879706782, 0.010806553173374422, 0.032576991400349975, 0.0010580655851387363], [0.8038648581177871, 0.14254525312248995, 0.0009998834229162283, 0.015596413413740956, 0.035935526330048644, 0.0010580655930172947], [0.7848679566980875, 0.17260119942577584, 0.0009998751088879623, 0.012635449313773342, 0.02785241073515227, 0.0010431087183231389], [0.7143436604567578, 0.21702217991359535, 0.000999879760456169, 0.015081259248455318, 0.051497503391707354, 0.0010555172290279715], [0.789599158335005, 0.16235638686741477, 0.0009998736905691326, 0.012987557552349057, 0.033015292849549294, 0.0010417307051128683], [0.8154176272878046, 0.138809066586318, 0.0009998814604202082, 0.008840650478481394, 0.03487666710979648, 0.0010561070771791783], [0.8862881382848475, 0.0932100622484351, 0.0009998822026893203, 0.006730579355676254, 0.011713137895114049, 0.0010582000132375983], [0.9105705149441189, 0.0710135333355915, 0.0009998892025082967, 0.0037806082304799524, 0.012562888402758696, 0.0010725658845426589], [0.9357709242645209, 0.04481551276256272, 0.0009996621349688663, 0.00428844523285063, 0.01282569815065893, 0.0012997574544379904], [0.015679331459942145, 0.056799775653077984, 0.0009998938450177064, 0.0041259328480091305, 0.9213174343869269, 0.0010776318070259854], [0.03060331717349833, 0.04570671842770822, 0.0009996637262629441, 0.004351838329198129, 0.9170355764910451, 0.0013028858522874222], [0.004454147124602898, 0.017549395731755145, 0.0009996451541763852, 0.0012895986611235785, 0.9744408391909245, 0.0012663741374173444], [0.005408136569050085, 0.00861097850589158, 0.004375842319989058, 0.0009999267222396404, 0.9793412813840674, 0.0012638344987621266], [0.9950224004417905, 0.0009955199116420117, 0.0009955199116420117, 0.0009955199116420117, 0.0009955199116420117, 0.0009955199116420117]], [[0.9950224004417905, 0.0009955199116420117, 0.0009955199116420117, 0.0009955199116420117, 0.0009955199116420117, 0.0009955199116420117], [0.9813558551807486, 0.009899571655584019, 0.004847604114934579, 0.000999928336281472, 0.0016310026590369876, 0.0012660380534143445], [0.005623431139469094, 0.01587898999623201, 0.0009996451541763852, 0.0012895986611235785, 0.9749419609115816, 0.0012663741374173444], [0.9812990615168037, 0.013800800994312726, 0.0009995183452873042, 0.0009995183452873042, 0.001638342086917498, 0.0012627587113915825], [0.9807795946932776, 0.014542896456492952, 0.0009995183452873042, 0.0009995183452873042, 0.0014157134482634306, 0.0012627587113915825], [0.937581982064242, 0.0422282873343898, 0.0009996621349688663, 0.00428844523285063, 0.013601865779110805, 0.0012997574544379904], [0.9244493123120064, 0.0611850308290604, 0.000999889562712796, 0.004239020365935229, 0.008053796930745979, 0.0010729499995392828], [0.02473595240563969, 0.07747716619304411, 0.0009998823865969033, 0.005686903481247111, 0.8900412691089974, 0.0010588264244747426], [0.048386744167972326, 0.12420839223381383, 0.0009998800585622138, 0.010316844340555794, 0.8150332081866715, 0.0010549310124243008], [0.06936731228465605, 0.1513214205998616, 0.0009998389730082695, 0.011264208108070599, 0.7660473810613952, 0.0009998389730082695], [0.7192636084330039, 0.2127237386957538, 0.0009998801931383132, 0.01756608088962669, 0.048390775881522526, 0.0010559159069547675], [0.6853825583929233, 0.23446292552273895, 0.0009998778535253445, 0.01979491414232006, 0.05831288847972472, 0.0010468356087676414], [0.37692771592922614, 0.38675436227431453, 0.0009998516508690138, 0.031034320171461936, 0.20328389832325933, 0.0009998516508690138], [0.6691250564636496, 0.25119559970561156, 0.0009998744725897366, 0.02335727581536595, 0.05427868316699616, 0.0010435103757870075], [0.09269564275536954, 0.21281446761772133, 0.0009998372579403875, 0.01763732256162166, 0.6748528925494068, 0.0009998372579403875], [0.8037438136221453, 0.15439264748944845, 0.000999875389007945, 0.01413255482851288, 0.025687726023804293, 0.0010433826470811476], [0.8537942831408516, 0.11539043044448584, 0.0009998824975813879, 0.009583818721718578, 0.01917441477040892, 0.001057170424953618], [0.9080166234110857, 0.07627332609735586, 0.000999882117468655, 0.0052066039101177864, 0.008445392676646853, 0.0010581717873251965], [0.9289302464240582, 0.05699487810688207, 0.0009998894983032297, 0.0038307976143470025, 0.008171337792504136, 0.001072850563905346], [0.9357046354801146, 0.044910211026000124, 0.000999662134968866, 0.0042884452328506295, 0.012797288671627702, 0.0012997574544379902], [0.01578247754139751, 0.06629756414219164, 0.0009998936124457369, 0.004086289310170383, 0.9117563567619871, 0.001077418631807743], [0.025496607970678462, 0.08353546328591228, 0.0009998828984286582, 0.006104323267393486, 0.8828044289412037, 0.001059293636383443], [0.844980021318611, 0.12323379398758624, 0.0009998836281826322, 0.008219476336193594, 0.021508502353880625, 0.0010583223755458106], [0.8901271087371526, 0.08956918849265454, 0.0009998830912320601, 0.006801534230359562, 0.011443182926986838, 0.001059102521614382], [0.03494386027308893, 0.09753658819838837, 0.000999880399326728, 0.008145474265984887, 0.857317371512628, 0.0010568253505830007], [0.07062184478869295, 0.1362446968564552, 0.0009998849628403519, 0.016182809177907872, 0.774890864436175, 0.0010598997779285772], [0.7847386502498267, 0.15827688272254029, 0.0009998740311860856, 0.01736010855978118, 0.03758241178548991, 0.001042072651175889], [0.7792681033826404, 0.16390340047161364, 0.000999873985432948, 0.015616529670419859, 0.03917010388291727, 0.0010419886069758506], [0.10113679313723263, 0.20926902075776435, 0.0009998361259297268, 0.022343457451518493, 0.6652510564016251, 0.0009998361259297268], [0.6933041447658799, 0.226749738384815, 0.0009998743964900862, 0.023721004065407125, 0.05418184988752064, 0.001043388499887357], [0.7129175157325626, 0.22118296159191128, 0.0009998799139479902, 0.015776098234008207, 0.048067877816678366, 0.0010556667108916542], [0.0527062763740307, 0.1595427116269125, 0.0009998350417966487, 0.009776573049922506, 0.7759747688655411, 0.0009998350417966487], [0.05245371900106729, 0.13073675386231204, 0.000999879997850259, 0.008352313080258822, 0.8064024379300788, 0.0010548961284328907], [0.8902446076901034, 0.08770612870676535, 0.000999882986382356, 0.006775592677687769, 0.013214795162939878, 0.0010589927761214149], [0.9205177914629452, 0.06391054591965831, 0.0009998891741360796, 0.004046700936423266, 0.009452518993656267, 0.0010725535131807047], [0.9073685829640146, 0.07319679084074694, 0.000999883036061069, 0.005127444293122299, 0.012248233014249318, 0.0010590658518058848], [0.9258185790806599, 0.05733319577760158, 0.0009998892095546108, 0.003770796494037422, 0.011004963239682681, 0.0010725761984637936], [0.9368552998438978, 0.043266404792024135, 0.000999662134968866, 0.0042884452328506295, 0.013290430541820499, 0.0012997574544379902], [0.9805465164039524, 0.011055769908150027, 0.004847604114934579, 0.000999928336281472, 0.001284143183267185, 0.0012660380534143445], [0.9950224004417905, 0.0009955199116420117, 0.0009955199116420117, 0.0009955199116420117, 0.0009955199116420117, 0.0009955199116420117]], [[0.9950224004417905, 0.0009955199116420117, 0.0009955199116420117, 0.0009955199116420117, 0.0009955199116420117, 0.0009955199116420117], [0.9814074836373814, 0.009825816717537218, 0.004847604114934579, 0.000999928336281472, 0.001653129140451028, 0.0012660380534143445], [0.9813677839365543, 0.013702626108954626, 0.0009995183452873042, 0.0009995183452873042, 0.0016677945525249284, 0.0012627587113915825], [0.005408090463175977, 0.016186619533793606, 0.0009996451541763852, 0.0012895986611235785, 0.974849672050313, 0.0012663741374173444], [0.005356476627846064, 0.01626035358426491, 0.0009996451541763852, 0.0012895986611235785, 0.9748275518351716, 0.0012663741374173444], [0.003641395320864026, 0.018710469737096395, 0.0009996451541763852, 0.0012895986611235785, 0.9740925169893221, 0.0012663741374173444], [0.9354565244791551, 0.045264655313085475, 0.0009996621349688663, 0.00428844523285063, 0.012690955385502104, 0.0012997574544379904], [0.01849696547835767, 0.07831404572648709, 0.000999892892835341, 0.003975692340914821, 0.8971367562600098, 0.0010766473013952705], [0.8774270497100449, 0.09692484369358945, 0.000999882330373524, 0.008609626991841594, 0.014980237532490536, 0.0010583597416599924], [0.8137211576424329, 0.1396663346574823, 0.000999880840577281, 0.011351628845733411, 0.03320553083034545, 0.0010554671834285862], [0.79063622293488, 0.15540785203694302, 0.000999873884254378, 0.016327423246194853, 0.03558676945487241, 0.0010418584428552586], [0.6978572955941386, 0.22305068879990209, 0.0009998831606972546, 0.018489462589433035, 0.05854375304344689, 0.001058916812382005], [0.09737477402704778, 0.23524649923150986, 0.000999826881093399, 0.023512106378955542, 0.6418669666003002, 0.000999826881093399], [0.0927381380807469, 0.22592058604473644, 0.0009998370330393043, 0.014411776944158851, 0.6649298248642793, 0.0009998370330393043], [0.06414269576732594, 0.16253352868317195, 0.0009998387388317632, 0.01125556844877767, 0.760068529623061, 0.0009998387388317632], [0.8305180943065387, 0.13444462277622435, 0.0009998832894108883, 0.009585619645366575, 0.02339384712040769, 0.001057932862051855], [0.8978656049269894, 0.08410656010648014, 0.0009998807789238047, 0.006122476534372255, 0.009848655530064662, 0.0010568221231696772], [0.9177664605566549, 0.06143970368716354, 0.0009998893406026202, 0.005863760662490439, 0.01285746674037634, 0.001072719012712064], [0.9348068422216561, 0.04619277282379833, 0.0009996621349688663, 0.00428844523285063, 0.01241252013228825, 0.0012997574544379904], [0.9112094965564452, 0.06806971481075601, 0.0009998893797386111, 0.0066620758578635735, 0.01198610436959862, 0.0010727190255980206], [0.023122764005928807, 0.07028026595420966, 0.0009995529873762666, 0.004815966325104376, 0.8997818977400047, 0.0009995529873762666], [0.868817683466628, 0.09941393074132278, 0.0009995528050654036, 0.00834362281369376, 0.021425657368224795, 0.0009995528050654036], [0.8483763098765033, 0.11112550699138944, 0.0009995362814962639, 0.011566731378402037, 0.02693237919071289, 0.0009995362814962639], [0.8494183530227261, 0.10870256599797315, 0.0009995525694422925, 0.009641225156707012, 0.030238750683709275, 0.0009995525694422925], [0.8381973567611669, 0.11483238690475114, 0.0009995496768464582, 0.012953729741612033, 0.03201742723877706, 0.0009995496768464582], [0.8242138752816717, 0.1370530450867269, 0.0009995354452223466, 0.008066288967364397, 0.028667719773792455, 0.0009995354452223466], [0.755735515817243, 0.1735737743092003, 0.000999552265187892, 0.016967732212496478, 0.051723873130684696, 0.000999552265187892], [0.19753800852622805, 0.16964887960856198, 0.000999481431779786, 0.013683182719328049, 0.6171309662823223, 0.000999481431779786], [0.7488875851590591, 0.17894512568047438, 0.0009995360875912102, 0.016641888123644973, 0.05352632886163927, 0.0009995360875912102], [0.4358583085053602, 0.26450122452123936, 0.0009994773212041045, 0.024515777966655165, 0.27312573436433707, 0.0009994773212041045], [0.7569380383361374, 0.17204673466342413, 0.0009995359323354124, 0.016260464929212515, 0.05275569020655521, 0.0009995359323354124], [0.7675887466750966, 0.16520731481198087, 0.0009995514273878016, 0.017120000518499406, 0.04808483513964759, 0.0009995514273878016], [0.8425617496382739, 0.11880308254563379, 0.0009995339981257456, 0.010635263964204911, 0.02600083585563607, 0.0009995339981257456], [0.8810205031916133, 0.09067809469185185, 0.000999553375872399, 0.0063685563794173145, 0.01993373898537287, 0.000999553375872399], [0.9016013816472497, 0.07586337023934236, 0.0009995522191791905, 0.00821585970630621, 0.012320283968743505, 0.0009995522191791905], [0.04623659551375569, 0.11689934363081247, 0.0009998793700109689, 0.009570604789140172, 0.8252393511075344, 0.0010542255887462468], [0.8954873368614069, 0.08173072592925429, 0.0009998830533156037, 0.00911899302452435, 0.011603995290517645, 0.0010590658409812843], [0.01774575561861784, 0.061602838406781234, 0.0009998938500516003, 0.004125932926982326, 0.9144479473560149, 0.0010776318415519864], [0.9384443289197545, 0.026759766643980876, 0.019184788309512736, 0.003454324764870714, 0.010852131572890042, 0.0013046597889911954], [0.9950224004417905, 0.0009955199116420117, 0.0009955199116420117, 0.0009955199116420117, 0.0009955199116420117, 0.0009955199116420117]], [[0.9950224004417905, 0.0009955199116420117, 0.0009955199116420117, 0.0009955199116420117, 0.0009955199116420117, 0.0009955199116420117], [0.9814074836373814, 0.009825816717537218, 0.004847604114934579, 0.000999928336281472, 0.001653129140451028, 0.0012660380534143445], [0.9814709985123813, 0.01355517671491614, 0.0009995183452873042, 0.0009995183452873042, 0.0017120293707364738, 0.0012627587113915825], [0.981350668804717, 0.01372707629729348, 0.000999518345287304, 0.000999518345287304, 0.0016604594960232704, 0.0012627587113915823], [0.9801020231901988, 0.015510855746605155, 0.000999518345287304, 0.000999518345287304, 0.0011253256612297686, 0.0012627587113915823], [0.030362053392460293, 0.04605138097204829, 0.0009996637262629441, 0.004351838329198129, 0.9169321777277429, 0.0013028858522874222], [0.024933648446892914, 0.06210868604234327, 0.0009998930907068433, 0.00582704263983846, 0.9050538726745755, 0.0010768571056429415], [0.891799658298003, 0.08430056478104915, 0.0009998816403215857, 0.005141368110164565, 0.016700816329600875, 0.0010577108408609585], [0.8295693183344987, 0.1317460915906896, 0.0009998843600046016, 0.007986807941378658, 0.02863886710233618, 0.0010590306710924386], [0.8065283122443231, 0.146534581511789, 0.0009998732279546927, 0.010694525748876629, 0.03420144809764447, 0.0010412591694121593], [0.080342558877184, 0.15329254084171068, 0.0009998843705351069, 0.013662335882284748, 0.7506434426853135, 0.0010592373429720678], [0.7806139724055061, 0.16131664975142385, 0.0009998732246958902, 0.011492827316043078, 0.044535418136312614, 0.001041259166018471], [0.711928443545495, 0.20665843837745934, 0.000999883357031901, 0.015271142484051758, 0.06408295744014401, 0.0010591347958178166], [0.7906186519215951, 0.15756443110903331, 0.0009998750539075348, 0.014875231431090891, 0.034898717641841485, 0.001043092842531796], [0.8308969872456321, 0.13038978692696843, 0.0009998822636565542, 0.008136401632084622, 0.02852000483334361, 0.0010569370983145316], [0.023075417084118095, 0.08950544036054293, 0.0009998803734385918, 0.0052049111456394705, 0.8801575868738961, 0.001056764162364776], [0.9180729321616209, 0.0629513675955113, 0.000999888645492931, 0.004199868396438604, 0.01270391802534011, 0.0010720251755961929], [0.02853120073216145, 0.0486668847724752, 0.0009996637262629441, 0.004351838329198129, 0.9161475265876149, 0.0013028858522874222], [0.9168438350045104, 0.06640745349584247, 0.0009998883090034626, 0.005858823007766088, 0.008818315852667865, 0.0010716843302097587], [0.8931578666595102, 0.08602341965475219, 0.0009998815365656396, 0.0063062373246734315, 0.012454990422455691, 0.0010576044020426528], [0.04993103037962603, 0.10645417656059467, 0.0009995476634778097, 0.009002965897185146, 0.8326127318356384, 0.0009995476634778097], [0.048853835166549106, 0.1286715354139395, 0.000999467472802899, 0.008776907552179337, 0.8116987869217264, 0.000999467472802899], [0.7681262908761302, 0.16905365184897717, 0.0009995538875094466, 0.012425307373472194, 0.04839564212640185, 0.0009995538875094466], [0.8262429591563516, 0.1291308267735944, 0.000999534254846241, 0.010047563282031107, 0.0325795822783305, 0.000999534254846241], [0.710135568624245, 0.13898340382418806, 0.0009995342161393038, 0.01707023997594656, 0.13181171914334186, 0.0009995342161393038], [0.19499862435402293, 0.16647206659765923, 0.0009994687515934033, 0.022026119603556694, 0.6145042519415744, 0.0009994687515934033], [0.09596398988567949, 0.1782482968640383, 0.000999460393965196, 0.017911450343851734, 0.7058773421185001, 0.000999460393965196], [0.6516790255956996, 0.17958937336496736, 0.000999553021405521, 0.015680229288175748, 0.15105226570834637, 0.000999553021405521], [0.7457848065237719, 0.17864971424229517, 0.000999554469991935, 0.01828565298806175, 0.05528071730588726, 0.000999554469991935], [0.7675596160466657, 0.16870089790776646, 0.0009995403266593282, 0.01606397251979202, 0.045676432872457096, 0.0009995403266593282], [0.7554632953442794, 0.17318785184102115, 0.0009995537063874794, 0.016195171314094342, 0.05315457408783033, 0.0009995537063874794], [0.052818202839127984, 0.11813938686029106, 0.000999469758383397, 0.0096111987324507, 0.8174322720513636, 0.000999469758383397], [0.0481830406334715, 0.10531897976526321, 0.0009995452196969537, 0.008024330891771991, 0.8364745582700995, 0.0009995452196969537], [0.8907000619743194, 0.08370153461233185, 0.0009995491593523121, 0.007252995265775439, 0.01634630982886872, 0.0009995491593523121], [0.8635856024878233, 0.09973752113970363, 0.000999554226900425, 0.010493186525563483, 0.024184581393108678, 0.000999554226900425], [0.0482504198106049, 0.14445711874999337, 0.000999838844601349, 0.011796221768009237, 0.7934965619821898, 0.000999838844601349], [0.8292280198138774, 0.13724901017915628, 0.0009998825176412906, 0.008059824313302912, 0.023406069175549535, 0.0010571940004724103], [0.024360390786214745, 0.09901789197214245, 0.0009998815825785594, 0.004972333495496867, 0.8695915162640966, 0.0010579858994709615], [0.9237271248973136, 0.03392497026072073, 0.02781699471191188, 0.004003238656739855, 0.00945641427231483, 0.0010712572009990797], [0.9950224004417905, 0.0009955199116420117, 0.0009955199116420117, 0.0009955199116420117, 0.0009955199116420117, 0.0009955199116420117]], [[0.9950224004417905, 0.0009955199116420117, 0.0009955199116420117, 0.0009955199116420117, 0.0009955199116420117, 0.0009955199116420117], [0.9814074836373814, 0.009825816717537218, 0.004847604114934579, 0.000999928336281472, 0.001653129140451028, 0.0012660380534143445], [0.9814709985123813, 0.01355517671491614, 0.0009995183452873042, 0.0009995183452873042, 0.0017120293707364738, 0.0012627587113915825], [0.9802068791739317, 0.015361061484129543, 0.000999518345287304, 0.000999518345287304, 0.001170263939972452, 0.0012627587113915823], [0.030425961826534665, 0.045960083209084894, 0.0009996637262629441, 0.004351838329198129, 0.9169595670566321, 0.0013028858522874222], [0.923201844523481, 0.06214967982763029, 0.000999889630616764, 0.0034607750759626608, 0.009114804103973305, 0.001073006838336125], [0.8982159590510407, 0.08248171335980446, 0.0009998807734735403, 0.005111977917694744, 0.012133688490541363, 0.0010567804074453244], [0.05751346422002927, 0.12227243611895999, 0.0009998803439309628, 0.00975704742646231, 0.8084019350948917, 0.0010552367957256596], [0.8025811876523654, 0.14939710943486634, 0.00099987513662756, 0.013059920183479389, 0.03291874962639119, 0.0010431579662700376], [0.7267959994991371, 0.19712888885825172, 0.000999885046615034, 0.01655581509017439, 0.05745860469559095, 0.0010608068102307632], [0.7937321729298082, 0.1524001436773308, 0.0009998747316472146, 0.011100263667404459, 0.040724773391248324, 0.001042771602560866], [0.7964471409620703, 0.14402643926468015, 0.0009998839662754742, 0.013530000385860302, 0.04393789224859992, 0.0010586431725138673], [0.7919843870707435, 0.15991488750525695, 0.0009998747749719635, 0.011100263682777872, 0.03495781534760558, 0.001042771618644158], [0.06734087448391297, 0.13052253326943924, 0.0009998793643483542, 0.012154815815177099, 0.7879276694651602, 0.0010542276019621434], [0.8797756811960449, 0.09033791212971934, 0.000999880787551832, 0.00881163037872552, 0.01901808692108874, 0.0010568085868697908], [0.02502376242011847, 0.06837983679326434, 0.0009998927849099596, 0.007246376326898429, 0.8972735860826111, 0.0010765455921977326], [0.9347971171756513, 0.046206665746662295, 0.0009996621349688663, 0.00428844523285063, 0.012408352255429059, 0.0012997574544379904], [0.9216521123532427, 0.06102305704044338, 0.0009998883794127495, 0.0047986080660054635, 0.01045457351795285, 0.0010717606429429187], [0.8988664245677341, 0.08115207551780677, 0.0009998815303987195, 0.005301193718983259, 0.012622849484711264, 0.0010575751803657998], [0.8407500360840098, 0.1175003423965733, 0.0009998846685773419, 0.008620497441065519, 0.031069854232086056, 0.0010593851776880265], [0.8381351265573369, 0.12349178005432054, 0.000999537222369095, 0.010570201266439237, 0.025803817677165133, 0.000999537222369095], [0.7652014322241977, 0.17062501103293076, 0.0009995577722686372, 0.011543355880924708, 0.050631085317409605, 0.0009995577722686372], [0.641875785896627, 0.18685351255539517, 0.0009995382675318995, 0.016989336476453825, 0.15228228853646036, 0.0009995382675318995], [0.10630316910774776, 0.26117520334857325, 0.0009994872510813671, 0.011489969103359662, 0.6190326839381567, 0.0009994872510813671], [0.6408639893406498, 0.2792657022551481, 0.000999554394066186, 0.019334221625067385, 0.058536977991002576, 0.000999554394066186], [0.5397602880076822, 0.2883228896816044, 0.0009995385208239713, 0.014643152327655999, 0.15527459294140963, 0.0009995385208239713], [0.4218704060617804, 0.3871988106552721, 0.0009994915900854262, 0.02736312983257629, 0.16156867027020047, 0.0009994915900854262], [0.10432921223858513, 0.17817571510391747, 0.000999463977736246, 0.015203720074442739, 0.7002924246275822, 0.000999463977736246], [0.2020151280212115, 0.16453728609680357, 0.000999476822499352, 0.012790789044697512, 0.6186578431922888, 0.000999476822499352], [0.7566111773326639, 0.17127941157853208, 0.0009995555691034862, 0.017162016412574248, 0.05294828353802297, 0.0009995555691034862], [0.06611244104894651, 0.1292854638674931, 0.0009994718412849885, 0.011919269047686584, 0.7906838823533039, 0.0009994718412849885], [0.8449023024916814, 0.11291917956860965, 0.00099955320414612, 0.010574350642449328, 0.02960506088896747, 0.00099955320414612], [0.8851375832439804, 0.08547539133655563, 0.000999548574757098, 0.008574032547980597, 0.018813895721969346, 0.000999548574757098], [0.8542976223203094, 0.1112569116318533, 0.000999554674443767, 0.008004316379298335, 0.02444204031965137, 0.000999554674443767], [0.8383973749973708, 0.12051649512131668, 0.0009995358945860307, 0.009865774617382677, 0.029221283474757716, 0.0009995358945860307], [0.7146386890344721, 0.21588280199844143, 0.000999883358140992, 0.01434079531756048, 0.053078765215632796, 0.001059065075752204], [0.7926303912742426, 0.16066601424903096, 0.0009998737912605704, 0.01372808460196274, 0.030933801310108425, 0.0010418347733948318], [0.831931996989853, 0.13118327767798543, 0.0009998814634462891, 0.008042341626964189, 0.026786395161375712, 0.0010561070803754226], [0.8892131614418849, 0.051558772027731216, 0.03295492144459406, 0.01224506969321835, 0.012970027690299264, 0.0010580477022720909], [0.9950224004417905, 0.0009955199116420117, 0.0009955199116420117, 0.0009955199116420117, 0.0009955199116420117, 0.0009955199116420117]], [[0.9950224004417905, 0.0009955199116420117, 0.0009955199116420117, 0.0009955199116420117, 0.0009955199116420117, 0.0009955199116420117], [0.9814074836373814, 0.009825816717537218, 0.004847604114934579, 0.000999928336281472, 0.001653129140451028, 0.0012660380534143445], [0.9802756015936825, 0.015262886598771445, 0.0009995183452873042, 0.0009995183452873042, 0.0011997164055798824, 0.0012627587113915825], [0.9367881740018951, 0.04336229885202823, 0.0009996621349688663, 0.00428844523285063, 0.013261662323819276, 0.0012997574544379904], [0.01622991633376251, 0.061085028402808265, 0.0009998919995728268, 0.00358759588581923, 0.9170217929785669, 0.0010757743994701694], [0.9046727833258198, 0.07818679707601683, 0.0009998803425431315, 0.004444530263429373, 0.010639649720468325, 0.001056359271722418], [0.8442961848667047, 0.12310129434677006, 0.0009998825798719299, 0.006371473012315592, 0.024173899810787984, 0.0010572653835498418], [0.8109238448512548, 0.15030112601689974, 0.000999874148221412, 0.010154606006721665, 0.02657843650192664, 0.0010421124749756957], [0.7119578227295615, 0.20802152867512716, 0.0009998838457248031, 0.016184880541855476, 0.06177631980027261, 0.001059564407458527], [0.6960452887201616, 0.22303646675250333, 0.0009998779286195035, 0.01766901069584435, 0.0612024544242388, 0.0010469014786324185], [0.11428879351124234, 0.20504864248006216, 0.0009998369367650378, 0.020301539428412143, 0.6583613507067534, 0.0009998369367650378], [0.7813464365869127, 0.16290891630691337, 0.0009998735241003017, 0.013771727613087799, 0.03993152854561005, 0.0010415174233757566], [0.08672275534993232, 0.14313954427840203, 0.0009998814430015853, 0.01360717084303676, 0.7544742955628336, 0.001056352522793637], [0.8604870882150655, 0.10714962608859852, 0.0009998804252148938, 0.011308354230941823, 0.01899858560277819, 0.0010564654374011055], [0.8952298983702227, 0.0830631545039397, 0.0009998888388146434, 0.006332127851138217, 0.01330270751929217, 0.0010722229165926116], [0.9344354143879988, 0.04672338401473707, 0.000999662134968866, 0.0042884452328506295, 0.012253336775006621, 0.0012997574544379902], [0.9187876441474272, 0.06100764036320118, 0.000999888748697599, 0.005451045143876258, 0.012681687724094922, 0.0010720938727028589], [0.0213377302039382, 0.07222945471414711, 0.00099987955232345, 0.004885942465939475, 0.8994910314270782, 0.0010559616365735604], [0.05169385209070306, 0.11724310567466187, 0.0009998787085940036, 0.008727815806493696, 0.8202817328173979, 0.001053614902149473], [0.810196641780701, 0.14534370336278798, 0.0009998745285616484, 0.009606308720972775, 0.03281098230510873, 0.0010424893018677595], [0.07538192981399856, 0.1567987092134624, 0.000999470444512735, 0.010884951474958906, 0.7549354686085546, 0.000999470444512735], [0.753471