{"prediction": [[[0.9950224004417905, 0.0009955199116420117, 0.0009955199116420117, 0.0009955199116420117, 0.0009955199116420117, 0.0009955199116420117], [0.9950224004417905, 0.0009955199116420117, 0.0009955199116420117, 0.0009955199116420117, 0.0009955199116420117, 0.0009955199116420117], [0.9950224004417905, 0.0009955199116420117, 0.0009955199116420117, 0.0009955199116420117, 0.0009955199116420117, 0.0009955199116420117], [0.9950224004417905, 0.0009955199116420117, 0.0009955199116420117, 0.0009955199116420117, 0.0009955199116420117, 0.0009955199116420117], [0.9950224004417905, 0.0009955199116420117, 0.0009955199116420117, 0.0009955199116420117, 0.0009955199116420117, 0.0009955199116420117], [0.9950224004417905, 0.0009955199116420117, 0.0009955199116420117, 0.0009955199116420117, 0.0009955199116420117, 0.0009955199116420117], [0.9950224004417905, 0.0009955199116420117, 0.0009955199116420117, 0.0009955199116420117, 0.0009955199116420117, 0.0009955199116420117], [0.9950224004417905, 0.0009955199116420117, 0.0009955199116420117, 0.0009955199116420117, 0.0009955199116420117, 0.0009955199116420117], [0.9950224004417905, 0.0009955199116420117, 0.0009955199116420117, 0.0009955199116420117, 0.0009955199116420117, 0.0009955199116420117], [0.9950224004417905, 0.0009955199116420117, 0.0009955199116420117, 0.0009955199116420117, 0.0009955199116420117, 0.0009955199116420117], [0.9950224004417905, 0.0009955199116420117, 0.0009955199116420117, 0.0009955199116420117, 0.0009955199116420117, 0.0009955199116420117], [0.9950224004417905, 0.0009955199116420117, 0.0009955199116420117, 0.0009955199116420117, 0.0009955199116420117, 0.0009955199116420117], [0.9950224004417905, 0.0009955199116420117, 0.0009955199116420117, 0.0009955199116420117, 0.0009955199116420117, 0.0009955199116420117], [0.9950224004417905, 0.0009955199116420117, 0.0009955199116420117, 0.0009955199116420117, 0.0009955199116420117, 0.0009955199116420117], [0.9950224004417905, 0.0009955199116420117, 0.0009955199116420117, 0.0009955199116420117, 0.0009955199116420117, 0.0009955199116420117], [0.9950224004417905, 0.0009955199116420117, 0.0009955199116420117, 0.0009955199116420117, 0.0009955199116420117, 0.0009955199116420117], [0.9950224004417905, 0.0009955199116420117, 0.0009955199116420117, 0.0009955199116420117, 0.0009955199116420117, 0.0009955199116420117], [0.9950224004417905, 0.0009955199116420117, 0.0009955199116420117, 0.0009955199116420117, 0.0009955199116420117, 0.0009955199116420117], [0.9950224004417905, 0.0009955199116420117, 0.0009955199116420117, 0.0009955199116420117, 0.0009955199116420117, 0.0009955199116420117], [0.9950224004417905, 0.0009955199116420117, 0.0009955199116420117, 0.0009955199116420117, 0.0009955199116420117, 0.0009955199116420117], [0.9950224004417905, 0.0009955199116420117, 0.0009955199116420117, 0.0009955199116420117, 0.0009955199116420117, 0.0009955199116420117], [0.9950224004417905, 0.0009955199116420117, 0.0009955199116420117, 0.0009955199116420117, 0.0009955199116420117, 0.0009955199116420117], [0.9950224004417905, 0.0009955199116420117, 0.0009955199116420117, 0.0009955199116420117, 0.0009955199116420117, 0.0009955199116420117], [0.9950224004417905, 0.0009955199116420117, 0.0009955199116420117, 0.0009955199116420117, 0.0009955199116420117, 0.0009955199116420117], [0.9950224004417905, 0.0009955199116420117, 0.0009955199116420117, 0.0009955199116420117, 0.0009955199116420117, 0.0009955199116420117], [0.9950224004417905, 0.0009955199116420117, 0.0009955199116420117, 0.0009955199116420117, 0.0009955199116420117, 0.0009955199116420117], [0.9950224004417905, 0.0009955199116420117, 0.0009955199116420117, 0.0009955199116420117, 0.0009955199116420117, 0.0009955199116420117], [0.9950224004417905, 0.0009955199116420117, 0.0009955199116420117, 0.0009955199116420117, 0.0009955199116420117, 0.0009955199116420117], [0.9950224004417905, 0.0009955199116420117, 0.0009955199116420117, 0.0009955199116420117, 0.0009955199116420117, 0.0009955199116420117], [0.9950224004417905, 0.0009955199116420117, 0.0009955199116420117, 0.0009955199116420117, 0.0009955199116420117, 0.0009955199116420117], [0.9950224004417905, 0.0009955199116420117, 0.0009955199116420117, 0.0009955199116420117, 0.0009955199116420117, 0.0009955199116420117], [0.9950224004417905, 0.0009955199116420117, 0.0009955199116420117, 0.0009955199116420117, 0.0009955199116420117, 0.0009955199116420117], [0.9950224004417905, 0.0009955199116420117, 0.0009955199116420117, 0.0009955199116420117, 0.0009955199116420117, 0.0009955199116420117], [0.9950224004417905, 0.0009955199116420117, 0.0009955199116420117, 0.0009955199116420117, 0.0009955199116420117, 0.0009955199116420117], [0.9950224004417905, 0.0009955199116420117, 0.0009955199116420117, 0.0009955199116420117, 0.0009955199116420117, 0.0009955199116420117], [0.9950224004417905, 0.0009955199116420117, 0.0009955199116420117, 0.0009955199116420117, 0.0009955199116420117, 0.0009955199116420117], [0.9950224004417905, 0.0009955199116420117, 0.0009955199116420117, 0.0009955199116420117, 0.0009955199116420117, 0.0009955199116420117], [0.9950224004417905, 0.0009955199116420117, 0.0009955199116420117, 0.0009955199116420117, 0.0009955199116420117, 0.0009955199116420117], [0.9950224004417905, 0.0009955199116420117, 0.0009955199116420117, 0.0009955199116420117, 0.0009955199116420117, 0.0009955199116420117], [0.9950224004417905, 0.0009955199116420117, 0.0009955199116420117, 0.0009955199116420117, 0.0009955199116420117, 0.0009955199116420117]], [[0.9950224004417905, 0.0009955199116420117, 0.0009955199116420117, 0.0009955199116420117, 0.0009955199116420117, 0.0009955199116420117], [0.022148151295009667, 0.020033796763164028, 0.01601313585814805, 0.0024978707745300574, 0.9379950074634796, 0.001312037845668609], [0.9564641717076228, 0.017780441177546503, 0.015312840206142937, 0.0015302222467052386, 0.007839250708292144, 0.0010730739536905212], [0.019903115347374514, 0.022220081564795154, 0.017504737201484485, 0.005783091185469007, 0.9335286232879572, 0.001060351412919668], [0.9176586317957212, 0.02741906960368592, 0.029009587586168204, 0.005098970618170232, 0.01975076192896781, 0.0010629784672866957], [0.8976974546615648, 0.04458796775980878, 0.030920482748201958, 0.005109473135073722, 0.020634412608449754, 0.0010502090869010125], [0.10507113462412786, 0.04998040259496233, 0.04759048265642772, 0.012428746198063658, 0.7839292344999086, 0.0009999994265098907], [0.7986179047235206, 0.059972609561859964, 0.06418371952993958, 0.01340606377217089, 0.0627643230300673, 0.0010553793824417783], [0.09791653085389683, 0.05290534844756685, 0.06897498100602363, 0.014064790240848295, 0.7651337256361523, 0.001004623815512018], [0.8849029735426549, 0.044350360464799184, 0.03451275124227051, 0.007505583671696887, 0.02767961411264184, 0.0010487169659368514], [0.052345431209997996, 0.03225438306218979, 0.032502919323662526, 0.004847294568876545, 0.8769902513578666, 0.0010597204774066393], [0.9120202049186478, 0.0353729870070988, 0.02748875279727492, 0.006698787217489571, 0.01735487401939688, 0.0010643940400920499], [0.04555037804351398, 0.03289432335859289, 0.025432873905655372, 0.0061758268231900375, 0.8889466155499798, 0.000999982319068048], [0.9035092058061821, 0.030492817439149462, 0.03365042824332585, 0.00829762121863061, 0.022985101209858506, 0.0010648260828534446], [0.8932468728636823, 0.03395808685094948, 0.029544070372644723, 0.009104362315086257, 0.03309751307710884, 0.0010490945205284489], [0.8336219735149963, 0.047734866029877726, 0.052920114431756614, 0.009268005706613855, 0.05537812525776413, 0.0010769150589913232], [0.1388901347954043, 0.0553436728877108, 0.04520181228092178, 0.010390706123091186, 0.7491736806703506, 0.0009999932425215096], [0.8062324674166329, 0.061234622079806844, 0.06719760872076648, 0.00979483684263155, 0.054465120270166784, 0.001075344669995307], [0.06943895110715805, 0.05231282182153744, 0.032897178891552394, 0.0073445827734900096, 0.8370064810488461, 0.0009999843574160549], [0.8352863065487086, 0.058346085777859956, 0.053201164937939034, 0.007393841792577881, 0.04470064911592406, 0.0010719518269903178], [0.891680681532097, 0.03831367187774279, 0.03593811843921992, 0.00910480303965297, 0.02391318973115525, 0.0010495353801321119], [0.9017607268776034, 0.04191729470969525, 0.02245988113380137, 0.008295885895242735, 0.024503121052305107, 0.0010630903313519934], [0.8917375140298317, 0.04265947081949071, 0.033648731365630145, 0.009095124991667404, 0.02179602940613613, 0.0010631293872439857], [0.8865422087111768, 0.036945260423539995, 0.0362540226071862, 0.00910536042839064, 0.030103055270894047, 0.0010500925588123036], [0.08309406173219573, 0.051264108649770476, 0.045512448296565595, 0.006078219265354496, 0.81305116231362, 0.00099999974249394], [0.04710008846807153, 0.03384182347380895, 0.03262623243900899, 0.0037792950989492136, 0.8816525772114662, 0.000999983308695334], [0.041902822845620954, 0.029404453280407163, 0.027190896363079656, 0.006464404900236452, 0.8939782938505528, 0.0010591287601028725], [0.9511675215972669, 0.01973165609355046, 0.017804977433419356, 0.00429636627965907, 0.005939042745606144, 0.0010604358504980793], [0.956681789521828, 0.016087608454816556, 0.015552056410245858, 0.0051271498719797064, 0.005477797623372666, 0.001073598117757277], [0.016618112980467337, 0.016616215331615943, 0.012296275023009, 0.0026130394899408623, 0.9507829621154587, 0.00107339505950816], [0.9463092301434564, 0.02139213535382079, 0.019422053096507165, 0.003497455680221348, 0.008318399566297931, 0.0010607261596964135], [0.9220354583981676, 0.02431480378927081, 0.03115442528840878, 0.005142726853491344, 0.016292385468427085, 0.0010602002022344582], [0.9219416176006215, 0.031127177087634485, 0.023794985778143866, 0.005904761177937274, 0.016185162003162723, 0.001046296352500178], [0.036934934847397766, 0.02949459998512858, 0.02131527543733935, 0.003274037632850012, 0.9079202626512844, 0.0010608894459998369], [0.952870062786095, 0.015909612696069136, 0.01757922858083201, 0.00509551776556899, 0.007485191619184705, 0.001060386552250096], [0.9555411478123685, 0.018570502437105455, 0.012638004063829478, 0.004327641846664617, 0.00784941314466156, 0.0010732906953704055], [0.010534708212736235, 0.020633926131894728, 0.007294906134151534, 0.0018118202682798185, 0.9586532626217973, 0.0010713766311404682], [0.9636451060034146, 0.013022458918243957, 0.010343367746168005, 0.006694012531359609, 0.0052345754950765145, 0.0010604793057372877], [0.9607501785262479, 0.01576475090814882, 0.015470381433896629, 0.0019289921298975266, 0.005013453566127358, 0.001072243435681745], [0.9950224004417905, 0.0009955199116420117, 0.0009955199116420117, 0.0009955199116420117, 0.0009955199116420117, 0.0009955199116420117]], [[0.9950224004417905, 0.0009955199116420117, 0.0009955199116420117, 0.0009955199116420117, 0.0009955199116420117, 0.0009955199116420117], [0.962177826235211, 0.016006924932582215, 0.013715769561366055, 0.0015299583035323298, 0.005496710953597662, 0.0010728100137107565], [0.9528960122874509, 0.035810197939246724, 0.0009998518148174925, 0.0020922695734290645, 0.007142217951163781, 0.0010594504338921592], [0.9029972779773179, 0.06815599618019787, 0.0009998536682493278, 0.0045471536368088305, 0.022238880163365244, 0.0010608383740608551], [0.05235158707371613, 0.08360052763543863, 0.0009998000472886369, 0.007561761230270275, 0.8544865239659977, 0.0009998000472886369], [0.7925116530681029, 0.13620792336690385, 0.0009998506304301077, 0.014155738334679532, 0.05506264887490396, 0.001062185724979558], [0.7694228622779383, 0.13684016379416716, 0.0009998447237080789, 0.01256698836055031, 0.07912216832083305, 0.0010479725228031876], [0.5299934794831587, 0.188138599410396, 0.0009998277655947209, 0.02297043018160753, 0.2568978353936486, 0.0009998277655947209], [0.15132851219237745, 0.12222061556747219, 0.0009998207189920794, 0.016037696437140786, 0.7084135343650256, 0.0009998207189920794], [0.8157526581914079, 0.12283908804462258, 0.0009998541879710924, 0.013115281488306017, 0.046227307132026815, 0.001065810955665669], [0.864576081679458, 0.07821767616830447, 0.000999848048009095, 0.010107481244193715, 0.04505167679034733, 0.0010472360696873442], [0.9027273980253449, 0.06185029709403075, 0.0009998480562485976, 0.008510886512530276, 0.024864366033559043, 0.0010472042782864982], [0.8346345422912144, 0.10439300428024165, 0.0009998563570119475, 0.01231918045372243, 0.04658544423592278, 0.0010679723818869352], [0.0740381032918326, 0.08572658972237464, 0.0009998025218310672, 0.011735346348855025, 0.8265003555932756, 0.0009998025218310672], [0.8155295024846966, 0.11302890910645988, 0.0009998581255973972, 0.014089940109705885, 0.05528211137339026, 0.0010696788001499748], [0.7820435454521987, 0.12677706865583235, 0.0009998442084690044, 0.014604930167996735, 0.07453255641594274, 0.0010420550995604906], [0.5140600264305959, 0.18103709654479674, 0.0009998288062695237, 0.020199772772535863, 0.2827034466395324, 0.0009998288062695237], [0.7830678204255893, 0.1339313560223875, 0.00099985066889033, 0.010991711935181205, 0.06995535657428967, 0.0010539043736619387], [0.7868680102157392, 0.12066563405617904, 0.0009998571816249506, 0.017879396721814177, 0.07252411163134136, 0.001062990193301362], [0.7768103600717041, 0.13267793104372755, 0.0009998450013129015, 0.0126753010162219, 0.0757883198547538, 0.0010482430122797514], [0.8154306940491484, 0.12058039875866383, 0.0009998559389108681, 0.013915277773964431, 0.04800627470347055, 0.0010674987758419268], [0.8824835517621931, 0.08026313438891411, 0.0009998497664938856, 0.0053194838086547324, 0.029885058111924805, 0.0010489221618194364], [0.0604400271798976, 0.07988128636009938, 0.0009998036526613079, 0.012353077655598215, 0.8453260014990823, 0.0009998036526613079], [0.10341619188251495, 0.108685094671704, 0.000999810497352089, 0.006568419623304954, 0.779330672827772, 0.000999810497352089], [0.8025684713158794, 0.1183128949537735, 0.000999843442394233, 0.010945791139728933, 0.0661263169306592, 0.0010466822175646444], [0.0876144559103476, 0.1017736414507321, 0.0009998130798100037, 0.009762748327656771, 0.7988495281516437, 0.0009998130798100037], [0.8965091437229544, 0.06621847766456425, 0.0009998486015291843, 0.009309669544192363, 0.025915157802374397, 0.0010477026643855337], [0.9140472194759085, 0.05399009230194576, 0.000999851793453595, 0.007792724298059893, 0.022111174793834797, 0.001058937336797512], [0.9455061498292284, 0.03929787469750642, 0.0009998515293795946, 0.003688574405190151, 0.009448363237422007, 0.0010591863012734191], [0.022282744376753448, 0.03940675655601886, 0.00099985139739956, 0.003711322842119689, 0.9325397702655407, 0.0010595545621677608], [0.9065263026890543, 0.06081366888966613, 0.0009998518702579165, 0.00937103827202678, 0.02123013620874734, 0.0010590020702474351], [0.8973730177252224, 0.07383647728937676, 0.0009998424163693471, 0.006908637212074045, 0.019840472436076322, 0.0010415529208810093], [0.07898524798796858, 0.11047507066339483, 0.0009997960580155358, 0.010552314974643123, 0.7979877742579624, 0.0009997960580155358], [0.8865233487824752, 0.0718793235416767, 0.000999847015745149, 0.00771159589243936, 0.03183968219998858, 0.001046202567674947], [0.91325203737705, 0.057469326673177855, 0.0009998535284476485, 0.006941813976867375, 0.02027632759980896, 0.0010606408446480287], [0.028983378305383778, 0.043100058298933576, 0.0009998542241020701, 0.006100623400507379, 0.9197536885197649, 0.0010623972513082833], [0.02622583723790679, 0.04576206428057787, 0.0009998499378539249, 0.004499751833919331, 0.9214543833782025, 0.001058113331539541], [0.9264648773360977, 0.04955501770315763, 0.0009998520825351374, 0.006142089387486862, 0.015778953542893714, 0.0010592099478289167], [0.9441741325767845, 0.021428974989124036, 0.01993377596521929, 0.005095610502609364, 0.008307026675093285, 0.0010604792911694748], [0.9950224004417905, 0.0009955199116420117, 0.0009955199116420117, 0.0009955199116420117, 0.0009955199116420117, 0.0009955199116420117]], [[0.9950224004417905, 0.0009955199116420117, 0.0009955199116420117, 0.0009955199116420117, 0.0009955199116420117, 0.0009955199116420117], [0.9609310313819285, 0.015254154780966027, 0.012925606890584798, 0.0019302214078923837, 0.007885512818269325, 0.0010734727203590934], [0.019509317408976844, 0.04163312450798229, 0.0009998518592985435, 0.006896513002602637, 0.9299011794610053, 0.0010600137601345623], [0.051734677282494965, 0.0634660732756013, 0.0009998542161528687, 0.00698922690555672, 0.8757484758584749, 0.0010616924617191674], [0.0618592119016631, 0.07632065603189524, 0.000999800570587876, 0.0043690740435024435, 0.8554514568817636, 0.000999800570587876], [0.11137735549736397, 0.12104451325529984, 0.0009998172814165147, 0.015604974146167218, 0.749973522538336, 0.0009998172814165147], [0.8071919473418142, 0.12202407171415483, 0.000999856204128167, 0.013425666714915416, 0.05529063778095512, 0.0010678202440322286], [0.1424480799155299, 0.12299585724340091, 0.0009998151291702965, 0.01678533789048878, 0.7157710946922398, 0.0009998151291702965], [0.11130383631052838, 0.1028967408193843, 0.0009998271771268989, 0.012183979118915186, 0.7716157893969184, 0.0009998271771268989], [0.8733071917153553, 0.0811773998521536, 0.0009998480558857427, 0.011704036385932162, 0.03176429679615015, 0.0010472271945230727], [0.88475800002587, 0.0679201646701689, 0.0009998460429985593, 0.00771060990736035, 0.037566156286275576, 0.0010452230673266255], [0.8354120801113919, 0.09872982717090348, 0.0009998542545558231, 0.011518769525426296, 0.05227359690375959, 0.0010658720339628174], [0.7997204064807262, 0.11059053136612013, 0.0009998471783613074, 0.014974654349032841, 0.07266412956453007, 0.0010504310612294222], [0.09705411958722257, 0.10338824775311836, 0.0009998283225210846, 0.01169952264884414, 0.7858574243502886, 0.0010008573380051898], [0.7966361342607432, 0.12152083063706984, 0.0009998567413405587, 0.014186276977431864, 0.06558859361841535, 0.001068307764999211], [0.16708236084074085, 0.1446290633575533, 0.0009998146981685977, 0.01678413582467817, 0.6695048105806904, 0.0009998146981685977], [0.7810481006916347, 0.11879260654809769, 0.0009998452789222124, 0.0131033215056822, 0.08501299355338515, 0.0010431324222780441], [0.7620207869023182, 0.13735684801334214, 0.0009998587584561266, 0.01793109562000329, 0.08062685295406691, 0.001064557751813354], [0.774989222948136, 0.12089863451765408, 0.0009998504066944852, 0.021449646051669664, 0.08060895666501401, 0.0010536894108316899], [0.5171135631274517, 0.19608138540772835, 0.0009998249831396435, 0.0234622191978531, 0.2613431823006876, 0.0009998249831396435], [0.13452322163308342, 0.120259110341951, 0.0009998098590783245, 0.011133219272649939, 0.732084829034159, 0.0009998098590783245], [0.8095761940049849, 0.12170109414560688, 0.0009998539682725246, 0.008626916790260942, 0.05803039113041606, 0.0010655499604587794], [0.8020189512718139, 0.12812784237883484, 0.000999853785658856, 0.014237681215131626, 0.05355032284678221, 0.0010653485017785907], [0.787170816021959, 0.12135056937001344, 0.0009998482615810329, 0.011006426551334235, 0.07842083817828979, 0.0010515016168223402], [0.54377934425726, 0.17282365183723658, 0.0009998224995574818, 0.019393172996992468, 0.26200418590939606, 0.0009998224995574818], [0.7849700268523395, 0.12571843513904743, 0.000999844621215126, 0.01272159653615599, 0.07454222694473538, 0.0010478699065065856], [0.08596950089760519, 0.11274375672497275, 0.0009998116686723445, 0.01135853981125558, 0.787928579228822, 0.0009998116686723445], [0.9045393774948693, 0.06350962033328836, 0.0009998481754296253, 0.006914408106940781, 0.022989455867941714, 0.0010472900215302411], [0.9246650562722958, 0.04723829863310937, 0.0009998528765585268, 0.007739492669831082, 0.018297262899849863, 0.0010600366483554083], [0.9196423717667291, 0.0538975668675089, 0.0009998545700704113, 0.005346330569131271, 0.01905215147117661, 0.0010617247553835675], [0.9100440871182985, 0.05727510737400012, 0.000999845127970257, 0.00771533390361828, 0.022921348459268295, 0.0010442780168445692], [0.8136387645004828, 0.12462042845281202, 0.0009998489603319193, 0.008347287335324988, 0.05133314597379304, 0.0010605247772553826], [0.7880742824793421, 0.12388272294783985, 0.0009998458164583689, 0.016645139490023428, 0.0693489081663674, 0.00104910109996895], [0.8049959544806073, 0.12638342085421894, 0.0009998541641864085, 0.01713526331280983, 0.04941975356874103, 0.0010657536194364388], [0.8920921776292672, 0.06852031812614062, 0.0009998480351493411, 0.007712563690357452, 0.029627928047180323, 0.0010471644719051362], [0.8974211382501347, 0.06741760814576762, 0.0009998548666104413, 0.013329509360924148, 0.01976986120481591, 0.001062028171747188], [0.9179713951062447, 0.0566052214004758, 0.0009998554282639994, 0.008540374244397365, 0.014820540503103658, 0.00106261331751449], [0.0479704631213664, 0.07233421936310515, 0.0009999449487268536, 0.007559309101246374, 0.8701361185168285, 0.0009999449487268536], [0.03670464365661245, 0.0361365332882803, 0.02938724513370229, 0.008045116620543125, 0.8886657217622856, 0.0010607395385760633], [0.9950224004417905, 0.0009955199116420117, 0.0009955199116420117, 0.0009955199116420117, 0.0009955199116420117, 0.0009955199116420117]], [[0.9950224004417905, 0.0009955199116420117, 0.0009955199116420117, 0.0009955199116420117, 0.0009955199116420117, 0.0009955199116420117], [0.011920755020772987, 0.016641977549699195, 0.013015968006154888, 0.0033861882211852793, 0.95397406041392, 0.0010610507882676794], [0.04127656497003201, 0.051787740314643095, 0.0009998518862395552, 0.004602476188325393, 0.9002740134825711, 0.001059353158188913], [0.8937402542490047, 0.07272186491312277, 0.0009998471248212793, 0.008509966569973238, 0.02298177585441461, 0.001046291288663444], [0.8158273177389912, 0.12047435934645026, 0.0009998517696447025, 0.010717952063265923, 0.05091715312810464, 0.0010633659535432588], [0.7919130729649204, 0.12051267892474918, 0.0009998502016306794, 0.01429478226125392, 0.0712261641968129, 0.0010534514506329554], [0.8014947968301769, 0.11737883567466444, 0.0009998572652039637, 0.012588894809747739, 0.06646878129463724, 0.0010688341255696986], [0.8104732777133187, 0.11782331816197257, 0.000999855314800498, 0.014126793197204727, 0.05550986494210684, 0.0010668906705967266], [0.8636948378018452, 0.08573283264448127, 0.00099984917697806, 0.010325474918934999, 0.03819864092742045, 0.001048364530340067], [0.8852995860454214, 0.07059572876243896, 0.0009998478680494263, 0.008707256426227258, 0.03335052779722486, 0.0010470531006380062], [0.8353122394550053, 0.10040353966852648, 0.0009998535541544634, 0.00832491270907669, 0.053894287088527885, 0.0010651675247091942], [0.812241483381004, 0.10899088790285115, 0.0009998508904186677, 0.010943311726153022, 0.06577029657274162, 0.001054169526831465], [0.5591000482022005, 0.1405619159461837, 0.0009998180779931646, 0.022187353114015342, 0.27615104658161427, 0.0009998180779931646], [0.7820978221357919, 0.11061467619123277, 0.0009998414412338652, 0.018485645326747447, 0.08676270335174031, 0.0010393115532537165], [0.7878317239556383, 0.10773871340079078, 0.0009998439132220995, 0.016887629525549515, 0.08550030921996102, 0.0010417799848385148], [0.5590357362708842, 0.16184569524457587, 0.0009998247067137566, 0.0199317368893738, 0.25718718218173875, 0.0009998247067137566], [0.15924707275886713, 0.11892782466120545, 0.0009998075546324527, 0.019838570476481868, 0.6999869169941807, 0.0009998075546324527], [0.8076978119655585, 0.12098408872048215, 0.0009998558491679974, 0.011720813498525329, 0.05752996697491736, 0.0010674629913486877], [0.8082916642324148, 0.1236348092295638, 0.0009998572633418505, 0.00859744909735727, 0.05740738605374317, 0.0010688341235791242], [0.14554387699293117, 0.11568648349240847, 0.000999811122241843, 0.013474230345826113, 0.7232957869243506, 0.000999811122241843], [0.8157272229915814, 0.11498261255422733, 0.0009998584347721065, 0.013917832941376516, 0.05330245120568242, 0.0010700218723602457], [0.06117421873400059, 0.06406371571293827, 0.0009997976507630415, 0.008475324067030316, 0.8642871461845049, 0.0009997976507630415], [0.8635260864611258, 0.03711848536860857, 0.0009988550294258703, 0.004616952905043537, 0.0927407652063705, 0.0009988550294258703], [0.9149897325432451, 0.04743798650075688, 0.0009988662443737178, 0.005896492143933612, 0.029678056323317034, 0.0009988662443737178], [0.7379467496982332, 0.14048510532734387, 0.0009988511577169532, 0.004587056314339352, 0.1149833863446497, 0.0009988511577169532], [0.742887675979724, 0.14119085193783407, 0.00099885654868448, 0.085767142114245, 0.02815661687082817, 0.00099885654868448], [0.7029638591324457, 0.11759905405154768, 0.0009988543176571558, 0.08434601221928405, 0.09309336596140837, 0.0009988543176571558], [0.8733438231734859, 0.030422252041955103, 0.0009988638671708018, 0.0024653065280153723, 0.09177089052220211, 0.0009988638671708018], [0.9582986090853817, 0.025225785338322794, 0.0009988638570308241, 0.003541926457615557, 0.010935951404618246, 0.0009988638570308241], [0.01805035888801436, 0.02343439158085875, 0.0009988110059433125, 0.00275967928626429, 0.953757948232976, 0.0009988110059433125], [0.8405375802344609, 0.13142125279342917, 0.0009988664390124394, 0.004113218698877491, 0.02193021539520774, 0.0009988664390124394], [0.9020168496458714, 0.06123401167733708, 0.0009988536541423528, 0.005986666515778354, 0.02876476485272868, 0.0009988536541423528], [0.5507474960136128, 0.08963117361233211, 0.0009988237514653208, 0.008337418002801843, 0.3492862648683226, 0.0009988237514653208], [0.06282838676343767, 0.05266940910942631, 0.000998816904452067, 0.005340333301583768, 0.8771642370166481, 0.000998816904452067], [0.04926866569230153, 0.12102436152653022, 0.0009988250690607975, 0.003333160194712328, 0.8243761624483344, 0.0009988250690607975], [0.9518571099982732, 0.030468693912147536, 0.000998856009392979, 0.0028571565224584806, 0.012819327548334888, 0.000998856009392979], [0.0009952475808918434, 0.0009952475808918434, 0.0009952475808918434, 0.0009952475808918434, 0.0009952475808918434, 0.9950237620955409], [0.000995519911642011, 0.000995519911642011, 0.000995519911642011, 0.000995519911642011, 0.000995519911642011, 0.99502240044179], [0.8906466386720835, 0.03993613700057264, 0.028882078909041892, 0.011501992215743752, 0.02798403077685615, 0.0010491224257021597], [0.9950224004417905, 0.0009955199116420117, 0.0009955199116420117, 0.0009955199116420117, 0.0009955199116420117, 0.0009955199116420117]], [[0.9950224004417905, 0.0009955199116420117, 0.0009955199116420117, 0.0009955199116420117, 0.0009955199116420117, 0.0009955199116420117], [0.938267235324411, 0.01754858022522624, 0.022789127950515426, 0.004297636796911872, 0.016036573839068195, 0.0010608458638672422], [0.03495964637729698, 0.052038848331902345, 0.0009997909980920619, 0.004364245940729007, 0.9066376773538876, 0.0009997909980920619], [0.829605968221845, 0.11107964928906197, 0.000999850452894177, 0.008321764687022075, 0.0489307253288653, 0.0010620420203116263], [0.8019649537302638, 0.11606652221277143, 0.0009998436450896564, 0.010180821455688495, 0.06974094301223137, 0.0010469159439553167], [0.5158559249889013, 0.18905192699129414, 0.0009998298702290965, 0.02361454712233656, 0.2694779411570099, 0.0009998298702290965], [0.14089194503226612, 0.12363339893948189, 0.0009998016200570075, 0.011880615097827084, 0.7215944376903111, 0.0009998016200570075], [0.8054313829063785, 0.10681993357422462, 0.000999852087612739, 0.014534191964513618, 0.07115679977164112, 0.0010578396956294643], [0.07658735919175323, 0.07446580955322515, 0.0009997949343070335, 0.010374680293563246, 0.8365725610928444, 0.0009997949343070335], [0.8714315217717191, 0.07847750672748566, 0.0009998549039129138, 0.008716812465828833, 0.039312237680609714, 0.0010620664504437788], [0.8770622211306701, 0.07586554083133262, 0.0009998491982099941, 0.008756705905279499, 0.03626730552740782, 0.0010483774070999643], [0.10241510475625323, 0.10148385556111467, 0.0009998192911167784, 0.011624400923710136, 0.7824770001766883, 0.0009998192911167784], [0.7785051112523338, 0.12191448650357183, 0.0009998427268552775, 0.014566656653747416, 0.08297330507974982, 0.0010405977837418074], [0.8174469974657883, 0.11496868804527571, 0.0009998546792176286, 0.010176431215126356, 0.055341726728284336, 0.0010663018663074923], [0.8112386032987997, 0.11444747198094954, 0.000999855729139491, 0.014163733308239109, 0.058083026446453974, 0.0010673092364182441], [0.8170896526710737, 0.10054436966479328, 0.0009998458050855083, 0.010021848663153022, 0.07029518975775695, 0.0010490934381374517], [0.8225685803147913, 0.10875519815630892, 0.0009998569111602067, 0.01577311420764709, 0.05083473158913913, 0.0010685188209533718], [0.873712363444594, 0.07794920476125948, 0.0009998480456798382, 0.008683900061687278, 0.03760746764158223, 0.0010472160451971424], [0.8907565057851309, 0.06688918637068404, 0.0009998484221885047, 0.007895913002428484, 0.03241093385932851, 0.0010476125602395022], [0.09442584413432122, 0.09644658166226124, 0.0009998158326029302, 0.013755441935172877, 0.793372500603039, 0.0009998158326029302], [0.8948969572324802, 0.06579630829820686, 0.0009998465636613409, 0.00951204403294813, 0.027749117676134038, 0.0010457261965693126], [0.8993808511708371, 0.059574187133253326, 0.0009998555130466013, 0.009490012260352905, 0.02949241993091842, 0.0010626739915915028], [0.9511515605961158, 0.02621009302403993, 0.0009988632826386167, 0.006773747088821292, 0.013866872725745914, 0.0009988632826386167], [0.9478445151063968, 0.03564117495281187, 0.0009988536528033587, 0.002277802739985554, 0.012238799895199139, 0.0009988536528033587], [0.22408340087389889, 0.06130122670790261, 0.0009988246371645379, 0.00850647180616173, 0.7041112513377078, 0.0009988246371645379], [0.6618983940704055, 0.29429867580500974, 0.000998850695905899, 0.006028517596144296, 0.035776711136628676, 0.000998850695905899], [0.8288832349181495, 0.05727263886636427, 0.0009988625478390373, 0.005894619120166624, 0.1059517819996417, 0.0009988625478390373], [0.10429909241321857, 0.1108020032367046, 0.000998809095924804, 0.003059210359465627, 0.7798420757987617, 0.000998809095924804], [0.9553919387075152, 0.028857448445864263, 0.0009988642604303237, 0.0035176162702087554, 0.010235268055551264, 0.0009988642604303237], [0.9594457547696361, 0.029066908429706845, 0.000998864089572744, 0.0013640787172822548, 0.008125529904229307, 0.000998864089572744], [0.9520506761914447, 0.028177059241923232, 0.000998852832325498, 0.0049992636715673186, 0.012775295230413949, 0.000998852832325498], [0.04145510255726063, 0.20412540670593946, 0.0009988183830722224, 0.004389417502778561, 0.7480324364678771, 0.0009988183830722224], [0.8311978394055646, 0.051410083210219774, 0.0009988574175356737, 0.005997251670397256, 0.10939711087874705, 0.0009988574175356737], [0.909133301532595, 0.05681961592234264, 0.0009988677242970857, 0.005291100779520405, 0.026758246316947988, 0.0009988677242970857], [0.03765797284628561, 0.03919928065690941, 0.0009988088511082146, 0.00350757700388456, 0.917637551790704, 0.0009988088511082146], [0.0009952475808918434, 0.0009952475808918434, 0.0009952475808918434, 0.0009952475808918434, 0.0009952475808918434, 0.9950237620955409], [0.0009952475808918434, 0.0009952475808918434, 0.0009952475808918434, 0.0009952475808918434, 0.0009952475808918434, 0.9950237620955409], [0.1388175038796991, 0.11397498733166461, 0.0009998199287146912, 0.011961980937381428, 0.733052023963174, 0.001193683959365965], [0.8294138337847164, 0.05848584142083441, 0.0592089421684009, 0.009790325360425626, 0.04203022420776368, 0.0010708330578588219], [0.9950224004417905, 0.0009955199116420117, 0.0009955199116420117, 0.0009955199116420117, 0.0009955199116420117, 0.0009955199116420117]], [[0.9950224004417905, 0.0009955199116420117, 0.0009955199116420117, 0.0009955199116420117, 0.0009955199116420117, 0.0009955199116420117], [0.9643248891691718, 0.012992081492053574, 0.007944272666067747, 0.004294917373938309, 0.009384852513717144, 0.001058986785051474], [0.9371845887795902, 0.03927200803713285, 0.0009998528737600525, 0.0045482353056343254, 0.016935294426774387, 0.0010600205771082172], [0.9072633814995852, 0.05846690088472138, 0.0009998461476131018, 0.00771068461586107, 0.02451388977379559, 0.0010452970784235807], [0.8293917719657339, 0.10877919081318192, 0.000999851529287038, 0.009938440154225084, 0.049827629079203566, 0.0010631164583684203], [0.14790898718253348, 0.11573403404737179, 0.0009998005611201774, 0.01336321506430146, 0.720994162583553, 0.0009998005611201774], [0.7921026050441281, 0.12824722222213633, 0.0009998510828396461, 0.011243079852358371, 0.06635039691348066, 0.001056844885056941], [0.14017328729147424, 0.11676782576328358, 0.0009997979118072215, 0.014087422851532675, 0.7269718682700951, 0.0009997979118072215], [0.10266993435503269, 0.11082536542280837, 0.0009998169899360296, 0.013145189533359183, 0.7713598767089277, 0.0009998169899360296], [0.8699459576565196, 0.0797777882653226, 0.0009998479577739512, 0.007872644551435284, 0.04035663632861198, 0.001047125240336735], [0.8738142101097823, 0.07692490300061455, 0.000999848045080872, 0.010223640539864841, 0.03699018937741194, 0.0010472089272452988], [0.8258358147334083, 0.1100994603361955, 0.0009998549572447864, 0.007736789296175167, 0.05426151301762926, 0.0010665676593467747], [0.17867426629479485, 0.11679745662936196, 0.0009997942063711786, 0.016411433981533104, 0.6861172546815678, 0.0009997942063711786], [0.7957291635531915, 0.12202895978460271, 0.0009998554110293683, 0.014111730468747648, 0.06606330004160493, 0.0010669907408239695], [0.07729093869387679, 0.08147650684194992, 0.000999794157842589, 0.011134568277865594, 0.8280983978706226, 0.000999794157842589], [0.8170765786804799, 0.12040968828800569, 0.0009998548246461909, 0.010721016957095387, 0.049726459465053774, 0.0010664017847191972], [0.05800688118352147, 0.07165393394305707, 0.0009997974927722865, 0.005245996221295961, 0.863093593666581, 0.0009997974927722865], [0.8960992520058558, 0.0726710763749414, 0.0009998538799188522, 0.005408548066951448, 0.02376023497056259, 0.0010610347017698995], [0.9048157574041679, 0.06576912398096879, 0.0009998523853740845, 0.006940651625463069, 0.020415129387184223, 0.0010594852168420723], [0.9066162350518436, 0.06240112960779124, 0.0009998456974868132, 0.007042126405790674, 0.02189581729039417, 0.0010448459466935963], [0.9002658964583465, 0.07036463773153016, 0.0009998531510070816, 0.0029500530388225582, 0.02435924819203128, 0.0010603114282623275], [0.06052880878655651, 0.06207538561545741, 0.0009998506922222778, 0.003852304146776945, 0.8714854580824444, 0.0010581926765424728], [0.9573424655109934, 0.028122067582935225, 0.000998853361157622, 0.0027490394668976195, 0.009788720716858663, 0.000998853361157622], [0.8366578247806574, 0.1254726044372428, 0.0009988642435397263, 0.004459986556537976, 0.031411855738482604, 0.0009988642435397263], [0.8282772072949584, 0.13339240006512826, 0.000998851800976956, 0.004226032075011196, 0.032106656962948316, 0.000998851800976956], [0.632634271033523, 0.16358118451604556, 0.000998823895769365, 0.008172793854296072, 0.19361410280459693, 0.000998823895769365], [0.5885827339598387, 0.29025549803520634, 0.0009988504904864125, 0.08440784556293687, 0.034756221461045324, 0.0009988504904864125], [0.8457605806298952, 0.12838769407942796, 0.0009988620562187112, 0.0023056321751248766, 0.02154836900311457, 0.0009988620562187112], [0.953674914019353, 0.03349361020843374, 0.0009988513804167975, 0.002801945970841542, 0.008031827040538179, 0.0009988513804167975], [0.021554253251027212, 0.023594091614168727, 0.0009988612796519073, 0.002423163760882179, 0.9504307688146183, 0.0009988612796519073], [0.9528076693399408, 0.030463837722223625, 0.000998864483856979, 0.003144575430418438, 0.011586188539703465, 0.000998864483856979], [0.03173845426362622, 0.028590589143151292, 0.000998810350014737, 0.002737672699990231, 0.9349356631932029, 0.000998810350014737], [0.8395331081213918, 0.13133417316491866, 0.000998866435211557, 0.005267374901815797, 0.021867610941450673, 0.000998866435211557], [0.21383686484966893, 0.04947843878392048, 0.0009988212972556433, 0.005278966336126632, 0.7294080874357727, 0.0009988212972556433], [0.055935095816465226, 0.047449087479306776, 0.0009988224251597237, 0.006658231458440995, 0.8879599403954676, 0.0009988224251597237], [0.8959542352030864, 0.05524807473557284, 0.00099884963782211, 0.006859319193454436, 0.03994067159224241, 0.00099884963782211], [0.0009952475808918434, 0.0009952475808918434, 0.0009952475808918434, 0.0009952475808918434, 0.0009952475808918434, 0.9950237620955409], [0.5325975239787949, 0.19291380323512214, 0.0009998222202338063, 0.024680118092264936, 0.24780891025335058, 0.0009998222202338063], [0.7879234475065025, 0.06655607020775203, 0.06741329395585945, 0.012334545043719827, 0.06471553532093763, 0.0010571079652285597], [0.9950224004417905, 0.0009955199116420117, 0.0009955199116420117, 0.0009955199116420117, 0.0009955199116420117, 0.0009955199116420117]], [[0.9950224004417905, 0.0009955199116420117, 0.0009955199116420117, 0.0009955199116420117, 0.0009955199116420117, 0.0009955199116420117], [0.9950224004417905, 0.0009955199116420117, 0.0009955199116420117, 0.0009955199116420117, 0.0009955199116420117, 0.0009955199116420117], [0.02229861207904866, 0.012247490649452915, 0.010324628457013403, 0.004187848894870895, 0.9498779094355482, 0.001063510484066022], [0.9268020718842096, 0.04436954766994534, 0.0009998558251867102, 0.004549315112097222, 0.02221621718007598, 0.0010629923284849886], [0.8919552754233314, 0.07134241027929238, 0.0009998474227579483, 0.007932403383302129, 0.026723504695808045, 0.001046558795508115], [0.7967276509477766, 0.11807407570125338, 0.0009998523176785504, 0.019188946364182686, 0.06395139252481857, 0.0010580821442900733], [0.8083725669566361, 0.10452482551456511, 0.0009998471662895356, 0.012454792379169067, 0.072597564838474, 0.0010504031448661326], [0.5433163885684336, 0.17119452518473913, 0.0009998197658988308, 0.023019924916932555, 0.26046952179809724, 0.0009998197658988308], [0.7948143102799208, 0.11494728216351169, 0.0009998471451633322, 0.012304909870549552, 0.07588329089594108, 0.0010503596449136447], [0.8210460355570057, 0.1146308920336303, 0.0009998550237102347, 0.011698679739554723, 0.05055791042466887, 0.0010666272214301872], [0.11234498157363922, 0.10248427945287862, 0.0009998205040872927, 0.010798279614481428, 0.7723728183508263, 0.0009998205040872927], [0.7887562952075113, 0.12024682138870613, 0.0009998472360994019, 0.013916629923841805, 0.07502993134273785, 0.0010504749011034265], [0.5453820039224979, 0.16759228357190153, 0.0009998234573038618, 0.020012222602369564, 0.26501384298862346, 0.0009998234573038618], [0.8053674783179923, 0.10487851271117896, 0.000999846042622257, 0.013915394475395193, 0.07378945674681894, 0.0010493117059923536], [0.8265324650698892, 0.10404537001936494, 0.000999854236397431, 0.009123882052599406, 0.05823258408005047, 0.0010658445416983672], [0.8832738688857558, 0.07663549784720426, 0.000999845042018122, 0.008136008563903003, 0.02991062308426881, 0.001044156576850082], [0.9140941990162225, 0.059257303903444886, 0.000999854539558807, 0.004579896429269352, 0.020007057724481987, 0.0010616883870224014], [0.9353239061229693, 0.04481426132393529, 0.0009998513199859116, 0.00690603487842169, 0.010897017015802523, 0.001058929338885057], [0.9430431608106843, 0.038140906266306535, 0.0009998515378865994, 0.0028902602171768693, 0.01386666446975, 0.0010591566981957299], [0.041120263900449185, 0.05078046919693835, 0.0009998495110395227, 0.005469865099793186, 0.9005725701599565, 0.001056982131823204], [0.9325688488799251, 0.045985480004161354, 0.0009998528804986261, 0.0037882856860511805, 0.015597010258468427, 0.0010605222908953334], [0.9189069267878825, 0.05457602253726538, 0.0009998538596391387, 0.004547329163680048, 0.019908854417943676, 0