{"prediction": [[[0.9950224004417905, 0.0009955199116420117, 0.0009955199116420117, 0.0009955199116420117, 0.0009955199116420117, 0.0009955199116420117], [0.9950224004417905, 0.0009955199116420117, 0.0009955199116420117, 0.0009955199116420117, 0.0009955199116420117, 0.0009955199116420117], [0.9950224004417905, 0.0009955199116420117, 0.0009955199116420117, 0.0009955199116420117, 0.0009955199116420117, 0.0009955199116420117], [0.9950224004417905, 0.0009955199116420117, 0.0009955199116420117, 0.0009955199116420117, 0.0009955199116420117, 0.0009955199116420117], [0.9950224004417905, 0.0009955199116420117, 0.0009955199116420117, 0.0009955199116420117, 0.0009955199116420117, 0.0009955199116420117], [0.9950224004417905, 0.0009955199116420117, 0.0009955199116420117, 0.0009955199116420117, 0.0009955199116420117, 0.0009955199116420117], [0.9950224004417905, 0.0009955199116420117, 0.0009955199116420117, 0.0009955199116420117, 0.0009955199116420117, 0.0009955199116420117], [0.9950224004417905, 0.0009955199116420117, 0.0009955199116420117, 0.0009955199116420117, 0.0009955199116420117, 0.0009955199116420117], [0.9950224004417905, 0.0009955199116420117, 0.0009955199116420117, 0.0009955199116420117, 0.0009955199116420117, 0.0009955199116420117], [0.9950224004417905, 0.0009955199116420117, 0.0009955199116420117, 0.0009955199116420117, 0.0009955199116420117, 0.0009955199116420117], [0.9950224004417905, 0.0009955199116420117, 0.0009955199116420117, 0.0009955199116420117, 0.0009955199116420117, 0.0009955199116420117], [0.9950224004417905, 0.0009955199116420117, 0.0009955199116420117, 0.0009955199116420117, 0.0009955199116420117, 0.0009955199116420117], [0.9950224004417905, 0.0009955199116420117, 0.0009955199116420117, 0.0009955199116420117, 0.0009955199116420117, 0.0009955199116420117], [0.9950224004417905, 0.0009955199116420117, 0.0009955199116420117, 0.0009955199116420117, 0.0009955199116420117, 0.0009955199116420117], [0.9950224004417905, 0.0009955199116420117, 0.0009955199116420117, 0.0009955199116420117, 0.0009955199116420117, 0.0009955199116420117], [0.9950224004417905, 0.0009955199116420117, 0.0009955199116420117, 0.0009955199116420117, 0.0009955199116420117, 0.0009955199116420117], [0.9950224004417905, 0.0009955199116420117, 0.0009955199116420117, 0.0009955199116420117, 0.0009955199116420117, 0.0009955199116420117], [0.9950224004417905, 0.0009955199116420117, 0.0009955199116420117, 0.0009955199116420117, 0.0009955199116420117, 0.0009955199116420117], [0.9950224004417905, 0.0009955199116420117, 0.0009955199116420117, 0.0009955199116420117, 0.0009955199116420117, 0.0009955199116420117], [0.9950224004417905, 0.0009955199116420117, 0.0009955199116420117, 0.0009955199116420117, 0.0009955199116420117, 0.0009955199116420117], [0.9950224004417905, 0.0009955199116420117, 0.0009955199116420117, 0.0009955199116420117, 0.0009955199116420117, 0.0009955199116420117], [0.9950224004417905, 0.0009955199116420117, 0.0009955199116420117, 0.0009955199116420117, 0.0009955199116420117, 0.0009955199116420117], [0.9950224004417905, 0.0009955199116420117, 0.0009955199116420117, 0.0009955199116420117, 0.0009955199116420117, 0.0009955199116420117], [0.9950224004417905, 0.0009955199116420117, 0.0009955199116420117, 0.0009955199116420117, 0.0009955199116420117, 0.0009955199116420117], [0.9950224004417905, 0.0009955199116420117, 0.0009955199116420117, 0.0009955199116420117, 0.0009955199116420117, 0.0009955199116420117], [0.9950224004417905, 0.0009955199116420117, 0.0009955199116420117, 0.0009955199116420117, 0.0009955199116420117, 0.0009955199116420117], [0.9950224004417905, 0.0009955199116420117, 0.0009955199116420117, 0.0009955199116420117, 0.0009955199116420117, 0.0009955199116420117], [0.9950224004417905, 0.0009955199116420117, 0.0009955199116420117, 0.0009955199116420117, 0.0009955199116420117, 0.0009955199116420117], [0.9950224004417905, 0.0009955199116420117, 0.0009955199116420117, 0.0009955199116420117, 0.0009955199116420117, 0.0009955199116420117], [0.9950224004417905, 0.0009955199116420117, 0.0009955199116420117, 0.0009955199116420117, 0.0009955199116420117, 0.0009955199116420117], [0.9950224004417905, 0.0009955199116420117, 0.0009955199116420117, 0.0009955199116420117, 0.0009955199116420117, 0.0009955199116420117], [0.9950224004417905, 0.0009955199116420117, 0.0009955199116420117, 0.0009955199116420117, 0.0009955199116420117, 0.0009955199116420117], [0.9950224004417905, 0.0009955199116420117, 0.0009955199116420117, 0.0009955199116420117, 0.0009955199116420117, 0.0009955199116420117], [0.9950224004417905, 0.0009955199116420117, 0.0009955199116420117, 0.0009955199116420117, 0.0009955199116420117, 0.0009955199116420117], [0.9950224004417905, 0.0009955199116420117, 0.0009955199116420117, 0.0009955199116420117, 0.0009955199116420117, 0.0009955199116420117], [0.9950224004417905, 0.0009955199116420117, 0.0009955199116420117, 0.0009955199116420117, 0.0009955199116420117, 0.0009955199116420117], [0.9950224004417905, 0.0009955199116420117, 0.0009955199116420117, 0.0009955199116420117, 0.0009955199116420117, 0.0009955199116420117], [0.9950224004417905, 0.0009955199116420117, 0.0009955199116420117, 0.0009955199116420117, 0.0009955199116420117, 0.0009955199116420117], [0.9950224004417905, 0.0009955199116420117, 0.0009955199116420117, 0.0009955199116420117, 0.0009955199116420117, 0.0009955199116420117], [0.9950224004417905, 0.0009955199116420117, 0.0009955199116420117, 0.0009955199116420117, 0.0009955199116420117, 0.0009955199116420117]], [[0.9950224004417905, 0.0009955199116420117, 0.0009955199116420117, 0.0009955199116420117, 0.0009955199116420117, 0.0009955199116420117], [0.9950224004417905, 0.0009955199116420117, 0.0009955199116420117, 0.0009955199116420117, 0.0009955199116420117, 0.0009955199116420117], [0.9841212916258332, 0.00769599337955624, 0.004055098430089601, 0.0009997767314785387, 0.0018589089436139355, 0.0012689308894285108], [0.9841212916258332, 0.00769599337955624, 0.004055098430089601, 0.0009997767314785387, 0.0018589089436139355, 0.0012689308894285108], [0.9950224004417905, 0.0009955199116420117, 0.0009955199116420117, 0.0009955199116420117, 0.0009955199116420117, 0.0009955199116420117], [0.9950224004417905, 0.0009955199116420117, 0.0009955199116420117, 0.0009955199116420117, 0.0009955199116420117, 0.0009955199116420117], [0.9950224004417905, 0.0009955199116420117, 0.0009955199116420117, 0.0009955199116420117, 0.0009955199116420117, 0.0009955199116420117], [0.05726641298278898, 0.03905069603015304, 0.04270971593314394, 0.004336971120754562, 0.8555839000827204, 0.0010523038504390418], [0.07590464500664659, 0.06409759860950683, 0.06029131335534097, 0.008118521390863115, 0.7905879360651505, 0.0009999855724920298], [0.7301541666611906, 0.10023209375552998, 0.09153735735770602, 0.014574587328119311, 0.06244505064595902, 0.0010567442514950963], [0.7303345227356559, 0.09413561703143729, 0.10025802753833907, 0.01226343413556827, 0.061962879241957834, 0.001045519317041577], [0.11193177995790499, 0.09051671714058632, 0.08494267546759214, 0.011311819016378297, 0.7002970153371969, 0.0009999930803414965], [0.873211846678442, 0.04200855321356373, 0.04618390668998423, 0.0064580878971734765, 0.031089022400749306, 0.0010485831200872965], [0.8964455407305746, 0.03187844497143575, 0.03552516898116455, 0.011721750746191471, 0.0233709319397993, 0.001058162630834291], [0.9340978946899386, 0.025045664169986916, 0.020355374622486495, 0.003714989223380502, 0.015727777075583645, 0.0010583002186238632], [0.9301964051612632, 0.02282376420863382, 0.025135558630614556, 0.0037297421660668116, 0.01705636720369821, 0.0010581626297235002], [0.9470244463796464, 0.0245895966025094, 0.010660260490652416, 0.002757630784698161, 0.013910636220160985, 0.0010574295223324604], [0.9388481794804511, 0.0217410039443006, 0.01955270634965745, 0.0059502461376452305, 0.012850006642674007, 0.0010578574452716346], [0.9163848006810518, 0.0265204854130186, 0.027315711033205146, 0.006139278315753576, 0.02257692231445342, 0.001062802242517541], [0.8915795882371146, 0.04424111444381892, 0.034302739564528936, 0.007177059227990197, 0.021655726760215318, 0.001043771766331837], [0.0491059818981196, 0.03265573235958205, 0.02806668968814769, 0.004197498702888667, 0.884921006566256, 0.0010530907850059739], [0.9395029236902138, 0.020331183095617485, 0.023434679670018412, 0.004301375512288811, 0.011364393221136011, 0.0010654448107254172], [0.020157375046062992, 0.015436154635010238, 0.011293341351795851, 0.002613451900977156, 0.9494258696379094, 0.0010738074282442363], [0.9502982007171059, 0.01821087647529235, 0.016733221679903272, 0.002694257021126259, 0.011006715952229176, 0.001056728154343149], [0.9950224004417905, 0.0009955199116420117, 0.0009955199116420117, 0.0009955199116420117, 0.0009955199116420117, 0.0009955199116420117], [0.9950224004417905, 0.0009955199116420117, 0.0009955199116420117, 0.0009955199116420117, 0.0009955199116420117, 0.0009955199116420117], [0.9950224004417905, 0.0009955199116420117, 0.0009955199116420117, 0.0009955199116420117, 0.0009955199116420117, 0.0009955199116420117], [0.14387638003665149, 0.09759614756651021, 0.09196454455995412, 0.022349437132754814, 0.6432039019137983, 0.0010095887903309852], [0.7249986747468492, 0.10354206703059654, 0.09808128206095777, 0.015079359238256648, 0.057250733016399, 0.0010478839069407036], [0.06683298388347826, 0.059612981636221626, 0.050231529660238625, 0.00678558925176665, 0.8155369332615683, 0.0009999823067266885], [0.8887613358090409, 0.038281573022065765, 0.03669504866348677, 0.006946181973464825, 0.028250950776006412, 0.0010649097559353525], [0.9435294628366789, 0.02262678106129202, 0.017143515457943397, 0.0034987930694065383, 0.012139383984948415, 0.0010620635897304657], [0.9613323210794146, 0.016572923149960814, 0.01266918285204527, 0.0027319222611552232, 0.005617677857894576, 0.0010759727995296228], [0.9680331441039527, 0.009427535746591787, 0.010854263522902703, 0.002732940781834561, 0.007875124427865018, 0.0010769914168532913], [0.021680503934559402, 0.020701864420950115, 0.01601313585814805, 0.0024978707745300574, 0.9377945871661438, 0.001312037845668609], [0.9466628389761415, 0.02164643585438994, 0.016136179601818814, 0.002905406299496462, 0.01133434458284502, 0.0013147946853084799], [0.9728945138256092, 0.01047241507214293, 0.00791929437488409, 0.0019324072714892726, 0.005705710868736853, 0.0010756585871374753], [0.9469790077646799, 0.021194766156477904, 0.016136179601818814, 0.002905406299496462, 0.01146984549221863, 0.0013147946853084799], [0.9834551145779851, 0.008647674876482101, 0.004055098430089601, 0.0009997767314785387, 0.001573404494536177, 0.0012689308894285108], [0.9950224004417905, 0.0009955199116420117, 0.0009955199116420117, 0.0009955199116420117, 0.0009955199116420117, 0.0009955199116420117]], [[0.9950224004417905, 0.0009955199116420117, 0.0009955199116420117, 0.0009955199116420117, 0.0009955199116420117, 0.0009955199116420117], [0.9950224004417905, 0.0009955199116420117, 0.0009955199116420117, 0.0009955199116420117, 0.0009955199116420117, 0.0009955199116420117], [0.9950224004417905, 0.0009955199116420117, 0.0009955199116420117, 0.0009955199116420117, 0.0009955199116420117, 0.0009955199116420117], [0.9950224004417905, 0.0009955199116420117, 0.0009955199116420117, 0.0009955199116420117, 0.0009955199116420117, 0.0009955199116420117], [0.9950224004417905, 0.0009955199116420117, 0.0009955199116420117, 0.0009955199116420117, 0.0009955199116420117, 0.0009955199116420117], [0.9950224004417905, 0.0009955199116420117, 0.0009955199116420117, 0.0009955199116420117, 0.0009955199116420117, 0.0009955199116420117], [0.8922631640641624, 0.031067444254264994, 0.042416335439824523, 0.010079981388016116, 0.023112250497827263, 0.001060824355904777], [0.837734123427945, 0.11302925504528562, 0.0009998365320847428, 0.00953659113319353, 0.03766450941051645, 0.0010356844509748072], [0.1558222641077903, 0.21533844110586017, 0.0009998122800849024, 0.016457421864106772, 0.6103822483620729, 0.0009998122800849024], [0.6811878681268435, 0.2154094501527569, 0.0009998451359500245, 0.019367140201434725, 0.08198732229629956, 0.0010483740867154407], [0.4644082623860595, 0.2809416215910327, 0.000999854882341297, 0.029099425973699935, 0.22353323065161793, 0.0010176045152485958], [0.7231246537532021, 0.18649118050275607, 0.0009998493573625318, 0.02519870253963928, 0.06313300669119125, 0.0010526071558487953], [0.7595371594312524, 0.1586983511794855, 0.000999849437017131, 0.014438492905488915, 0.0652651170129977, 0.0010610300337583877], [0.8716812903919215, 0.07926193480486887, 0.000999843377991222, 0.013088869252410982, 0.03392556882499552, 0.001042493347811879], [0.07092608476935633, 0.0663787948483071, 0.0009998506887584835, 0.005834804423666424, 0.8548023303609854, 0.0010581349089262575], [0.8845645539256627, 0.08115215034329223, 0.0009998422974351532, 0.005898157599477809, 0.026343860360528746, 0.001041435473603423], [0.9011409052214799, 0.060771231521630754, 0.0009998485308872398, 0.01124404731486076, 0.024788302224957672, 0.0010556651861835307], [0.0585039080569026, 0.06547870856058367, 0.0009998494531684608, 0.009784221736949372, 0.8641763623940077, 0.0010569497983881568], [0.8718431035741098, 0.08919064539644952, 0.0009998412932461422, 0.009932246293208347, 0.026993774101641377, 0.0010403893413449385], [0.7541383357954279, 0.17926999938732152, 0.0009998560012376308, 0.011308168823003863, 0.053216020091808584, 0.0010676199012005939], [0.05679226037169751, 0.08660577323641303, 0.0009997931811352929, 0.00651641792542735, 0.8480859621041915, 0.0009997931811352929], [0.0545330317754656, 0.07388665414764779, 0.0009998462208769487, 0.008753706095528679, 0.8607731208473621, 0.0010536409131187139], [0.9203129861965974, 0.05406896344022429, 0.0009998488228589065, 0.0037207605642744362, 0.019840993622122775, 0.0010564473539221727], [0.9112124081541617, 0.055770744422750554, 0.0009998487463939738, 0.006937037160396042, 0.024024069796406863, 0.0010558917198908414], [0.9013229439224962, 0.029519993326209845, 0.028745680091303096, 0.008554657365910228, 0.030806820987817764, 0.0010499043062629054], [0.9950224004417905, 0.0009955199116420117, 0.0009955199116420117, 0.0009955199116420117, 0.0009955199116420117, 0.0009955199116420117], [0.7493820204588213, 0.09159310728586285, 0.07580506649696186, 0.017575609555074673, 0.06458850702507131, 0.001055689178208117], [0.4389918246845305, 0.3016295804193951, 0.0009998657906537816, 0.025803511437709203, 0.23156187187472, 0.0010133457929915055], [0.13738742278057517, 0.24194717273057342, 0.001223433748620173, 0.017594117089355026, 0.6008401474756538, 0.0010077061752222596], [0.7369815380206579, 0.19097126762405445, 0.000999845760456507, 0.013654024204837627, 0.056335965129056476, 0.0010573592609370648], [0.8610639907335957, 0.09306760891784202, 0.0009998404378218403, 0.005810065708705322, 0.03801891190047162, 0.001039582301563421], [0.9066392055498741, 0.062294807096595226, 0.0009998512472935391, 0.005593606481564912, 0.023414165471470322, 0.0010583641532020333], [0.9492472550032124, 0.03299289570082663, 0.000999849060798139, 0.004539366028557093, 0.011163974466366987, 0.0010566597402388077], [0.9568614144981871, 0.02679284240241764, 0.0009998503189513567, 0.0037496190646789528, 0.010538313738067783, 0.0010579599776971245], [0.9607885115118954, 0.02696059398632285, 0.0009998581462466259, 0.0029320534053417437, 0.007244554382155925, 0.0010744285680374546], [0.9640020076009839, 0.024941873648398255, 0.0009998570913872977, 0.0017336032518356433, 0.007249244340244943, 0.0010734140671500596], [0.9564594985940025, 0.02847199582639772, 0.0009998517415441739, 0.003688773881800024, 0.009320494736318321, 0.001059385219937432], [0.9662575350002333, 0.021438998152436793, 0.0009998566518256901, 0.0017331547173634002, 0.008497489655227635, 0.001072965822913113], [0.022001579221478638, 0.020243185439636924, 0.01601313585814805, 0.0024978707745300574, 0.9379321908605378, 0.001312037845668609], [0.9950224004417905, 0.0009955199116420117, 0.0009955199116420117, 0.0009955199116420117, 0.0009955199116420117, 0.0009955199116420117]], [[0.9950224004417905, 0.0009955199116420117, 0.0009955199116420117, 0.0009955199116420117, 0.0009955199116420117, 0.0009955199116420117], [0.9950224004417905, 0.0009955199116420117, 0.0009955199116420117, 0.0009955199116420117, 0.0009955199116420117, 0.0009955199116420117], [0.9950224004417905, 0.0009955199116420117, 0.0009955199116420117, 0.0009955199116420117, 0.0009955199116420117, 0.0009955199116420117], [0.9950224004417905, 0.0009955199116420117, 0.0009955199116420117, 0.0009955199116420117, 0.0009955199116420117, 0.0009955199116420117], [0.9485921408649087, 0.017349525505139286, 0.014342463284666943, 0.0027011008441475423, 0.01595119755046179, 0.001063571950675749], [0.9135696976734323, 0.02565144360346889, 0.03431839014532257, 0.006788230645345952, 0.01860986535014207, 0.0010623725822882179], [0.86722781168866, 0.0843583957315314, 0.000999840854781674, 0.008861236680557723, 0.03751267989837202, 0.0010400351460972694], [0.7494885804520991, 0.17043593903439153, 0.0009998494260480982, 0.01221062094744551, 0.06580397013697939, 0.0010610400030364546], [0.14912458799683997, 0.19524982857716144, 0.0009998006343251134, 0.018709917895178847, 0.6349160642621696, 0.0009998006343251134], [0.1516379719418491, 0.20749726271441368, 0.0009997972041593485, 0.020556458769502985, 0.6183087121659157, 0.0009997972041593485], [0.1461275337605795, 0.18345142828227448, 0.000999802327355594, 0.019428834668286446, 0.6489925986341485, 0.000999802327355594], [0.7435703657936568, 0.17076836913941998, 0.0009998564383450462, 0.012454017700123691, 0.07113932640623812, 0.0010680645222163633], [0.8569641248596863, 0.08405789898541709, 0.0009998448887014438, 0.011721173804496601, 0.04521294228008367, 0.0010440151816148008], [0.8775273787678277, 0.07277047855201164, 0.0009998480799204169, 0.012315247062277261, 0.035331797488800935, 0.0010552500491619024], [0.8796454622275105, 0.07939387508556703, 0.0009998443700376983, 0.009308385534716704, 0.029608930833684426, 0.0010435019484838085], [0.09449900031988605, 0.12080717300273562, 0.0009998280186383384, 0.009256339955679505, 0.7734371074665005, 0.001000551236559915], [0.8598754217057029, 0.09486959874931693, 0.0009998422931933658, 0.010878390896944893, 0.0323353092500667, 0.0010414371047753235], [0.866004298637434, 0.08438029720067076, 0.0009998429790712697, 0.011676014733469223, 0.03589745063756792, 0.0010420958117867787], [0.11081763720172093, 0.14414943206070438, 0.0009998323080670434, 0.018068795840174002, 0.7249594065525251, 0.0010048960368086184], [0.7264281988092289, 0.1891978783819903, 0.0009998469365374227, 0.015623465640393179, 0.0667003830489456, 0.0010502271829046193], [0.7525158226141392, 0.18207627418739164, 0.0009998512022478447, 0.00967312756045669, 0.05367212284190086, 0.0010628015938637348], [0.8642641200196802, 0.09087094204763344, 0.00099983964577904, 0.012218944692898616, 0.030607337281147288, 0.001038816312861428], [0.8873065413843312, 0.07151095901254208, 0.0009998490207255852, 0.0071377959438945265, 0.03198872230213649, 0.0010561323363701878], [0.9122910051818063, 0.026252854180267585, 0.02106976786942256, 0.010812158931935685, 0.028514224569227146, 0.0010599892673407649], [0.9950224004417905, 0.0009955199116420117, 0.0009955199116420117, 0.0009955199116420117, 0.0009955199116420117, 0.0009955199116420117], [0.9950224004417905, 0.0009955199116420117, 0.0009955199116420117, 0.0009955199116420117, 0.0009955199116420117, 0.0009955199116420117], [0.9950224004417905, 0.0009955199116420117, 0.0009955199116420117, 0.0009955199116420117, 0.0009955199116420117, 0.0009955199116420117], [0.6903779921793677, 0.11267505819815368, 0.10347510143774546, 0.02571649606522331, 0.0667199046766676, 0.0010354474428423692], [0.14000569361287754, 0.18398497165973962, 0.0009997983181283833, 0.015686226391259675, 0.6583235116998666, 0.0009997983181283833], [0.8204687751638331, 0.1152117611060781, 0.0009998410388605784, 0.012933997199854975, 0.04934547780422956, 0.0010401476871436611], [0.884723971307581, 0.07095158145927567, 0.0009998479027336414, 0.009639346794992074, 0.03263023581601248, 0.0010550167194051934], [0.9351258208274743, 0.039737733445538395, 0.000999849034604582, 0.006932199324510347, 0.0161477179339155, 0.0010566794339568607], [0.9431641851180625, 0.03926062274319108, 0.0009998507572043442, 0.0039720215642684775, 0.011544908486278834, 0.0010584113309947307], [0.040691936764838614, 0.045152055528546155, 0.000999843156683743, 0.005008434886026223, 0.9070971491949172, 0.0010505804689879493], [0.9575936407229255, 0.0296414499049832, 0.000999850361718552, 0.002957100097824321, 0.007749986786847931, 0.0010579721257005248], [0.9465344762554335, 0.037097363612166485, 0.0009998498525794488, 0.003686867890562877, 0.010623958192998571, 0.0010574841962591982], [0.9226424059457151, 0.04937023497100772, 0.000999853167651968, 0.006284438286461327, 0.019642727896096435, 0.0010603397330674394], [0.021857840244640915, 0.03774597793682409, 0.0009998486860542679, 0.00210364445712171, 0.9362358309840516, 0.0010568576913075481], [0.9631112562612822, 0.012848927141283953, 0.013582327528343027, 0.0019346320021765438, 0.007444973780407392, 0.0010778832865068035], [0.9950224004417905, 0.0009955199116420117, 0.0009955199116420117, 0.0009955199116420117, 0.0009955199116420117, 0.0009955199116420117]], [[0.9950224004417905, 0.0009955199116420117, 0.0009955199116420117, 0.0009955199116420117, 0.0009955199116420117, 0.0009955199116420117], [0.022613919909217364, 0.0193684130285816, 0.01601313585814805, 0.0024978707745300574, 0.9381946225838543, 0.001312037845668609], [0.9950224004417905, 0.0009955199116420117, 0.0009955199116420117, 0.0009955199116420117, 0.0009955199116420117, 0.0009955199116420117], [0.9652256965779494, 0.01352780334648712, 0.011144627734381383, 0.0019008665922351923, 0.007138467273750181, 0.0010625384751966193], [0.05208842342359031, 0.04564177232689645, 0.0009998420381108822, 0.0045821402333252985, 0.8956383127206372, 0.001049509257439875], [0.04290145265122974, 0.07751224521180118, 0.00099979969545189, 0.005695837117061383, 0.8718908656290041, 0.00099979969545189], [0.7571350809206243, 0.16978481418917044, 0.0014650248610678111, 0.011137973541084355, 0.05941953901325109, 0.0010575674748019646], [0.7290041860456217, 0.18573132506992185, 0.0009998462365068787, 0.015459326362054597, 0.06775578997600364, 0.0010495263098914708], [0.4921413920171591, 0.23174208590421505, 0.0009998657709951175, 0.029424045987619715, 0.2446640970390443, 0.0010285132809666], [0.7374236981356657, 0.16661066944362193, 0.0009998468063665627, 0.013805561359972464, 0.0801101343828353, 0.0010500898715380277], [0.9195988243584425, 0.0519450144579054, 0.0009985694344668405, 0.004354640272011812, 0.02210438204270666, 0.0009985694344668405], [0.11350931158553475, 0.023486330600641203, 0.0009985485523149437, 0.003968694270823924, 0.8570385664383703, 0.0009985485523149437], [0.02341313224483201, 0.02644431754958286, 0.0009985764943391197, 0.0021846050116694775, 0.9459607922052375, 0.0009985764943391197], [0.02174201499841894, 0.11305860053826512, 0.0009985446376904864, 0.0024373658335394817, 0.8607649293543956, 0.0009985446376904864], [0.8427643258915151, 0.04601018240497925, 0.0009985761676042436, 0.09023656442870007, 0.018991774939597264, 0.0009985761676042436], [0.21717781135137942, 0.04509592543386882, 0.0009985563318533246, 0.004337048232420345, 0.7313921023186248, 0.0009985563318533246], [0.6686369909023024, 0.22013876080082306, 0.0009985775466256053, 0.004783833412483983, 0.1044432597911395, 0.0009985775466256053], [0.7549879100077415, 0.046587927192019735, 0.0009985791404942615, 0.004077543101705979, 0.19234946141754444, 0.0009985791404942615], [0.3038055701650413, 0.22357398175742454, 0.0009985563365893656, 0.005532924242740964, 0.4650904111616146, 0.0009985563365893656], [0.5847792128865882, 0.16335827009140697, 0.0009985614794891776, 0.008073528260942002, 0.24179186580208464, 0.0009985614794891776], [0.6555785659267356, 0.2291534655473811, 0.0009985683034010424, 0.005145631338439058, 0.10812520058064218, 0.0009985683034010424], [0.8222053134570423, 0.06819061014012691, 0.000998860582117847, 0.004100048226422387, 0.10350630701217281, 0.000998860582117847], [0.8752584851221832, 0.022924583431100147, 0.000998567015246316, 0.0025241900904758503, 0.09729560732574831, 0.000998567015246316], [0.9614310972154837, 0.01233940064529446, 0.013028108138996268, 0.0024886946106068503, 0.009713385333964519, 0.0009993140556541743], [0.9950241333263711, 0.0009951733347258803, 0.0009951733347258803, 0.0009951733347258803, 0.0009951733347258803, 0.0009951733347258803], [0.9950224004417905, 0.0009955199116420117, 0.0009955199116420117, 0.0009955199116420117, 0.0009955199116420117, 0.0009955199116420117], [0.4912959230598242, 0.0674063320174442, 0.11929268963093362, 0.019952839725049173, 0.30104150476657415, 0.0010107108001744193], [0.7132463606181616, 0.1786154122390873, 0.000999856945141876, 0.01807041119863733, 0.08801313427498424, 0.0010548247239875385], [0.7302237313781185, 0.17815711796344513, 0.0009998563325569617, 0.016385115689118206, 0.07316624098257063, 0.001067937654190531], [0.8376562285815952, 0.10078210465985961, 0.000999840027358464, 0.008949530052920629, 0.05057309553480772, 0.001039201143458366], [0.8985143935225136, 0.06324979641350487, 0.0009998481057579365, 0.005597847505496407, 0.030582872988551675, 0.001055241464175434], [0.9307888589646266, 0.046843000257044, 0.0009998482222088577, 0.005328961415269137, 0.01498346741180558, 0.0010558637290457907], [0.047634702525976465, 0.05226128657312384, 0.0009998457969485543, 0.006980713138649396, 0.8910702229215999, 0.001053229043701966], [0.04233335573428725, 0.06983138111576574, 0.0009997952172550498, 0.0040320195704109975, 0.8818036531450261, 0.0009997952172550498], [0.9088638550311847, 0.05150007124171439, 0.000999850246773492, 0.006658727436877844, 0.030920135247789183, 0.0010573607956602836], [0.9135092537489374, 0.05375589042369395, 0.0009998499908179326, 0.006613244340928737, 0.02406461453751542, 0.0010571469581065057], [0.8959251683336986, 0.07808523703832324, 0.0009998397136166098, 0.004307037881841493, 0.01964384909625972, 0.0010388679362603466], [0.9151669826787745, 0.053049793299270044, 0.0009998538444280591, 0.006278297312231064, 0.02344406205733782, 0.0010610108079585829], [0.02868655467264049, 0.014371504397577875, 0.013198611171953025, 0.002584916389695105, 0.9400994338034988, 0.001058979564634642], [0.9950224004417905, 0.0009955199116420117, 0.0009955199116420117, 0.0009955199116420117, 0.0009955199116420117, 0.0009955199116420117]], [[0.9950224004417905, 0.0009955199116420117, 0.0009955199116420117, 0.0009955199116420117, 0.0009955199116420117, 0.0009955199116420117], [0.9833225032874676, 0.00883711957722127, 0.004055098430089601, 0.0009997767314785387, 0.0015165710843144267, 0.0012689308894285108], [0.947386290789272, 0.020612933264203534, 0.016136179601818814, 0.002905406299496462, 0.01164439535990094, 0.0013147946853084799], [0.9950224004417905, 0.0009955199116420117, 0.0009955199116420117, 0.0009955199116420117, 0.0009955199116420117, 0.0009955199116420117], [0.9486034248200856, 0.022689466057827443, 0.015663846710531722, 0.005900671621682245, 0.0060762508142687644, 0.001066339975604], [0.04993308338072259, 0.05614452184523305, 0.0009998454064663615, 0.004642170706613429, 0.8872275149635971, 0.0010528636973673269], [0.8727372100523303, 0.08788141692813557, 0.0009998423881346001, 0.008081701298988041, 0.02925827854902048, 0.0010415507833912475], [0.10474859314462215, 0.15967720753905512, 0.000999814848421008, 0.01691002565446689, 0.7166645439650139, 0.000999814848421008], [0.7479168734093871, 0.160482709448672, 0.0009998534810393448, 0.01408550882905785, 0.07545827620205972, 0.0010567786297840441], [0.7873979526024664, 0.1403747356504962, 0.0009998480895523642, 0.013845159983725985, 0.05632261621932414, 0.0010596874544348191], [0.7806359319028163, 0.11223890267596529, 0.0009985655424452427, 0.002585056904500092, 0.10254297743182791, 0.0009985655424452427], [0.9546985066495985, 0.027554975667602483, 0.0009985686876801479, 0.0024777826515914934, 0.013271597655847274, 0.0009985686876801479], [0.9599708799453213, 0.022898616114529355, 0.0009985668757796081, 0.002711362112971112, 0.012422008075619047, 0.0009985668757796081], [0.8447709518859152, 0.12912652475708228, 0.0009985768521120892, 0.004050634753486507, 0.020054734899291788, 0.0009985768521120892], [0.7504028432572856, 0.1348868393566229, 0.0009985663340341783, 0.09158366388360784, 0.021129520834415404, 0.0009985663340341783], [0.4086139892031004, 0.41910050696182205, 0.000998565604053483, 0.00900756739001781, 0.1612808052369529, 0.000998565604053483], [0.8386430045646982, 0.04609541599577825, 0.0009985699989375956, 0.004930633935937904, 0.10833380550571077, 0.0009985699989375956], [0.758475107695408, 0.12953125605490148, 0.0009985771391465628, 0.0033255448461757624, 0.10667093712522163, 0.0009985771391465628], [0.6617673274287138, 0.13390763679439877, 0.0009985769294444508, 0.005485914301127718, 0.19684196761687087, 0.0009985769294444508], [0.9223507190849562, 0.04613682104409782, 0.0009985705813428253, 0.005169852421739862, 0.024345466286520488, 0.0009985705813428253], [0.7565556154453594, 0.22119548520812243, 0.000998572938859784, 0.0038704375643298728, 0.01638131590446867, 0.000998572938859784], [0.9352409646402601, 0.04189982473342744, 0.000998850621045034, 0.00298268549949299, 0.01787882388472958, 0.000998850621045034], [0.9527606618520584, 0.027537165029789677, 0.0009985670723687361, 0.003704399106647376, 0.014000639866767087, 0.0009985670723687361], [0.7542391269708069, 0.13089008623316423, 0.0009985783865588216, 0.003417596263208245, 0.10945603375970323, 0.0009985783865588216], [0.39367657354060026, 0.11220661198754298, 0.02344377971062369, 0.003723349397969739, 0.46595038812186496, 0.0009992972413982505], [0.17451179320299218, 0.09687512928978717, 0.09703760239522036, 0.016741022541161905, 0.6138316062692032, 0.001002846301635217], [0.9950224004417905, 0.0009955199116420117, 0.0009955199116420117, 0.0009955199116420117, 0.0009955199116420117, 0.0009955199116420117], [0.15373207052748902, 0.06937230959937316, 0.06651342153275683, 0.01231761748874138, 0.6970645924114794, 0.0009999884401603342], [0.8594709604493876, 0.08669766142921377, 0.0009998448850546458, 0.006473443696833108, 0.04531403558226482, 0.0010440539572459647], [0.8757765787663018, 0.07141608702610965, 0.0009998497018347673, 0.012639334551623905, 0.038111311417332136, 0.0010568385367977502], [0.9243142033664463, 0.04968629850331278, 0.0009998480664991068, 0.003994982630046729, 0.0199489736283851, 0.0010556938053100087], [0.8986765518052334, 0.06341040369639293, 0.0009998475009795563, 0.005339170010075509, 0.030519432294621854, 0.0010545946926967871], [0.8826862318707261, 0.073958299830695, 0.000999843702465636, 0.00806322597534468, 0.03324955614059832, 0.001042842480170288], [0.7864490799771732, 0.15635236052974053, 0.0009998449487673196, 0.006745440722554844, 0.0483967721047563, 0.001056501717007992], [0.8811295807100167, 0.07571575961947412, 0.0009998406570441965, 0.005625792969269412, 0.035489229844400054, 0.0010397961997956286], [0.8783014975693997, 0.0784483565100215, 0.000999839017859647, 0.009999242099895278, 0.03121294612743287, 0.0010381186753909298], [0.7801282967500629, 0.15527279876472608, 0.0009998467326599355, 0.013811584521938178, 0.048729191861234804, 0.0010582813693780812], [0.8842267958390827, 0.08177233823680526, 0.0009998438893656968, 0.009012466773657074, 0.022945521524605262, 0.0010430337364840316], [0.046501708104015126, 0.02509201506303473, 0.032789738255501306, 0.002633621703748532, 0.8919301332482519, 0.001052783625448399], [0.9950224004417905, 0.0009955199116420117, 0.0009955199116420117, 0.0009955199116420117, 0.0009955199116420117, 0.0009955199116420117]], [[0.9950224004417905, 0.0009955199116420117, 0.0009955199116420117, 0.0009955199116420117, 0.0009955199116420117, 0.0009955199116420117], [0.005606255870986281, 0.007089417356783062, 0.0036594159977678007, 0.000999775159992476, 0.9813787753370311, 0.0012663602774393246], [0.9837221600470948, 0.008266181349182557, 0.004055098430089601, 0.0009997767314785387, 0.0016878525527260406, 0.0012689308894285108], [0.9950224004417905, 0.0009955199116420117, 0.0009955199116420117, 0.0009955199116420117, 0.0009955199116420117, 0.0009955199116420117], [0.9614944938199154, 0.017892632346185385, 0.008931697698133833, 0.00353071767595862, 0.007074890859428149, 0.0010755676003785133], [0.9346315101661962, 0.044715940702436945, 0.0009998514676645633, 0.003688498485556605, 0.014905088634209009, 0.0010591105439367381], [0.8992998482138468, 0.06360390388267949, 0.0009998472038077319, 0.0053419521319740745, 0.02970015140558888, 0.0010542971621030387], [0.8704400326686622, 0.08396626881558623, 0.0009998433109648201, 0.005336258335673654, 0.03821517365441196, 0.0010424232147011945], [0.783398223775574, 0.14179345379599428, 0.0009998477131166188, 0.0116180837730585, 0.061131054772254764, 0.0010593361700018504], [0.8613218094655071, 0.07863524103873538, 0.0009998428207617705, 0.010405430384122751, 0.04759569236143871, 0.0010419839294341952], [0.9575735167380308, 0.02419235845328054, 0.0009985670775490543, 0.003842926666371577, 0.01239406398721891, 0.0009985670775490543], [0.03397774498368769, 0.038341907234619554, 0.0009985492757932154, 0.005543171029387805, 0.9201400782007186, 0.0009985492757932154], [0.9517089938656671, 0.028385260303698624, 0.0009985642598736098, 0.00254678467168633, 0.015361832639200834, 0.0009985642598736098], [0.8459488188000857, 0.12806174583766505, 0.0009985741878035463, 0.0035016828005641266, 0.020490604186078263, 0.0009985741878035463], [0.7449561177326635, 0.1361139694840163, 0.0009985652942267153, 0.09269693641160143, 0.024235845783265552, 0.0009985652942267153], [0.8306690588374723, 0.13626991042044578, 0.000998568336984111, 0.005831532112374571, 0.025232361955739326, 0.000998568336984111], [0.8454170610198779, 0.12856348481505483, 0.0009985738245609237, 0.0037320013962602663, 0.020290305119685187, 0.0009985738245609237], [0.952254924878287, 0.026317439348094916, 0.0009985645931859946, 0.002068588999075644, 0.017361917588170735, 0.0009985645931859946], [0.930353617937783, 0.04238330722122965, 0.000998574183671453, 0.004444829046369779, 0.02082109742727477, 0.000998574183671453], [0.8477169390869503, 0.04011585371707271, 0.0009985734180899992, 0.0039527545710311834, 0.1062173057887659, 0.0009985734180899992], [0.9556940383153687, 0.027817845768243664, 0.0009985669803818915, 0.002160356778918698, 0.01233062517670519, 0.0009985669803818915], [0.8571417359078255, 0.03610828004085709, 0.0009988486467615108, 0.0036056514825460757, 0.10114663527524843, 0.0009988486467615108], [0.9242828090616193, 0.046720426498933175, 0.0009985744572045682, 0.0055536572664402735, 0.021445958258598304, 0.0009985744572045682], [0.40402133425408693, 0.14191866836865372, 0.0009985460550720952, 0.005423362046601982, 0.4466395432205133, 0.0009985460550720952], [0.7270253919934985, 0.15061883334096782, 0.0009985652827627443, 0.00497822566487163, 0.11538041843513677, 0.0009985652827627443], [0.4944720069969377, 0.23002312511386933, 0.000999858590335065, 0.02767087053314501, 0.24581280704564973, 0.0010213317200630618], [0.740498233469744, 0.09245958339163177, 0.07380378381920008, 0.01343747181915399, 0.07875401578586572, 0.0010469117144044943], [0.9950224004417905, 0.0009955199116420117, 0.0009955199116420117, 0.0009955199116420117, 0.0009955199116420117, 0.0009955199116420117], [0.8888065247505228, 0.034220867763191394, 0.037474563179566274, 0.006713127848003059, 0.031740531548773536, 0.0010443849099428593], [0.9042026382099841, 0.057563748167188906, 0.0009998483889926712, 0.00693666136616311, 0.029241585403275133, 0.0010555184643961915], [0.059354302779833286, 0.06397934075243346, 0.0009998520135471609, 0.011095742896525549, 0.8635112869326252, 0.0010594746250353097], [0.8875740819693517, 0.07684094517880741, 0.0009998433430062211, 0.008528907183658757, 0.02501370993787595, 0.0010425123872997402], [0.7814732644332528, 0.15083608504448046, 0.0009998452908809084, 0.011157388569611092, 0.054476512646605295, 0.0010569040151692433], [0.7489987131905804, 0.1773476015713236, 0.0009998400383035499, 0.011488676205787546, 0.06012188047231361, 0.001043288521691485], [0.7703304901366521, 0.16187145896524394, 0.0009998456886586204, 0.013488973466862949, 0.05225197329127901, 0.0010572584513033555], [0.7671958831125785, 0.15467632017927824, 0.0009998491553531949, 0.013542401709295717, 0.06252478570961832, 0.0010607601338761064], [0.728970488319025, 0.19832533857466902, 0.000999847650107243, 0.013356271719832643, 0.057297134473214405, 0.0010509192631518015], [0.10079262433781477, 0.15644713724616177, 0.0009998109013684257, 0.011452681217014057, 0.7293079353962726, 0.0009998109013684257], [0.8867058087864974, 0.039856188793854934, 0.04215127853364919, 0.010437775816037395, 0.019805252273661943, 0.0010436957962991393], [0.9950224004417905, 0.0009955199116420117, 0.0009955199116420117, 0.0009955199116420117, 0.0009955199116420117, 0.0009955199116420117]], [[0.9950224004417905, 0.0009955199116420117, 0.0009955199116420117, 0.0009955199116420117, 0.0009955199116420117, 0.0009955199116420117], [0.984143307093809, 0.007664542711019258, 0.004055098430089601, 0.0009997767314785387, 0.0018683441441750303, 0.0012689308894285108], [0.9950224004417905, 0.0009955199116420117, 0.0009955199116420117, 0.0009955199116420117, 0.0009955199116420117, 0.0009955199116420117], [0.9950224004417905, 0.0009955199116420117, 0.0009955199116420117, 0.0009955199116420117, 0.0009955199116420117, 0.0009955199116420117], [0.9593627180763146, 0.015872088844003325, 0.01501620263134109, 0.0035302240215270017, 0.005143692828299261, 0.0010750735985148648], [0.02850260873821103, 0.03919753269110943, 0.0009998550011184521, 0.006101382922650943, 0.9241354677888133, 0.0010631528580968292], [0.8967054372862777, 0.06345217709735801, 0.0009998487453226782, 0.004542201082821396, 0.03324443280276054, 0.0010559029854595773], [0.8740047602553122, 0.07762950417704159, 0.0009998433319841225, 0.009514702217200416, 0.03680874645763221, 0.0010424435608295832], [0.7842194680177935, 0.13631596752290787, 0.0009998501763605868, 0.013038151126428164, 0.06436482646416594, 0.0010617366923440447], [0.8602978540908843, 0.08199857334331023, 0.0009998388689312783, 0.010896425787176416, 0.04476931785548902, 0.0010379900542087388], [0.9306633757581689, 0.04106101794604238, 0.000998571944848429, 0.005493706630008152, 0.020784755776083793, 0.000998571944848429], [0.922629869549876, 0.049276546157465274, 0.0009985694511147323, 0.0049823555853383645, 0.021114089805091024, 0.0009985694511147323], [0.8332139868674424, 0.1383134401582728, 0.000998567010813282, 0.004066751647107911, 0.022408687305550554, 0.000998567010813282], [0.043965252780453164, 0.13295157038660715, 0.0009985473834124771, 0.0038160657440681517, 0.8172700163220467, 0.0009985473834124771], [0.49911602765765717, 0.15491988342476953, 0.0009985566383630374, 0.0067471534761348135, 0.3372198221647126, 0.0009985566383630374], [0.22260471364474574, 0.13458289898024067, 0.0009985510484350482, 0.005732613532665367, 0.6350826717454783, 0.0009985510484350482], [0.035982587111899306, 0.040554356931996986, 0.0009985452936634117, 0.005875006461101065, 0.915590958907676, 0.0009985452936634117], [0.9304002215860848, 0.0419361876010945, 0.0009985755644648325, 0.004456681107462182, 0.021209758576428893, 0.0009985755644648325], [0.2131796117395578, 0.04543692900551406, 0.000998552812023621, 0.0930172950232336, 0.6463690586076473, 0.000998552812023621], [0.9337928243767386, 0.03799705496762789, 0.0009985743791898435, 0.0049180508208902084, 0.02129492107636366, 0.0009985743791898435], [0.9560708707156633, 0.02468200993714537, 0