{
  "prediction": [
    [
      [
        0.9950224004417905,
        0.0009955199116420117,
        0.0009955199116420117,
        0.0009955199116420117,
        0.0009955199116420117,
        0.0009955199116420117
      ],
      [
        0.9950224004417905,
        0.0009955199116420117,
        0.0009955199116420117,
        0.0009955199116420117,
        0.0009955199116420117,
        0.0009955199116420117
      ],
      [
        0.9950224004417905,
        0.0009955199116420117,
        0.0009955199116420117,
        0.0009955199116420117,
        0.0009955199116420117,
        0.0009955199116420117
      ],
      [
        0.9950224004417905,
        0.0009955199116420117,
        0.0009955199116420117,
        0.0009955199116420117,
        0.0009955199116420117,
        0.0009955199116420117
      ],
      [
        0.9950224004417905,
        0.0009955199116420117,
        0.0009955199116420117,
        0.0009955199116420117,
        0.0009955199116420117,
        0.0009955199116420117
      ],
      [
        0.9950224004417905,
        0.0009955199116420117,
        0.0009955199116420117,
        0.0009955199116420117,
        0.0009955199116420117,
        0.0009955199116420117
      ],
      [
        0.9950224004417905,
        0.0009955199116420117,
        0.0009955199116420117,
        0.0009955199116420117,
        0.0009955199116420117,
        0.0009955199116420117
      ],
      [
        0.9950224004417905,
        0.0009955199116420117,
        0.0009955199116420117,
        0.0009955199116420117,
        0.0009955199116420117,
        0.0009955199116420117
      ],
      [
        0.9950224004417905,
        0.0009955199116420117,
        0.0009955199116420117,
        0.0009955199116420117,
        0.0009955199116420117,
        0.0009955199116420117
      ],
      [
        0.9950224004417905,
        0.0009955199116420117,
        0.0009955199116420117,
        0.0009955199116420117,
        0.0009955199116420117,
        0.0009955199116420117
      ],
      [
        0.9950224004417905,
        0.0009955199116420117,
        0.0009955199116420117,
        0.0009955199116420117,
        0.0009955199116420117,
        0.0009955199116420117
      ],
      [
        0.9950224004417905,
        0.0009955199116420117,
        0.0009955199116420117,
        0.0009955199116420117,
        0.0009955199116420117,
        0.0009955199116420117
      ],
      [
        0.9950224004417905,
        0.0009955199116420117,
        0.0009955199116420117,
        0.0009955199116420117,
        0.0009955199116420117,
        0.0009955199116420117
      ],
      [
        0.9950224004417905,
        0.0009955199116420117,
        0.0009955199116420117,
        0.0009955199116420117,
        0.0009955199116420117,
        0.0009955199116420117
      ],
      [
        0.9950224004417905,
        0.0009955199116420117,
        0.0009955199116420117,
        0.0009955199116420117,
        0.0009955199116420117,
        0.0009955199116420117
      ],
      [
        0.9950224004417905,
        0.0009955199116420117,
        0.0009955199116420117,
        0.0009955199116420117,
        0.0009955199116420117,
        0.0009955199116420117
      ],
      [
        0.9950224004417905,
        0.0009955199116420117,
        0.0009955199116420117,
        0.0009955199116420117,
        0.0009955199116420117,
        0.0009955199116420117
      ],
      [
        0.9950224004417905,
        0.0009955199116420117,
        0.0009955199116420117,
        0.0009955199116420117,
        0.0009955199116420117,
        0.0009955199116420117
      ],
      [
        0.9950224004417905,
        0.0009955199116420117,
        0.0009955199116420117,
        0.0009955199116420117,
        0.0009955199116420117,
        0.0009955199116420117
      ],
      [
        0.9950224004417905,
        0.0009955199116420117,
        0.0009955199116420117,
        0.0009955199116420117,
        0.0009955199116420117,
        0.0009955199116420117
      ],
      [
        0.9950224004417905,
        0.0009955199116420117,
        0.0009955199116420117,
        0.0009955199116420117,
        0.0009955199116420117,
        0.0009955199116420117
      ],
      [
        0.9950224004417905,
        0.0009955199116420117,
        0.0009955199116420117,
        0.0009955199116420117,
        0.0009955199116420117,
        0.0009955199116420117
      ],
      [
        0.9950224004417905,
        0.0009955199116420117,
        0.0009955199116420117,
        0.0009955199116420117,
        0.0009955199116420117,
        0.0009955199116420117
      ],
      [
        0.9950224004417905,
        0.0009955199116420117,
        0.0009955199116420117,
        0.0009955199116420117,
        0.0009955199116420117,
        0.0009955199116420117
      ],
      [
        0.9950224004417905,
        0.0009955199116420117,
        0.0009955199116420117,
        0.0009955199116420117,
        0.0009955199116420117,
        0.0009955199116420117
      ],
      [
        0.9950224004417905,
        0.0009955199116420117,
        0.0009955199116420117,
        0.0009955199116420117,
        0.0009955199116420117,
        0.0009955199116420117
      ],
      [
        0.9950224004417905,
        0.0009955199116420117,
        0.0009955199116420117,
        0.0009955199116420117,
        0.0009955199116420117,
        0.0009955199116420117
      ],
      [
        0.9950224004417905,
        0.0009955199116420117,
        0.0009955199116420117,
        0.0009955199116420117,
        0.0009955199116420117,
        0.0009955199116420117
      ],
      [
        0.9950224004417905,
        0.0009955199116420117,
        0.0009955199116420117,
        0.0009955199116420117,
        0.0009955199116420117,
        0.0009955199116420117
      ],
      [
        0.9950224004417905,
        0.0009955199116420117,
        0.0009955199116420117,
        0.0009955199116420117,
        0.0009955199116420117,
        0.0009955199116420117
      ],
      [
        0.9950224004417905,
        0.0009955199116420117,
        0.0009955199116420117,
        0.0009955199116420117,
        0.0009955199116420117,
        0.0009955199116420117
      ],
      [
        0.9950224004417905,
        0.0009955199116420117,
        0.0009955199116420117,
        0.0009955199116420117,
        0.0009955199116420117,
        0.0009955199116420117
      ],
      [
        0.9950224004417905,
        0.0009955199116420117,
        0.0009955199116420117,
        0.0009955199116420117,
        0.0009955199116420117,
        0.0009955199116420117
      ],
      [
        0.9950224004417905,
        0.0009955199116420117,
        0.0009955199116420117,
        0.0009955199116420117,
        0.0009955199116420117,
        0.0009955199116420117
      ],
      [
        0.9950224004417905,
        0.0009955199116420117,
        0.0009955199116420117,
        0.0009955199116420117,
        0.0009955199116420117,
        0.0009955199116420117
      ],
      [
        0.9950224004417905,
        0.0009955199116420117,
        0.0009955199116420117,
        0.0009955199116420117,
        0.0009955199116420117,
        0.0009955199116420117
      ],
      [
        0.9950224004417905,
        0.0009955199116420117,
        0.0009955199116420117,
        0.0009955199116420117,
        0.0009955199116420117,
        0.0009955199116420117
      ],
      [
        0.9950224004417905,
        0.0009955199116420117,
        0.0009955199116420117,
        0.0009955199116420117,
        0.0009955199116420117,
        0.0009955199116420117
      ],
      [
        0.9950224004417905,
        0.0009955199116420117,
        0.0009955199116420117,
        0.0009955199116420117,
        0.0009955199116420117,
        0.0009955199116420117
      ],
      [
        0.9950224004417905,
        0.0009955199116420117,
        0.0009955199116420117,
        0.0009955199116420117,
        0.0009955199116420117,
        0.0009955199116420117
      ]
    ],
    [
      [
        0.9950224004417905,
        0.0009955199116420117,
        0.0009955199116420117,
        0.0009955199116420117,
        0.0009955199116420117,
        0.0009955199116420117
      ],
      [
        0.9945155665497512,
        0.0009999305435246075,
        0.0009999305435246075,
        0.0009999305435246075,
        0.0012391121372511379,
        0.0012455296824238815
      ],
      [
        0.9945181289847431,
        0.0009999392434281284,
        0.0009999392434281284,
        0.0009999392434281284,
        0.0012365127658076913,
        0.001245540519164633
      ],
      [
        0.0023716911318896667,
        0.0010002763959401412,
        0.000999940497334015,
        0.000999940497334015,
        0.993381926376456,
        0.0012462251010461856
      ],
      [
        0.9944834259688198,
        0.0010495953289281854,
        0.000999939433933087,
        0.000999939433933087,
        0.0012215590779252005,
        0.0012455407564606954
      ],
      [
        0.985305814625099,
        0.002026126361079078,
        0.001945588862954516,
        0.0009999728216098672,
        0.00847292571660421,
        0.001249571612653173
      ],
      [
        0.9889249927416637,
        0.0014203570581254876,
        0.001943491811310581,
        0.000999971750604896,
        0.0056331570674304915,
        0.0010780295708649067
      ],
      [
        0.012671749273304712,
        0.0022850190926501993,
        0.0011729412115678468,
        0.0009999574650141779,
        0.981810721136856,
        0.0010596118206070624
      ],
      [
        0.9693367420605831,
        0.004775749125394526,
        0.0018455492101601247,
        0.001724009082698073,
        0.021274295791820406,
        0.0010436547293437915
      ],
      [
        0.9681861111130216,
        0.002456891550582238,
        0.0035973903676823613,
        0.001106389829313846,
        0.02362546407387221,
        0.001027753065527855
      ],
      [
        0.9190077598495193,
        0.004121824390786648,
        0.00747490155391032,
        0.004267529702169951,
        0.06411412549440974,
        0.0010138590092041225
      ],
      [
        0.929487314721437,
        0.007828988146669623,
        0.005196493784846849,
        0.007841527043330273,
        0.04864565411071494,
        0.0010000221930012928
      ],
      [
        0.12009790875040895,
        0.010194617208891291,
        0.0023875548272289395,
        0.006742233951860926,
        0.8595777323310906,
        0.0009999529305193483
      ],
      [
        0.9542835808490749,
        0.0073886902123636794,
        0.003599783257098236,
        0.0017063886863686406,
        0.031993205712347546,
        0.0010283512827470606
      ],
      [
        0.9201241778635763,
        0.0054383165490058194,
        0.008673702452900584,
        0.0030687286347516477,
        0.061681215527308195,
        0.0010138589724576783
      ],
      [
        0.9151853145701332,
        0.008908340341155003,
        0.006395294897755295,
        0.0030463229325437312,
        0.06546470503723835,
        0.0010000222211744255
      ],
      [
        0.9321693848683889,
        0.006555414458744513,
        0.0038784975848077346,
        0.005466330853583512,
        0.050916513285938124,
        0.0010138589485373607
      ],
      [
        0.962719569439235,
        0.0061264915225829435,
        0.002400981951013103,
        0.002905189947977956,
        0.02481941586506364,
        0.0010283512741275202
      ],
      [
        0.9637976760028357,
        0.007354257949932434,
        0.007240752791057043,
        0.0029240066005867056,
        0.01763905376415762,
        0.0010442528914302801
      ],
      [
        0.9775926951284593,
        0.010591392003572045,
        0.0019159325838102317,
        0.000999957944461402,
        0.007839860436163346,
        0.0010601619035337248
      ],
      [
        0.9840523969082041,
        0.005752465446222137,
        0.003144738274066312,
        0.001572369137033156,
        0.004398775034280252,
        0.0010792552001941287
      ],
      [
        0.9860612227029657,
        0.0015465983653252188,
        0.003113617954361663,
        0.0027544138528132166,
        0.005463940679951792,
        0.0010602064445824663
      ],
      [
        0.9781075459366646,
        0.008079846154544712,
        0.003144738325319713,
        0.0015723691626598564,
        0.008016245203027125,
        0.0010792552177839867
      ],
      [
        0.016432597758371376,
        0.003428901816549753,
        0.004194175918426361,
        0.0015724090543930637,
        0.9732926089619652,
        0.0010793064902943543
      ],
      [
        0.978299346010197,
        0.0032901039037121407,
        0.0019172094707926848,
        0.001558005370770554,
        0.013874530604347905,
        0.001060804640179906
      ],
      [
        0.9740639941801231,
        0.004865987226884075,
        0.0018455491981285137,
        0.0017240090714588133,
        0.016456805600865435,
        0.0010436547225399374
      ],
      [
        0.9806811585979572,
        0.0021138593980499112,
        0.0019172094817291193,
        0.0015580053796579623,
        0.012668962496374597,
        0.0010608046462311073
      ],
      [
        0.9757360341488933,
        0.004446172615145264,
        0.00314473812103831,
        0.00516877251116752,
        0.010425027456079938,
        0.001079255147675842
      ],
      [
        0.9876797427446187,
        0.0014901751719414563,
        0.0019434918760168915,
        0.0009999717838977981,
        0.006808588816768552,
        0.0010780296067566535
      ],
      [
        0.9852821567694183,
        0.0020599232977659785,
        0.0019455888629545165,
        0.0009999728216098674,
        0.00846278663559814,
        0.0012495716126531733
      ],
      [
        0.982924881491455,
        0.0032530256127296046,
        0.0019459371180711627,
        0.002771170420429618,
        0.008025730127971538,
        0.0010792552293430366
      ],
      [
        0.9842780355297156,
        0.002079844393858243,
        0.0013165575770087798,
        0.000999957401546304,
        0.010266040780484584,
        0.0010595643173864338
      ],
      [
        0.9710743583875914,
        0.004836835229648716,
        0.004843150349219829,
        0.0017252053360114138,
        0.016476197856997207,
        0.0010442528405315318
      ],
      [
        0.9717814128420591,
        0.0024533372852496784,
        0.004794995128267902,
        0.0011063898475932807,
        0.018836111810184956,
        0.001027753086645192
      ],
      [
        0.9578433048362914,
        0.003701232895828987,
        0.004843150235687938,
        0.004122807635686596,
        0.02844525148805542,
        0.0010442529084496656
      ],
      [
        0.9567508469752125,
        0.008487972963924442,
        0.002400982021171434,
        0.002905189940901568,
        0.028426656802959947,
        0.0010283512958301861
      ],
      [
        0.10211931037968575,
        0.005395952972722768,
        0.003586299503746308,
        0.004344744017416163,
        0.8835537402261749,
        0.000999952900254215
      ],
      [
        0.9627348817055903,
        0.007303416728174962,
        0.0024009819487770144,
        0.0029051899452722874,
        0.023627178399015746,
        0.0010283512731697935
      ],
      [
        0.9651007826967911,
        0.006006447794812789,
        0.004843150315749939,
        0.0029240066965792746,
        0.02008135957035472,
        0.0010442529257121856
      ],
      [
        0.9950224004417905,
        0.0009955199116420117,
        0.0009955199116420117,
        0.0009955199116420117,
        0.0009955199116420117,
        0.0009955199116420117
      ]
    ],
    [
      [
        0.9950224004417905,
        0.0009955199116420117,
        0.0009955199116420117,
        0.0009955199116420117,
        0.0009955199116420117,
        0.0009955199116420117
      ],
      [
        0.9945181274186962,
        0.0009999392381111315,
        0.0009999392381111315,
        0.0009999392381111315,
        0.0012365143544287554,
        0.0012455405125416956
      ],
      [
        0.9945129272476031,
        0.0010082451899830864,
        0.0009999390475313443,
        0.0009999390475313443,
        0.001233657377158631,
        0.0012452920901925135
      ],
      [
        0.9944848634732555,
        0.0010483362961939426,
        0.0009999390475313443,
        0.0009999390475313443,
        0.0012216300452953742,
        0.0012452920901925135
      ],
      [
        0.9834196950174117,
        0.00506413472765293,
        0.000999944744603784,
        0.000999944744603784,
        0.00826732236250719,
        0.0012489584032207254
      ],
      [
        0.9873484693528217,
        0.0057907107611648405,
        0.0009999421076269013,
        0.0009999421076269013,
        0.0037837470226169054,
        0.0010771886481427348
      ],
      [
        0.989769529914547,
        0.003471298170965715,
        0.0009999134026556422,
        0.0009999134026556422,
        0.0037006202852184543,
        0.0010587248239574448
      ],
      [
        0.9755871502657933,
        0.007103375542807951,
        0.0009999446816701294,
        0.001370299138990022,
        0.01389601928241852,
        0.001043211088320078
      ],
      [
        0.9717911546515714,
        0.00610098023277319,
        0.000999932273449486,
        0.00138594187945878,
        0.01869470820573389,
        0.0010272827570132832
      ],
      [
        0.9312528866755199,
        0.013464934603464226,
        0.0009999213002214761,
        0.001915930128226224,
        0.05135314833047968,
        0.0010131789620885993
      ],
      [
        0.12608413960509846,
        0.01878883250830602,
        0.0009998089596576006,
        0.0036109476428428156,
        0.8495164623244374,
        0.0009998089596576006
      ],
      [
        0.6457291347546658,
        0.030661699117038584,
        0.000999733257966371,
        0.004641582598055786,
        0.3169681170143072,
        0.000999733257966371
      ],
      [
        0.915935850086132,
        0.02348411105555231,
        0.0009999110637635247,
        0.004926070638625974,
        0.05365414609216263,
        0.0009999110637635247
      ],
      [
        0.9123885917047992,
        0.021027189938135078,
        0.000999921926845112,
        0.0037127952264967945,
        0.06085772467554101,
        0.001013776528182844
      ],
      [
        0.9148303587511825,
        0.024550173079125052,
        0.000999911033966504,
        0.00492607049183069,
        0.053693575609928795,
        0.000999911033966504
      ],
      [
        0.6401361969782934,
        0.021090579082101463,
        0.0009997344242342761,
        0.007635401840779445,
        0.3291383532503572,
        0.0009997344242342761
      ],
      [
        0.11055159240234463,
        0.017543838261235206,
        0.0009998090641586315,
        0.004808323584365193,
        0.8650966276237378,
        0.0009998090641586315
      ],
      [
        0.930527206403851,
        0.015985783305465427,
        0.0009999219242261762,
        0.002515284025350756,
        0.048958027757375934,
        0.0010137765837307374
      ],
      [
        0.9591033049988292,
        0.012233645943908853,
        0.0009999329097480504,
        0.0031828263953229716,
        0.02345240940375592,
        0.0010278803484350392
      ],
      [
        0.9616061035352442,
        0.016971480823131668,
        0.0009999452959843964,
        0.003167205872881215,
        0.0162114557984302,
        0.0010438086743282337
      ],
      [
        0.9883254417347485,
        0.004394356119488396,
        0.0009989092008698876,
        0.0017763995517313077,
        0.003505984192292176,
        0.0009989092008698876
      ],
      [
        0.9865791874151435,
        0.004295706406306973,
        0.0009988963475464055,
        0.0025004023200006034,
        0.00462691116345627,
        0.0009988963475464055
      ],
      [
        0.9859424578492596,
        0.004313047832941676,
        0.0009983410190395653,
        0.0009983410190395653,
        0.006749471260680025,
        0.0009983410190395653
      ],
      [
        0.9886586361729941,
        0.0015845609173495486,
        0.0009983410247308066,
        0.0009983410247308066,
        0.006761779835464044,
        0.0009983410247308066
      ],
      [
        0.9853581326493159,
        0.004352522263887603,
        0.0009985134643199537,
        0.0009985134643199537,
        0.007293804693836897,
        0.0009985134643199537
      ],
      [
        0.9815281916455977,
        0.006537552014220914,
        0.0009987772978045323,
        0.0009987772978045323,
        0.008937924446767973,
        0.0009987772978045323
      ],
      [
        0.9052800467661992,
        0.004905398246240162,
        0.0009985134559629518,
        0.0009985134559629518,
        0.08681901461967174,
        0.0009985134559629518
      ],
      [
        0.9878099714899753,
        0.003285024387024972,
        0.000998909242060753,
        0.0012380652409956572,
        0.005669120397882655,
        0.000998909242060753
      ],
      [
        0.9864931409595014,
        0.0037437024729013928,
        0.0009986104538964255,
        0.0009986104538964255,
        0.006767325205908162,
        0.0009986104538964255
      ],
      [
        0.9899964623088083,
        0.0031886437997589476,
        0.0009989239610009289,
        0.001244534619757796,
        0.0035725113496731455,
        0.0009989239610009289
      ],
      [
        0.011963429642837939,
        0.003228086396473463,
        0.0009986105168746464,
        0.0009986105168746464,
        0.9818126524100648,
        0.0009986105168746464
      ],
      [
        0.02170464799034508,
        0.0040043840087272365,
        0.0009984589186901103,
        0.0009984589186901103,
        0.9712955912448575,
        0.0009984589186901103
      ],
      [
        0.9793844751784683,
        0.005447686843727455,
        0.0009987773001039224,
        0.0009987773001039224,
        0.01217150607749255,
        0.0009987773001039224
      ],
      [
        0.9671549765107679,
        0.006086905676222424,
        0.000998872389413685,
        0.002745633134003119,
        0.022014739900179357,
        0.000998872389413685
      ],
      [
        0.978909738713851,
        0.005506348384921051,
        0.0009988836472758396,
        0.001430768947931909,
        0.012155376658744528,
        0.0009988836472758396
      ],
      [
        0.9136433712018621,
        0.01735284137282334,
        0.0009999218893070342,
        0.006107818084756845,
        0.06088227090292291,
        0.0010137765483277648
      ],
      [
        0.9142809560771007,
        0.022154897760964767,
        0.0009999099287427184,
        0.0019317256515832973,
        0.05963260065286579,
        0.0009999099287427184
      ],
      [
        0.12728394086993175,
        0.01629313242896182,
        0.0009998270470135146,
        0.003611182984736188,
        0.8508120896223433,
        0.0009998270470135146
      ],
      [
        0.960328788160473,
        0.006116748073605312,
        0.004798584194209466,
        0.002905189880700432,
        0.024822338416491233,
        0.0010283512745207651
      ],
      [
        0.9950224004417905,
        0.0009955199116420117,
        0.0009955199116420117,
        0.0009955199116420117,
        0.0009955199116420117,
        0.0009955199116420117
      ]
    ],
    [
      [
        0.9950224004417905,
        0.0009955199116420117,
        0.0009955199116420117,
        0.0009955199116420117,
        0.0009955199116420117,
        0.0009955199116420117
      ],
      [
        0.9945181274186962,
        0.0009999392381111315,
        0.0009999392381111315,
        0.0009999392381111315,
        0.0012365143544287554,
        0.0012455405125416956
      ],
      [
        0.9945129286000912,
        0.001008243257857352,
        0.0009999390475313443,
        0.0009999390475313443,
        0.0012336579567963513,
        0.0012452920901925135
      ],
      [
        0.9945126506817703,
        0.0010086402840299394,
        0.0009999390475313443,
        0.0009999390475313443,
        0.001233538848944575,
        0.0012452920901925135
      ],
      [
        0.001911411704358857,
        0.001128315021994991,
        0.0009999411960921164,
        0.0009999411960921164,
        0.9937137160992933,
        0.0012466747821687336
      ],
      [
        0.9834079272685752,
        0.005080945797419277,
        0.000999944744603784,
        0.000999944744603784,
        0.008262279041577286,
        0.0012489584032207254
      ],
      [
        0.9897294690656818,
        0.0028161221692744654,
        0.0009999420412778552,
        0.0009999420412778552,
        0.004377336047615587,
        0.001077188634872445
      ],
      [
        0.013488783789540309,
        0.003520106017447464,
        0.000999914590655106,
        0.000999914590655106,
        0.9799319071421152,
        0.0010593738695867851
      ],
      [
        0.9713442844593507,
        0.010758261322647521,
        0.0009999452225925717,
        0.0019696665467667843,
        0.013884033792720915,
        0.001043808655921492
      ],
      [
        0.9585372214917657,
        0.008628362836524054,
        0.0009999322821794526,
        0.0013859418915588258,
        0.02942125873199002,
        0.0010272827659820348
      ],
      [
        0.10454982937525246,
        0.01866442783833689,
        0.0009998269899897402,
        0.0036111830115676444,
        0.8711749057948637,
        0.0009998269899897402
      ],
      [
        0.9314534663053371,
        0.018765349318668596,
        0.000999911075868565,
        0.004926070698261561,
        0.0428552915259956,
        0.000999911075868565
      ],
      [
        0.9171889670561453,
        0.017419897651464664,
        0.000999921853922306,
        0.007305328743029494,
        0.05607210818298551,
        0.001013776512452755
      ],
      [
        0.938626307554099,
        0.018391387393781808,
        0.0009999329076528557,
        0.005577875311919046,
        0.03537661648626606,
        0.0010278803462812852
      ],
      [
        0.9004476298240977,
        0.018583378675107908,
        0.0009999218767361437,
        0.0025152839058905085,
        0.0764400091825851,
        0.0010137765355826953
      ],
      [
        0.9255329055787873,
        0.016274744334457227,
        0.0009999111212624682,
        0.006123569175636671,
        0.050068958668593865,
        0.0009999111212624682
      ],
      [
        0.12365080345839323,
        0.01874642126532651,
        0.0009998269778867357,
        0.0060059783999142115,
        0.8495971429205925,
        0.0009998269778867357
      ],
      [
        0.960262218173897,
        0.012288803143846361,
        0.0009999328754683394,
        0.001985301979528541,
        0.023435863455858855,
        0.0010278803714009876
      ],
      [
        0.9603901126301223,
        0.011010142092880168,
        0.0009999452649631084,
        0.003167206007442934,
        0.02338878530444079,
        0.0010438087001506475
      ],
      [
        0.9739918304573036,
        0.012208736376870408,
        0.0009999577943152925,
        0.001556589927363262,
        0.010182920760112443,
        0.0010599646840350654
      ],
      [
        0.9799752446176402,
        0.007571683279156524,
        0.0009987829903960331,
        0.0009987829903960331,
        0.009456723132015182,
        0.0009987829903960331
      ],
      [
        0.0009952475808918434,
        0.0009952475808918434,
        0.0009952475808918434,
        0.0009952475808918434,
        0.0009952475808918434,
        0.9950237620955409
      ],
      [
        0.9821610517445553,
        0.004833577890549102,
        0.0009987829878875792,
        0.0009987829878875792,
        0.010009021401233055,
        0.0009987829878875792
      ],
      [
        0.0009952475808918434,
        0.0009952475808918434,
        0.0009952475808918434,
        0.0009952475808918434,
        0.0009952475808918434,
        0.9950237620955409
      ],
      [
        0.981037188092045,
        0.0059317744663359645,
        0.000998777311600873,
        0.000998777311600873,
        0.010034705506816542,
        0.000998777311600873
      ],
      [
        0.8133628663529798,
        0.08626516252508667,
        0.000998872356170718,
        0.0011306897358543861,
        0.09724353667373768,
        0.000998872356170718
      ],
      [
        0.10025967403724935,
        0.006544437210763218,
        0.0009988316580362316,
        0.0013458186733150564,
        0.8898524067626001,
        0.0009988316580362316
      ],
      [
        0.9772866490786517,
        0.008126637101830501,
        0.0009985134478148754,
        0.0009985134478148754,
        0.011591173476073358,
        0.0009985134478148754
      ],
      [
        0.9837185025967772,
        0.003853333025710843,
        0.0009985134557540269,
        0.0009985134557540269,
        0.009432624010249998,
        0.0009985134557540269
      ],
      [
        0.014098396955511442,
        0.003798739367819913,
        0.0009989092948549212,
        0.0012380834934588658,
        0.9788669615935001,
        0.0009989092948549212
      ],
      [
        0.9794443000924754,
        0.005965851452143995,
        0.0009985134682895293,
        0.0009985134682895293,
        0.011594308050512137,
        0.0009985134682895293
      ],
      [
        0.9794702506907089,
        0.005474646981765131,
        0.0009988836606569587,
        0.0014307689670985954,
        0.01162656603911358,
        0.0009988836606569587
      ],
      [
        0.9660365218602447,
        0.005608339759707273,
        0.0009988723611885242,
        0.001130689741534373,
        0.02522670391613671,
        0.0009988723611885242
      ],
      [
        0.9627730881659863,
        0.007261105863846504,
        0.000998861288572822,
        0.002214404301058629,
        0.025753679091963164,
        0.000998861288572822
      ],
      [
        0.9541546163668523,
        0.008355611372933829,
        0.0009988723794826097,
        0.0016690041755116408,
        0.033823023325737195,
        0.0009988723794826097
      ],
      [
        0.1272095409892922,
        0.022483785550365457,
        0.0009998089650106595,
        0.004808323573110948,
        0.84349873195721,
        0.0009998089650106595
      ],
      [
        0.6435873842510966,
        0.02847525923436716,
        0.0009997344137624617,
        0.00524082827201301,
        0.3206970594149984,
        0.0009997344137624617
      ],
      [
        0.9124070653010459,
        0.020998102549384324,
        0.0009999110386222883,
        0.004926070514767452,
        0.05966893955755775,
        0.0009999110386222883
      ],
      [
        0.9297854497545016,
        0.006535889119605633,
        0.0074749010579002895,
        0.0030687284856954385,
        0.05212117264036935,
        0.0010138589419277529
      ],
      [
        0.9950224004417905,
        0.0009955199116420117,
        0.0009955199116420117,
        0.0009955199116420117,
        0.0009955199116420117,
        0.0009955199116420117
      ]
    ],
    [
      [
        0.9950224004417905,
        0.0009955199116420117,
        0.0009955199116420117,
        0.0009955199116420117,
        0.0009955199116420117,
        0.0009955199116420117
      ],
      [
        0.994515565980715,
        0.0009999305415926323,
        0.0009999305415926323,
        0.0009999305415926323,
        0.0012391127144898274,
        0.0012455296800173822
      ],
      [
        0.9945129272476031,
        0.0010082451899830864,
        0.0009999390475313443,
        0.0009999390475313443,
        0.001233657377158631,
        0.0012452920901925135
      ],
      [
        0.9945129299525791,
        0.0010082413257316175,
        0.0009999390475313443,
        0.0009999390475313443,
        0.0012336585364340717,
        0.0012452920901925135
      ],
      [
        0.9945126506817703,
        0.0010086402840299394,
        0.0009999390475313443,
        0.0009999390475313443,
        0.001233538848944575,
        0.0012452920901925135
      ],
      [
        0.9944568071431545,
        0.001088416767766837,
        0.0009999390475313443,
        0.0009999390475313443,
        0.0012096059038235057,
        0.0012452920901925135
      ],
      [
        0.9834165559257183,
        0.005068619144357719,
        0.000999944744603784,
        0.000999944744603784,
        0.008265977037495756,
        0.0012489584032207254
      ],
      [
        0.9855398656494053,
        0.004611247485657764,
        0.0009999432013980164,
        0.0009999432013980164,
        0.006771214797751932,
        0.001077785664388861
      ],
      [
        0.9819308156726356,
        0.0035586577756641876,
        0.0009999144836768613,
        0.0009999144836768613,
        0.011451375794917996,
        0.0010593217894285679
      ],
      [
        0.9713272985707833,
        0.007189908065024024,
        0.0009999452216613513,
        0.00196966654493249,
        0.017469372942649452,
        0.0010438086549494226
      ],
      [
        0.9549146596309022,
        0.008676323310315596,
        0.0009999322616931312,
        0.001385941863164052,
        0.03299586018898974,
        0.0010272827449353647
      ],
      [
        0.9293164010672645,
        0.019597317009870337,
        0.0009999219011795422,
        0.004910306527831759,
        0.04416227693348908,
        0.0010137765603647753
      ],
      [
        0.06044530130331587,
        0.012131818994433366,
        0.0009998450673831378,
        0.0029937427524894425,
        0.9224294468149952,
        0.0009998450673831378
      ],
      [
        0.947235178928142,
        0.01218197126109368,
        0.000999945315307226,
        0.006759823548154547,
        0.03177927225280379,
        0.0010438086944986743
      ],
      [
        0.956640776468765,
        0.009934995024683143,
        0.0009999328491620092,
        0.004380350710466349,
        0.027016064602564192,
        0.0010278803443594122
      ],
      [
        0.9232952917434551,
        0.018447741010249933,
        0.0009999218797624692,
        0.004910306422659151,
        0.05133296240522237,
        0.0010137765386509527
      ],
      [
        0.04608312375527171,
        0.016911705956505627,
        0.0009998451178917355,
        0.0029937426709280394,
        0.9320117373815112,
        0.0009998451178917355
      ],
      [
        0.048198729440070094,
        0.011507479126395147,
        0.000999945319651466,
        0.00663828924713403,
        0.9316117569419764,
        0.0010437999247729622
      ],
      [
        0.9716942757343116,
        0.01087182011196484,
        0.0009999577975746462,
        0.0015565899324369535,
        0.0138173917362221,
        0.0010599646874900111
      ],
      [
        0.9651815979987769,
        0.0086131675756211,
        0.000999945321592966,
        0.007957362570047484,
        0.016204117832901394,
        0.001043808701060143
      ],
      [
        0.8241148931591951,
        0.004402139138774867,
        0.000998883617063783,
        0.0793761612045044,
        0.09010903926339811,
        0.000998883617063783
      ],
      [
        0.0009952475808918434,
        0.0009952475808918434,
        0.0009952475808918434,
        0.0009952475808918434,
        0.0009952475808918434,
        0.9950237620955409
      ],
      [
        0.9767227632320953,
        0.004892804664078013,
        0.000998507788589268,
        0.000998507788589268,
        0.015388908738058945,
        0.000998507788589268
      ],
      [
        0.9761928670670681,
        0.004855178086601354,
        0.0009987773036575253,
        0.0009987773036575253,
        0.015955622935358012,
        0.0009987773036575253
      ],
      [
        0.0009952475808918434,
        0.0009952475808918434,
        0.0009952475808918434,
        0.0009952475808918434,
        0.0009952475808918434,
        0.9950237620955409
      ],
      [
        0.047031179840445386,
        0.0083911293900272,
        0.0009988154669833724,
        0.0010850278794611327,
        0.9414950319560995,
        0.0009988154669833724
      ],
      [
        0.887769895841689,
        0.0076869762294698865,
        0.0009987344067128286,
        0.0009987344067128286,
        0.10154692470870272,
        0.0009987344067128286
      ],
      [
        0.977723115127382,
        0.0033869334138381646,
        0.000998507785559889,
        0.000998507785559889,
        0.015894428102100205,
        0.000998507785559889
      ],
      [
        0.9811022429093844,
        0.003835354123904089,
        0.000998883616227463,
        0.0019690894771152907,
        0.011095546257141303,
        0.000998883616227463
      ],
      [
        0.978991974392028,
        0.0049063619303465296,
        0.0009988963573734145,
        0.0014237475689719576,
        0.012680123393906728,
        0.0009988963573734145
      ],
      [
        0.9826719496693067,
        0.003361685310113536,
        0.0009988836291904214,
        0.001430768922026935,
        0.010537828840171987,
        0.0009988836291904214
      ],
      [
        0.9709083644366332,
        0.005031437161349826,
        0.0009988723695515346,
        0.002207318671490473,
        0.019855134991423447,
        0.0009988723695515346
      ],
      [
        0.9644068510888139,
        0.007234191140549991,
        0.0009988612691292542,
        0.002214404467262586,
        0.02414683076511514,
        0.0009988612691292542
      ],
      [
        0.7591689188022364,
        0.00895850511785456,
        0.0009987819451491428,
        0.004509188763790761,
        0.22536582342582015,
        0.0009987819451491428
      ],
      [
        0.8756706795646588,
        0.008348456593288672,
        0.000998861300280777,
        0.0022144043270143307,
        0.1117687369144766,
        0.000998861300280777
      ],
      [
        0.9075627302262246,
        0.013893291570790429,
        0.0009999218702179042,
        0.002515283889494005,
        0.07401499591429901,
        0.0010137765289741408
      ],
      [
        0.8991360698395687,
        0.022336330850542672,
        0.000999911085878502,
        0.008518565847292419,
        0.06800921129083916,
        0.000999911085878502
      ],
      [
        0.12246261971262222,
        0.018733248352642094,
        0.0009998270507375162,
        0.0036111829981865656,
        0.8531932948350741,
        0.0009998270507375162
      ],
      [
        0.08117141491118479,
        0.003550050591202915,
        0.0021959439289083453,
        0.005157642331789977,
        0.9069249849099343,
        0.000999963326979554
      ],
      [
        0.9950224004417905,
        0.0009955199116420117,
        0.0009955199116420117,
        0.0009955199116420117,
        0.0009955199116420117,
        0.0009955199116420117
      ]
    ],
    [
      [
        0.9950224004417905,
        0.0009955199116420117,
        0.0009955199116420117,
        0.0009955199116420117,
        0.0009955199116420117,
        0.0009955199116420117
      ],
      [
        0.9950224004417905,
        0.0009955199116420117,
        0.0009955199116420117,
        0.0009955199116420117,
        0.0009955199116420117,
        0.0009955199116420117
      ],
      [
        0.99451812684965,
        0.0009999392361791227,
        0.0009999392361791227,
        0.0009999392361791227,
        0.0012365149316774836,
        0.0012455405101351542
      ],
      [
