{"prediction": [[[0.9950224004417905, 0.0009955199116420117, 0.0009955199116420117, 0.0009955199116420117, 0.0009955199116420117, 0.0009955199116420117], [0.9950224004417905, 0.0009955199116420117, 0.0009955199116420117, 0.0009955199116420117, 0.0009955199116420117, 0.0009955199116420117], [0.9950224004417905, 0.0009955199116420117, 0.0009955199116420117, 0.0009955199116420117, 0.0009955199116420117, 0.0009955199116420117], [0.9950224004417905, 0.0009955199116420117, 0.0009955199116420117, 0.0009955199116420117, 0.0009955199116420117, 0.0009955199116420117], [0.9950224004417905, 0.0009955199116420117, 0.0009955199116420117, 0.0009955199116420117, 0.0009955199116420117, 0.0009955199116420117], [0.9950224004417905, 0.0009955199116420117, 0.0009955199116420117, 0.0009955199116420117, 0.0009955199116420117, 0.0009955199116420117], [0.9950224004417905, 0.0009955199116420117, 0.0009955199116420117, 0.0009955199116420117, 0.0009955199116420117, 0.0009955199116420117], [0.9950224004417905, 0.0009955199116420117, 0.0009955199116420117, 0.0009955199116420117, 0.0009955199116420117, 0.0009955199116420117], [0.9950224004417905, 0.0009955199116420117, 0.0009955199116420117, 0.0009955199116420117, 0.0009955199116420117, 0.0009955199116420117], [0.9950224004417905, 0.0009955199116420117, 0.0009955199116420117, 0.0009955199116420117, 0.0009955199116420117, 0.0009955199116420117], [0.9950224004417905, 0.0009955199116420117, 0.0009955199116420117, 0.0009955199116420117, 0.0009955199116420117, 0.0009955199116420117], [0.9950224004417905, 0.0009955199116420117, 0.0009955199116420117, 0.0009955199116420117, 0.0009955199116420117, 0.0009955199116420117], [0.9950224004417905, 0.0009955199116420117, 0.0009955199116420117, 0.0009955199116420117, 0.0009955199116420117, 0.0009955199116420117], [0.9950224004417905, 0.0009955199116420117, 0.0009955199116420117, 0.0009955199116420117, 0.0009955199116420117, 0.0009955199116420117], [0.9950224004417905, 0.0009955199116420117, 0.0009955199116420117, 0.0009955199116420117, 0.0009955199116420117, 0.0009955199116420117], [0.9950224004417905, 0.0009955199116420117, 0.0009955199116420117, 0.0009955199116420117, 0.0009955199116420117, 0.0009955199116420117], [0.9950224004417905, 0.0009955199116420117, 0.0009955199116420117, 0.0009955199116420117, 0.0009955199116420117, 0.0009955199116420117], [0.9950224004417905, 0.0009955199116420117, 0.0009955199116420117, 0.0009955199116420117, 0.0009955199116420117, 0.0009955199116420117], [0.9950224004417905, 0.0009955199116420117, 0.0009955199116420117, 0.0009955199116420117, 0.0009955199116420117, 0.0009955199116420117], [0.9950224004417905, 0.0009955199116420117, 0.0009955199116420117, 0.0009955199116420117, 0.0009955199116420117, 0.0009955199116420117], [0.9950224004417905, 0.0009955199116420117, 0.0009955199116420117, 0.0009955199116420117, 0.0009955199116420117, 0.0009955199116420117], [0.9950224004417905, 0.0009955199116420117, 0.0009955199116420117, 0.0009955199116420117, 0.0009955199116420117, 0.0009955199116420117], [0.9950224004417905, 0.0009955199116420117, 0.0009955199116420117, 0.0009955199116420117, 0.0009955199116420117, 0.0009955199116420117], [0.9950224004417905, 0.0009955199116420117, 0.0009955199116420117, 0.0009955199116420117, 0.0009955199116420117, 0.0009955199116420117], [0.9950224004417905, 0.0009955199116420117, 0.0009955199116420117, 0.0009955199116420117, 0.0009955199116420117, 0.0009955199116420117], [0.9950224004417905, 0.0009955199116420117, 0.0009955199116420117, 0.0009955199116420117, 0.0009955199116420117, 0.0009955199116420117], [0.9950224004417905, 0.0009955199116420117, 0.0009955199116420117, 0.0009955199116420117, 0.0009955199116420117, 0.0009955199116420117], [0.9950224004417905, 0.0009955199116420117, 0.0009955199116420117, 0.0009955199116420117, 0.0009955199116420117, 0.0009955199116420117], [0.9950224004417905, 0.0009955199116420117, 0.0009955199116420117, 0.0009955199116420117, 0.0009955199116420117, 0.0009955199116420117], [0.9950224004417905, 0.0009955199116420117, 0.0009955199116420117, 0.0009955199116420117, 0.0009955199116420117, 0.0009955199116420117], [0.9950224004417905, 0.0009955199116420117, 0.0009955199116420117, 0.0009955199116420117, 0.0009955199116420117, 0.0009955199116420117], [0.9950224004417905, 0.0009955199116420117, 0.0009955199116420117, 0.0009955199116420117, 0.0009955199116420117, 0.0009955199116420117], [0.9950224004417905, 0.0009955199116420117, 0.0009955199116420117, 0.0009955199116420117, 0.0009955199116420117, 0.0009955199116420117], [0.9950224004417905, 0.0009955199116420117, 0.0009955199116420117, 0.0009955199116420117, 0.0009955199116420117, 0.0009955199116420117], [0.9950224004417905, 0.0009955199116420117, 0.0009955199116420117, 0.0009955199116420117, 0.0009955199116420117, 0.0009955199116420117], [0.9950224004417905, 0.0009955199116420117, 0.0009955199116420117, 0.0009955199116420117, 0.0009955199116420117, 0.0009955199116420117], [0.9950224004417905, 0.0009955199116420117, 0.0009955199116420117, 0.0009955199116420117, 0.0009955199116420117, 0.0009955199116420117], [0.9950224004417905, 0.0009955199116420117, 0.0009955199116420117, 0.0009955199116420117, 0.0009955199116420117, 0.0009955199116420117], [0.9950224004417905, 0.0009955199116420117, 0.0009955199116420117, 0.0009955199116420117, 0.0009955199116420117, 0.0009955199116420117], [0.9950224004417905, 0.0009955199116420117, 0.0009955199116420117, 0.0009955199116420117, 0.0009955199116420117, 0.0009955199116420117]], [[0.9950224004417905, 0.0009955199116420117, 0.0009955199116420117, 0.0009955199116420117, 0.0009955199116420117, 0.0009955199116420117], [0.9839666648673397, 0.007916888748832389, 0.004055098430089599, 0.0009997767314785385, 0.0017926403328310898, 0.0012689308894285106], [0.9837545620726312, 0.008219892741273336, 0.004055098430089601, 0.0009997767314785387, 0.0017017391350988068, 0.0012689308894285108], [0.9837545620726312, 0.008219892741273336, 0.004055098430089601, 0.0009997767314785387, 0.0017017391350988068, 0.0012689308894285108], [0.9837112583382619, 0.008281755218943521, 0.004055098430089599, 0.0009997767314785385, 0.00168318039179775, 0.0012689308894285106], [0.9837545620726312, 0.008219892741273336, 0.004055098430089601, 0.0009997767314785387, 0.0017017391350988068, 0.0012689308894285108], [0.9838120381088464, 0.00813778411810854, 0.004055098430089599, 0.0009997767314785385, 0.0017263717220482445, 0.0012689308894285106], [0.9841212916258332, 0.00769599337955624, 0.004055098430089601, 0.0009997767314785387, 0.0018589089436139355, 0.0012689308894285108], [0.9950224004417905, 0.0009955199116420117, 0.0009955199116420117, 0.0009955199116420117, 0.0009955199116420117, 0.0009955199116420117], [0.021339841256913895, 0.019002845608610073, 0.013684822975146737, 0.002607331753100839, 0.942297471088579, 0.001067687317649467], [0.9549556040094298, 0.01525838875848107, 0.015398757736948902, 0.0034990002737534326, 0.009825978809657946, 0.0010622704117287678], [0.9049043866875182, 0.028513929917076228, 0.032049963897430304, 0.005235612084139559, 0.028233344945626317, 0.0010627624682093726], [0.9950224004417905, 0.0009955199116420117, 0.0009955199116420117, 0.0009955199116420117, 0.0009955199116420117, 0.0009955199116420117], [0.11170905145306766, 0.04447682731517029, 0.06474171533819632, 0.007237005198173944, 0.7708354011202698, 0.000999999575121927], [0.8884730322404466, 0.03255953311959711, 0.04399867086494903, 0.007043210486627976, 0.026881109901576095, 0.0010444433868031556], [0.9032915443768146, 0.03139957843917396, 0.035240411428628146, 0.0035722676138591125, 0.025439790246645843, 0.0010564078948785405], [0.9950224004417905, 0.0009955199116420117, 0.0009955199116420117, 0.0009955199116420117, 0.0009955199116420117, 0.0009955199116420117], [0.06226650912885113, 0.035944641822691976, 0.04161299815793664, 0.002813860160941376, 0.8563619993900747, 0.0009999913395041184], [0.06073180342070109, 0.031412079326377754, 0.037194510503177215, 0.0075648067535463645, 0.8620421132420981, 0.0010546867540994044], [0.029351293747819716, 0.0237318554188421, 0.018560535271252246, 0.005894822935458008, 0.9213999484857494, 0.0010615441408786872], [0.9557153764330091, 0.019749136255429685, 0.011951562384656726, 0.0027325933770307592, 0.008774687771017838, 0.0010766437788558123], [0.9461700695345033, 0.02235039219958726, 0.016136179601818814, 0.002905406299496462, 0.011123157679285824, 0.0013147946853084799], [0.9550115658393009, 0.01688629714532991, 0.011931288937378744, 0.004328530700858, 0.010768137773013128, 0.0010741796041191024], [0.960983581714534, 0.01661714225801645, 0.012894923879057364, 0.0026975053901827457, 0.005745673928528237, 0.0010611728296811066], [0.9638381661972542, 0.01606115393532762, 0.00784104484012735, 0.0027307906518908185, 0.008454003302020669, 0.0010748410733792174], [0.9467376238275496, 0.02153960035237839, 0.016136179601818814, 0.002905406299496462, 0.011366395233448484, 0.0013147946853084799], [0.9830066782092315, 0.00928829826041588, 0.004055098430089601, 0.0009997767314785387, 0.0013812174793560435, 0.0012689308894285108], [0.9830281684963187, 0.009257597850291295, 0.004055098430089601, 0.0009997767314785387, 0.001390427602393419, 0.0012689308894285108], [0.021572912628518112, 0.020855566286723387, 0.01601313585814805, 0.0024978707745300574, 0.9377484766064118, 0.001312037845668609], [0.9526001505073612, 0.01934408597401391, 0.014004435184817794, 0.004330411200007485, 0.00864485701083041, 0.0010760601229691164], [0.9432070661211547, 0.02065289237486096, 0.020783569685293574, 0.0036589429173628403, 0.010639892656696497, 0.0010576362446315486], [0.9001208431128369, 0.0299735532334247, 0.033127468190234766, 0.005343825331567365, 0.030374621642716763, 0.0010596884892194718], [0.8640426074674944, 0.043123085495085145, 0.046989270865048165, 0.007266780179372689, 0.03753700085508653, 0.0010412551379130593], [0.7985622594111621, 0.05662939177649573, 0.07161567250572373, 0.01356548858851278, 0.05855526625552655, 0.001071921462578987], [0.7720633815547053, 0.07180173409058263, 0.07327835016668717, 0.012871127129606074, 0.06893102352414619, 0.0010543835342724287], [0.11949522832017445, 0.06205517803687038, 0.06524512601110638, 0.010493349419358792, 0.7417111256657422, 0.00099999254674788], [0.8781676693685295, 0.044965209221842856, 0.040675801609213406, 0.008197873123829965, 0.026947474694924548, 0.0010459719816596322], [0.89968317632657, 0.03192748011248356, 0.039823387061611606, 0.004413982749743351, 0.02309223872472398, 0.0010597350248675306], [0.94110591189865, 0.01861607747302188, 0.016734379797572876, 0.004293815849263406, 0.01819192983228488, 0.0010578851492068619], [0.9950224004417905, 0.0009955199116420117, 0.0009955199116420117, 0.0009955199116420117, 0.0009955199116420117, 0.0009955199116420117]], [[0.9950224004417905, 0.0009955199116420117, 0.0009955199116420117, 0.0009955199116420117, 0.0009955199116420117, 0.0009955199116420117], [0.9837545620726312, 0.008219892741273336, 0.004055098430089601, 0.0009997767314785387, 0.0017017391350988068, 0.0012689308894285108], [0.9836740405356771, 0.01125414884454821, 0.0009992704439917243, 0.0009992704439917243, 0.0018079541560908632, 0.0012653155757003562], [0.9835300299946896, 0.011459878188815992, 0.0009992704439917243, 0.0009992704439917243, 0.0017462353528105285, 0.0012653155757003562], [0.0051755098909864105, 0.01415278566367628, 0.0009995400392027378, 0.0010791584838813768, 0.9773232810019924, 0.0012697249202607607], [0.9836307587303429, 0.011315979995025673, 0.0009992704439917243, 0.0009992704439917243, 0.0017894048109476238, 0.0012653155757003562], [0.9832157224612371, 0.008989663614693525, 0.004055098430089601, 0.0009997767314785387, 0.0014708078730727495, 0.0012689308894285108], [0.9950224004417905, 0.0009955199116420117, 0.0009955199116420117, 0.0009955199116420117, 0.0009955199116420117, 0.0009955199116420117], [0.9950224004417905, 0.0009955199116420117, 0.0009955199116420117, 0.0009955199116420117, 0.0009955199116420117, 0.0009955199116420117], [0.9950224004417905, 0.0009955199116420117, 0.0009955199116420117, 0.0009955199116420117, 0.0009955199116420117, 0.0009955199116420117], [0.9950224004417905, 0.0009955199116420117, 0.0009955199116420117, 0.0009955199116420117, 0.0009955199116420117, 0.0009955199116420117], [0.9950224004417905, 0.0009955199116420117, 0.0009955199116420117, 0.0009955199116420117, 0.0009955199116420117, 0.0009955199116420117], [0.9950224004417905, 0.0009955199116420117, 0.0009955199116420117, 0.0009955199116420117, 0.0009955199116420117, 0.0009955199116420117], [0.9950224004417905, 0.0009955199116420117, 0.0009955199116420117, 0.0009955199116420117, 0.0009955199116420117, 0.0009955199116420117], [0.9950224004417905, 0.0009955199116420117, 0.0009955199116420117, 0.0009955199116420117, 0.0009955199116420117, 0.0009955199116420117], [0.9950224004417905, 0.0009955199116420117, 0.0009955199116420117, 0.0009955199116420117, 0.0009955199116420117, 0.0009955199116420117], [0.9950224004417905, 0.0009955199116420117, 0.0009955199116420117, 0.0009955199116420117, 0.0009955199116420117, 0.0009955199116420117], [0.10584794547453832, 0.04688210599943082, 0.06570891163413932, 0.007453278529481521, 0.7731077618377465, 0.0009999965246634776], [0.8563699736511385, 0.09448661744768937, 0.000999842156849375, 0.008939288606977756, 0.03816299761855596, 0.0010412805187891884], [0.8718392516597469, 0.08772422205774304, 0.000999849427622595, 0.009790188348228564, 0.02858988307548077, 0.0010566054311781754], [0.03953220574359419, 0.04854197453128841, 0.000999849680780079, 0.008022302189199255, 0.9018458580598182, 0.0010578097953199547], [0.03287924855644547, 0.04501708347520273, 0.000999857624014258, 0.0037450482914690958, 0.9162842560520871, 0.001074506000781453], [0.9470311574501367, 0.03709535139970226, 0.000999852631823653, 0.003924149793314956, 0.009889220530974019, 0.0010602681940484764], [0.9173124190373946, 0.05244982977640824, 0.000999848018149007, 0.006399523309265678, 0.02178319770828706, 0.0010551821504954707], [0.9503981595557606, 0.03574867013915144, 0.0009998500437647662, 0.003687067026238996, 0.008108570405923917, 0.0010576828291602707], [0.9573357844092432, 0.02769140151758508, 0.000999856484641288, 0.0037287366487392813, 0.009171394598090618, 0.0010728263417006437], [0.9446569537394934, 0.03562283171548067, 0.0009995568082765065, 0.003605245749393849, 0.013806187024639743, 0.001309224962715708], [0.9441830287307509, 0.03629986744225578, 0.0009995568082765065, 0.003605245749393849, 0.013603076306607209, 0.001309224962715708], [0.9478393974795011, 0.035771989666243086, 0.0009998578416770877, 0.005326667802934273, 0.008987912657177528, 0.0010741745524670526], [0.9491286282103847, 0.03569403194548053, 0.0009998496878269826, 0.0029839322276190698, 0.010136268423530133, 0.001057289505158747], [0.05169692575200975, 0.05497370651860583, 0.0009998486383286213, 0.0073115678579872626, 0.8839618470563961, 0.0010561041766725097], [0.0707367727257159, 0.06967528267675971, 0.000999801613041888, 0.005210728242917712, 0.8523776131285231, 0.000999801613041888], [0.7718578927270948, 0.142064461904275, 0.0009998542039542924, 0.0126658066827607, 0.07134619849589983, 0.0010657859860153118], [0.14971053724867087, 0.14468970156772173, 0.0009998033352699811, 0.01799539774538853, 0.685604756767679, 0.0009998033352699811], [0.5027441456016356, 0.22528342733110032, 0.0009998513959198984, 0.02033688728038209, 0.24962157900736098, 0.00101410938360119], [0.7597263150519643, 0.16058023941398952, 0.0009998436365703332, 0.012145408863849523, 0.06550132571805416, 0.001046867315572092], [0.11710046827940801, 0.1211708883770762, 0.0009998049969725715, 0.01277666672017514, 0.7469523666293955, 0.0009998049969725715], [0.866236126523085, 0.07894437217017017, 0.0009998404714930118, 0.01458097697945916, 0.03819907814378716, 0.0010396057120054837], [0.9029614352927376, 0.02781511408515323, 0.03103217639178081, 0.010008388027143888, 0.02712315120068576, 0.0010597350024986786], [0.9950224004417905, 0.0009955199116420117, 0.0009955199116420117, 0.0009955199116420117, 0.0009955199116420117, 0.0009955199116420117]], [[0.9950224004417905, 0.0009955199116420117, 0.0009955199116420117, 0.0009955199116420117, 0.0009955199116420117, 0.0009955199116420117], [0.9837765775406071, 0.008188442072736352, 0.004055098430089601, 0.0009997767314785387, 0.0017111743356599016, 0.0012689308894285108], [0.9835300299946896, 0.011459878188815992, 0.0009992704439917243, 0.0009992704439917243, 0.0017462353528105285, 0.0012653155757003562], [0.004591705594126693, 0.014986791802047303, 0.0009995400392027378, 0.0010791584838813768, 0.977073079160481, 0.0012697249202607607], [0.032451366903536935, 0.03676933064936955, 0.0009995583876841018, 0.003660126230915032, 0.9248066725251131, 0.0013129453033812928], [0.9820707071469689, 0.013544625114131329, 0.0009992704439917243, 0.0009992704439917243, 0.0011208112752159273, 0.0012653155757003562], [0.9455884655241744, 0.034292100594507866, 0.0009995568082765065, 0.003605245749393849, 0.014205406360931584, 0.001309224962715708], [0.013385952351670777, 0.013859327866697139, 0.009518337896962482, 0.0018122989806702715, 0.960352227556331, 0.0010718553476684724], [0.02202677553107437, 0.017638382690151628, 0.014107944959211327, 0.004181283187087709, 0.94098866881982, 0.0010569448126549225], [0.9162345077029647, 0.02578714287063951, 0.03566312749361441, 0.002920252851554275, 0.018331950619780546, 0.0010630184614465333], [0.8862400947255004, 0.037230924046634584, 0.03633878557607625, 0.011334240912928846, 0.027810803205789793, 0.0010451515330701096], [0.8038819204081517, 0.05617528330310257, 0.067864188040713, 0.011768302521238502, 0.05923605451493151, 0.001074251211862729], [0.7812823297848552, 0.05930892532538292, 0.07444553037301488, 0.011996601709892321, 0.07190862892341228, 0.0010579838834425008], [0.5178792610941326, 0.07005900049268309, 0.1355847544455228, 0.017763384403226275, 0.257710898866616, 0.0010027006978192041], [0.7619747117646742, 0.07152293024567023, 0.06931565475340452, 0.014244861673223141, 0.08188800880180427, 0.0010538327612236835], [0.9950224004417905, 0.0009955199116420117, 0.0009955199116420117, 0.0009955199116420117, 0.0009955199116420117, 0.0009955199116420117], [0.9950224004417905, 0.0009955199116420117, 0.0009955199116420117, 0.0009955199116420117, 0.0009955199116420117, 0.0009955199116420117], [0.7843819480200781, 0.06357600585883239, 0.06599152546572847, 0.015409956291030268, 0.06958510956591336, 0.0010554547984172624], [0.7848563731147634, 0.1350084065584466, 0.0009998554639828986, 0.014503916099816437, 0.0635643621116243, 0.0010670866513664266], [0.07742089949771074, 0.08874064250510041, 0.0009998048716481599, 0.010409796349450095, 0.8214290519044425, 0.0009998048716481599], [0.8651941960425859, 0.08569026389206465, 0.0009998448594745828, 0.011537249633115386, 0.03552646088768277, 0.0010519846850766317], [0.9234974066903199, 0.05461095269318063, 0.0009998527147704267, 0.005836181789173826, 0.013995249051639853, 0.001060357060915344], [0.05590885178275207, 0.06446294325318554, 0.0009998452664479452, 0.005159307540960939, 0.8724163472703641, 0.0010527048862892445], [0.8936349944016789, 0.07719356176072206, 0.000999842824249841, 0.006256333140066023, 0.02087328883218088, 0.001041979041102369], [0.9025235355864883, 0.06497089063130622, 0.0009998486363558148, 0.007505917442363336, 0.022944062063296976, 0.0010557456401891698], [0.9535418220392208, 0.030775880178946783, 0.000999848257494837, 0.00470398154907975, 0.008922570314385404, 0.001055897660872529], [0.9612758485427323, 0.022413302801692004, 0.0009998563347267983, 0.0031590296081672807, 0.011079313879713502, 0.0010726488329681314], [0.9441162410888456, 0.03639527835926309, 0.0009995568082765062, 0.003605245749393848, 0.013574453031505012, 0.0013092249627157076], [0.023916371664828493, 0.029709097386231835, 0.0009998544335966854, 0.00400315683657589, 0.9403002014601636, 0.0010713182186034309], [0.030530964171781954, 0.039898024903714524, 0.000999851105234181, 0.007915319617073115, 0.9195965874702807, 0.001059252731915479], [0.8906161962816787, 0.06962528172303037, 0.0009998480969371428, 0.009884948950756145, 0.027818535207394825, 0.001055189740202714], [0.8681259860551495, 0.08166148824874016, 0.0009998405453452153, 0.010963701238846482, 0.037209329400836814, 0.0010396545110818722], [0.771817684048082, 0.14594330971898703, 0.0009998515851645713, 0.01515263253263295, 0.06502336932459189, 0.0010631527905416794], [0.1486142262719013, 0.1429262879928652, 0.000999792270497304, 0.016619612694118633, 0.6898402885001202, 0.000999792270497304], [0.7434943449447736, 0.1580578247301756, 0.0009998458418880418, 0.013934935765103285, 0.0824639641190671, 0.0010490845989920975], [0.7716674580503332, 0.13855215788320083, 0.0009998549519893009, 0.013817835458554502, 0.07389617554803461, 0.0010665181078876357], [0.8421436800643362, 0.09940460085779132, 0.000999841107979801, 0.012283007483306673, 0.0441286545285001, 0.0010402159580860692], [0.8549378390017364, 0.08762173098223962, 0.0009998403121350779, 0.013797333368181761, 0.041603822278017726, 0.0010394340576894302], [0.892137615005276, 0.039611810421960096, 0.037041691109900805, 0.004392965318618764, 0.025759761558777607, 0.001056156585466647], [0.9950224004417905, 0.0009955199116420117, 0.0009955199116420117, 0.0009955199116420117, 0.0009955199116420117, 0.0009955199116420117]], [[0.9950224004417905, 0.0009955199116420117, 0.0009955199116420117, 0.0009955199116420117, 0.0009955199116420117, 0.0009955199116420117], [0.005505476258811166, 0.00723338823131894, 0.0036594159977678007, 0.000999775159992476, 0.9813355840746704, 0.0012663602774393246], [0.0047162705322125, 0.01480884189049615, 0.0009995400392027378, 0.0010791584838813768, 0.9771264641339464, 0.0012697249202607607], [0.03222384854317116, 0.037094356878463505, 0.0009995583876841018, 0.003660126230915032, 0.9247091646563849, 0.0013129453033812928], [0.9717299166073098, 0.019363526706599604, 0.0009998551302774058, 0.001731672740717531, 0.005103543964175091, 0.0010714848509205386], [0.9452818124081944, 0.03473017647447908, 0.0009995568082765062, 0.003605245749393848, 0.014073983596940214, 0.0013092249627157076], [0.9815064994976958, 0.014230734452157749, 0.0009991858595373713, 0.0009991858595373713, 0.0009991858595373713, 0.0012652084715343136], [0.9448224234718994, 0.03538644638347226, 0.0009995568082765065, 0.003605245749393849, 0.013877102624242264, 0.001309224962715708], [0.9627583466127567, 0.0245100107194519, 0.0009998562107151907, 0.0017327435082259341, 0.008926488043816707, 0.001072554905033651], [0.9449193548818803, 0.038015638606607824, 0.0009998509794014352, 0.004655825274153016, 0.010350753321904719, 0.001058576936052718], [0.8916036084892034, 0.06580288788094392, 0.0009998473452580766, 0.007999530612287685, 0.03253965400678091, 0.0010544716655258978], [0.8486917916359316, 0.09096082009435298, 0.0009998412817700624, 0.010585723344970164, 0.04772138800044007, 0.0010404356425354068], [0.7596909757627741, 0.15081864524802255, 0.000999853891011795, 0.016018665672634977, 0.07140634858260314, 0.0010655108429535889], [0.7447839098904767, 0.1743563996016009, 0.000999842777084088, 0.010291626181617448, 0.06852215882544856, 0.001046062723772417], [0.7363839555669028, 0.16338565739568006, 0.0009998558231600334, 0.013777822164435382, 0.08439110037705123, 0.001061608672770668], [0.1580298318106897, 0.057366807173356335, 0.04542532048395563, 0.016475419088265497, 0.7217026298462591, 0.000999991597473737], [0.9950224004417905, 0.0009955199116420117, 0.0009955199116420117, 0.0009955199116420117, 0.0009955199116420117, 0.0009955199116420117], [0.5073296802451039, 0.053609348385427996, 0.10863216393025305, 0.019950198584397286, 0.3094786182899296, 0.000999990564888061], [0.8940247700359883, 0.0649126836430955, 0.000998852991444807, 0.004321845246562198, 0.03474299509146438, 0.000998852991444807], [0.06715554733806726, 0.059648849377055356, 0.000998821552850411, 0.009337133998762603, 0.8618608261804142, 0.000998821552850411], [0.9363889372915504, 0.03840085593140571, 0.000998850879207103, 0.005467999720896687, 0.017744505297733033, 0.000998850879207103], [0.9397083885580271, 0.038689507745207796, 0.0009988597141924482, 0.0038121175680654313, 0.015792266700314955, 0.0009988597141924482], [0.02590273164320205, 0.03969123100982374, 0.0009988136741911876, 0.004056808820423209, 0.9283516011781686, 0.0009988136741911876], [0.8347925743751164, 0.13705499190757772, 0.0009988673372622724, 0.0040304241437883375, 0.022124274898993095, 0.0009988673372622724], [0.02306317178347314, 0.10708016700487652, 0.0009988134148616562, 0.00263082887646243, 0.8652282055054646, 0.0009988134148616562], [0.8774535892464905, 0.025269012185319902, 0.0009988565708968582, 0.004335098966279861, 0.09094458646011601, 0.0009988565708968582], [0.9747502315558975, 0.016667175163721352, 0.0009988588023919919, 0.001735838901657935, 0.004849036773939436, 0.0009988588023919919], [0.009562984359264977, 0.01644486875697097, 0.0009988679632909944, 0.002758824390815427, 0.9692355865663667, 0.0009988679632909944], [0.011346614413123658, 0.01900767506025036, 0.0009988574371133407, 0.0023804764863715622, 0.9652675191660279, 0.0009988574371133407], [0.02629339661398499, 0.032773655270646414, 0.0009988535083083649, 0.0032732318064747565, 0.9356620092922772, 0.0009988535083083649], [0.9419372353193094, 0.03682894633875118, 0.0009988483738518027, 0.0040638360061516195, 0.015172285588084283, 0.0009988483738518027], [0.7454376407341863, 0.13790594393776345, 0.0009988664553171047, 0.005907951224836443, 0.10875073119257966, 0.0009988664553171047], [0.8156350644663388, 0.1444165683180005, 0.0009988532779779274, 0.005988903372978037, 0.03196175728672678, 0.0009988532779779274], [0.12771587399698234, 0.14244090877031831, 0.0009997954949020002, 0.01737492725736379, 0.7104686989855318, 0.0009997954949020002], [0.7542544288631479, 0.1440727162518656, 0.0009998524751183414, 0.017509288350617828, 0.0820996907226133, 0.0010640233366371536], [0.8377049242029978, 0.08604045170980608, 0.0009998427288969883, 0.012712419598733874, 0.06150049872974954, 0.0010418630298156962], [0.8496367014273257, 0.09075918443378252, 0.0009998430067984583, 0.011776935442227464, 0.04578516829414993, 0.0010421673957160711], [0.7726068381982922, 0.15132103660884122, 0.000999856066843184, 0.011289767914095947, 0.06271482493755832, 0.0010676762743690026], [0.8606846401029528, 0.04964911471226474, 0.04545798958895895, 0.009032416301490691, 0.0341305819047341, 0.001045257389598799], [0.9950224004417905, 0.0009955199116420117, 0.0009955199116420117, 0.0009955199116420117, 0.0009955199116420117, 0.0009955199116420117]], [[0.9950224004417905, 0.0009955199116420117, 0.0009955199116420117, 0.0009955199116420117, 0.0009955199116420117, 0.0009955199116420117], [0.9830286936772074, 0.009256847591878899, 0.004055098430089601, 0.0009997767314785387, 0.0013906526799171382, 0.0012689308894285108], [0.945100974323917, 0.03498851659487556, 0.0009995568082765065, 0.003605245749393849, 0.013996481560821273, 0.001309224962715708], [0.9660673717464114, 0.024481842472080257, 0.000999855588673122, 0.002131273807768308, 0.005247714763249611, 0.0010719416218171929], [0.9620958928541664, 0.02699273402393363, 0.0009998515596135549, 0.0016928734204246726, 0.007159451212279543, 0.0010591969295821188], [0.013018523988346574, 0.021646950860175897, 0.0009998550427842998, 0.0029442021825830103, 0.9603185139380184, 0.0010719539880918903], [0.03187869668018358, 0.037587430968445766, 0.0009995583876841018, 0.003660126230915032, 0.9245612424293902, 0.0013129453033812928], [0.943772020489747, 0.03688702207226145, 0.0009995568082765065, 0.003605245749393849, 0.013426929917605508, 0.001309224962715708], [0.9441387163208478, 0.03636317088497445, 0.0009995568082765065, 0.003605245749393849, 0.01358408527379161, 0.001309224962715708], [0.9442946068811867, 0.039719307026752304, 0.0009998562624901589, 0.003728465186349199, 0.010185208970115376, 0.001072555673106253], [0.0316647533437676, 0.05552186094992018, 0.000999849923573864, 0.005631154038151722, 0.9051243302588852, 0.0010580514857014246], [0.8798196726765022, 0.07773007050337088, 0.000999849455498333, 0.007400261472956256, 0.032993578257656385, 0.0010565676340161063], [0.8261896720387406, 0.1047909116968952, 0.0009998395730630985, 0.015133848923484749, 0.05184699636336018, 0.001038731404456018], [0.7395714549093237, 0.1556133041796369, 0.0009998557343920695, 0.014506044956160197, 0.08824782135391888, 0.001061518866568196], [0.7525929923602782, 0.14584196838923041, 0.0009998424947749549, 0.018085115879196985, 0.08143430266398376, 0.0010457782125356716], [0.7833886890769071, 0.13164665186151664, 0.0009998547791072391, 0.0090795984245556, 0.07381884780495333, 0.001066358052960076], [0.7846999602953422, 0.06475512582109387, 0.06085805261994567, 0.010523158866236216, 0.07809045700792235, 0.0010732453894596347], [0.7588031964380296, 0.13796570996865168, 0.000999845103368986, 0.013424952690528822, 0.08775795060823954, 0.0010483451911813724], [0.8901153773378835, 0.06358159499342231, 0.0009988608441590526, 0.006432048810908813, 0.037873257169467336, 0.0009988608441590526], [0.06362238232654159, 0.0625113554623184, 0.000998814142842103, 0.006894337385204577, 0.8649742965402514, 0.000998814142842103], [0.06134911192589494, 0.05522469277537051, 0.0009988110245119483, 0.004729889782534323, 0.8766986834671764, 0.0009988110245119483], [0.9374350972150415, 0.037184979623535674, 0.0009988522229979644, 0.004960834803014837, 0.018421383912412322, 0.0009988522229979644], [0.20869622627487172, 0.05707069489356395, 0.0009988105463108897, 0.005805192574753929, 0.7264302651641886, 0.0009988105463108897], [0.8213196248581989, 0.14243325945828333, 0.0009988546967605238, 0.0038308798578325395, 0.030418526432164302, 0.0009988546967605238], [0.7511878773995053, 0.057023247569703624, 0.0009988680714381937, 0.00443434450991368, 0.1853567943780011, 0.0009988680714381937], [0.9491790935518497, 0.03236752123152595, 0.0009988476534207656, 0.0025896084977126885, 0.013866081412070288, 0.0009988476534207656], [0.9576212532474344, 0.027206948477155806, 0.0009988567904930202, 0.0021405517360917714, 0.011033532958332181, 0.0009988567904930202], [0.01222666172722307, 0.025313506266585586, 0.0009988631504791981, 0.003913619218852904, 0.9565484864863802, 0.0009988631504791981], [0.958713440034872, 0.024977350008506403, 0.0009988574860731185, 0.0017875971036956334, 0.012523897880780014, 0.0009988574860731185], [0.8702879624704275, 0.11278903142080507, 0.0009988460325171917, 0.0018705213886112786, 0.013054792655121857, 0.0009988460325171917], [0.756654317026756, 0.20911721374206155, 0.0009988638387884172, 0.00657561223254466, 0.02565512932106087, 0.0009988638387884172], [0.060713811776812884, 0.05302300430799789, 0.0009988168458693637, 0.005278589187492289, 0.8789869610359584, 0.0009988168458693637], [0.6199240893086607, 0.08820407366715625, 0.0009988414618434444, 0.012201904686284602, 0.2776722494142117, 0.0009988414618434444], [0.7684897051849303, 0.1367201591005454, 0.000999848679543206, 0.02032580370947359, 0.07241252780042533, 0.0010519555250819773], [0.7592213159151049, 0.14900118118246172, 0.0009998545674751473, 0.011525299620140449, 0.07819197489274703, 0.001060373822070785], [0.11362204947136346, 0.09212400743993086, 0.0009998102814119194, 0.010459255590798886, 0.7817950669350829, 0.0009998102814119194], [0.7691799565839489, 0.143356090937925, 0.000999854864872452, 0.013851635319071819, 0.07154603513345598, 0.0010664271607259974], [0.1444381663007415, 0.14274726353453637, 0.0009997999764335876, 0.015396434901446366, 0.6954185353104088, 0.0009997999764335876], [0.7962217226757554, 0.05780766361288031, 0.07969661555001988, 0.013460455900003632, 0.05174014850231144, 0.001073393759029385], [0.9950224004417905, 0.0009955199116420117, 0.0009955199116420117, 0.0009955199116420117, 0.0009955199116420117, 0.0009955199116420117]], [[0.9950224004417905, 0.0009955199116420117, 0.0009955199116420117, 0.0009955199116420117, 0.0009955199116420117, 0.0009955199116420117], [0.9468102386027069, 0.02143586495929653, 0.016136179601818814, 0.002905406299496462, 0.011397515851373042, 0.0013147946853084799], [0.9605940208229142, 0.02506372073822324, 0.000999854895374794, 0.002130540141706937, 0.010140654682386044, 0.0010712087193947392], [0.017494384217357824, 0.02614854110491567, 0.0009998477722695759, 0.005295871426939833, 0.9490053963804134, 0.001055959098103848], [0.044229747946433716, 0.04082010729882971, 0.0009998408545033935, 0.0037875801394224237, 0.9091144404537306, 0.0010482833070801785], [0.955041104399778, 0.03462073240529886, 0.000999852219766059, 0.0016935215774704043, 0.006584944729444147, 0.001059844668242623], [0.9688335331460214, 0.01981615738472735, 0.0009998547926408363, 0.0021304773604831078, 0.007148831298210919, 0.0010711460179164082], [0.9597879007103908, 0.026942405737355974, 0.0009998538419915394, 0.0029277359174978176, 0.008271984715744805, 0.0010701190770190632], [0.966105240115037, 0.021781584885535422, 0.0009998498801642686, 0.002923801369079886, 0.007123331860949334, 0.0010661918892340045], [0.9562443947998882, 0.02866470742866354, 0.0009998477564880982, 0.0028864580145413162, 0.010149230579698547, 0.0010553614207204028], [0.918074471695044, 0.05228798788641308, 0.0009998472677923845, 0.0037424038167724657, 0.023840897264626737, 0.001054392069351449], [0.8851614500648639, 0.07038133231491091, 0.0009998398587127055, 0.006997153886282732, 0.035421246577228595, 0.001038977298001118], [0.7952888874628137, 0.11624951532843109, 0.0009998524339451475, 0.012619652283318142, 0.073778037687299, 0.00106405480419289], [0.77802878029383, 0.12249575009642176, 0.0009998406742425497, 0.017246435801652304, 0.0801853084721215, 0.0010438846617318992], [0.5439516717308173, 0.17563686193152162, 0.0009998485106787202, 0.021298575813494168, 0.25710341162129674, 0.0010096303921915872], [0.7688976384914715, 0.12748697282758467, 0.0009998522771957094, 0.014239264402111323, 0.08732069959546776, 0.0010555724061690646], [0.7928077384245193, 0.11940589701657489, 0.000999852738981269, 0.016103206193368167, 0.06961894727896997, 0.0010643583475863307], [0.763242284085323, 0.13135561630807463, 0.0009998493286890592, 0.01733053106691133, 0.08601665480267345, 0.0010550644083283762], [0.9055551875998574, 0.05015926894760808, 0.0009988565312581102, 0.006045355275485567, 0.03624247511453285, 0.0009988565312581102], [0.4700092139096594, 0.08407170927941475, 0.000998840998223378, 0.0139260476655484, 0.4299953471489308, 0.000998840998223378], [0.8970769822972237, 0.054371734775118835, 0.000998858576729193, 0.009376140252901012, 0.03717742552129823, 0.000998858576729193], [0.9002921229724516, 0.05354857402615799, 0.0009988612478836012, 0.007878859929492926, 0.03628272057613035, 0.0009988612478836012], [0.13612615799119349, 0.05572684080739817, 0.0009988171245214456, 0.00654927179905752, 0.799600095153308, 0.0009988171245214456], [0.3925873939577051, 0.08941006119977113, 0.0009988437111075386, 0.013221354582876873, 0.5027835028374319, 0.0009988437111075386], [0.13986618348699145, 0.1314487253597015, 0.0009988134852237116, 0.004102674477071358, 0.7225847897057884, 0.0009988134852237116], [0.8321945837170627, 0.130525125285189, 0.0009988652649837652, 0.005957481231244195, 0.02932507923653668, 0.0009988652649837652], [0.9467726744267705, 0.029576694496071063, 0.000998847789881267, 0.00430335232764489, 0.017349583169751184, 0.000998847789881267], [0.02447314492231844, 0.02791121363890189, 0.0009988617114822663, 0.003212265408059117, 0.9424056526077561, 0.0009988617114822663], [0.9704009101444433, 0.01922159677641148, 0.000998675995572734, 0.000998675995572734, 0.007381465092427137, 0.000998675995572734], [0.9463035080650253, 0.032631872073523846, 0.0009988507836380261, 0.0043265425819683555, 0.014740375712206745, 0.0009988507836380261], [0.9440118845113341, 0.0356430701861807, 0.0009988485700380843, 0.00274662116858252, 0.015600726993826697, 0.0009988485700380843], [0.7492508468702789, 0.13663050835567372, 0.000998868720845255, 0.0047131122281565, 0.10740779510420052, 0.000998868720845255], [0.9043734778451494, 0.05220220654160071, 0.0009988585763110543, 0.006864041383795189, 0.03456255707683273, 0.0009988585763110543], [0.7645140720436713, 0.14226367005047033, 0.0009998539279200372, 0.01217531921268312, 0.07898739509355246, 0.0010596896717027752], [0.7605711156442873, 0.1333670448665828, 0.0009998484662823806, 0.01554674702818565, 0.08846347591397548, 0.0010517680806864764], [0.1651113984332511, 0.14665239859724857, 0.0009998047620718492, 0.02479071415474305, 0.6614458792906137, 0.0009998047620718492], [0.7510273872536252, 0.1546696447834778, 0.0009998455060403583, 0.013874806454951918, 0.0783795443170991, 0.0010487716848057622], [0.5067647993714846, 0.22101107278061827, 0.0009998535588653117, 0.022956442577320525, 0.2472498540539879, 0.0010179776577236123], [0.7853970546329732, 0.060209982453710724, 0.0730502858482844, 0.00891439860372183, 0.07136929300651025, 0.0010589854547996967], [0.9950224004417905, 0.0009955199116420117, 0.0009955199116420117, 0.0009955199116420117, 0.0009955199116420117, 0.0009955199116420117]], [[0.9950224004417905, 0.0009955199116420117, 0.0009955199116420117, 0.0009955199116420117, 0.0009955199116420117, 0.0009955199116420117], [0.9593474532709754, 0.015371089675568262, 0.012405707221587155, 0.0019311429425411775, 0.009870212657270372, 0.0010743942320578482], [0.9425235031619207, 0.040853529829587606, 0.0009998499100724782, 0.00608177549809311, 0.008483800074392502, 0.0010575415259335822], [0.9141897779510652, 0.05997028908530478, 0.00099984997354124, 0.004039370479858386, 0.019743638429652162, 0.0010570740805783338], [0.9048400063233495, 0.0635229442479013, 0.000999843498620406, 0.004100964192924454, 0.02549361003957461, 0.0010426316976297411], [0.9271985216502886, 0.049759265340299806, 0.0009998505425164368, 0.003035507493455855, 0.017949165428168146, 0.0010576895452711571], [0.9528697575446343, 0.0316459657340677, 0.000999849342789811, 0.002089794334416375, 0.011337655295676452, 0.0010569777484153685], [0.9569599463055488, 0.025330854931793104, 0.0009998454933322664, 0.004480780221791447, 0.011175445215799057, 0.001053127831735186], [0.9577638836744475, 0.025228486051158454, 0.0009998525899965079, 0.003724825523970779, 0.011214026598182516, 0.0010689255622440663], [0.949587306093957, 0.03346777457137241, 0.0009998529210255474, 0.0029268316750377063, 0.011949018192996342, 0.001069216545610972], [0.936533908522655, 0.043546865355722934, 0.0009998463295595795, 0.0036833462496538415, 0.014182061722296397, 0.0010539718201122417], [0.9165555932678663, 0.045167035497287636, 0.0009998487194297827, 0.007735302750584221, 0.02848634526427905, 0.001055874500552999], [0.8817132443947661, 0.0665626248055622, 0.0009998421816299616, 0.009494249236470747, 0.04018873824276555, 0.001041301138805422], [0.8031187538962448, 0.1207014781257451, 0.0009998573686845742, 0.013597452911413812, 0.06051354976441141, 0.0010689079335003237], [0.8092284829561028, 0.1172960523859877, 0.0009998447523261972, 0.009740247913801462, 0.061687389439979874, 0.0010479825518019152], [0.12607649435020563, 0.10471089193729534, 0.0009998120330969506, 0.018204421940460746, 0.7490085677058443, 0.0009998120330969506], [0.8589402602938929, 0.08818208112301944, 0.0009998387571795453, 0.01017609665762821, 0.040663813281769615, 0.0010379098865102236], [0.8628509060610509, 0.0816854823839366, 0.0009998417527877894, 0.009302793243585555, 0.044120093602217844, 0.0010408829564213407], [0.9029072074136203, 0.05857518300591329, 0.0009988680614790902, 0.006482167235182651, 0.03003770622232574, 0.0009988680614790902], [0.06437496595682753, 0.04937211089226392, 0.0009988236855616105, 0.0062682341712115616, 0.877987041608574, 0.0009988236855616105], [0.8176367498280899, 0.05993230182560839, 0.00099886825446566, 0.0