{"prediction": [[[0.9950224004417905, 0.0009955199116420117, 0.0009955199116420117, 0.0009955199116420117, 0.0009955199116420117, 0.0009955199116420117], [0.9950224004417905, 0.0009955199116420117, 0.0009955199116420117, 0.0009955199116420117, 0.0009955199116420117, 0.0009955199116420117], [0.9950224004417905, 0.0009955199116420117, 0.0009955199116420117, 0.0009955199116420117, 0.0009955199116420117, 0.0009955199116420117], [0.9950224004417905, 0.0009955199116420117, 0.0009955199116420117, 0.0009955199116420117, 0.0009955199116420117, 0.0009955199116420117], [0.9950224004417905, 0.0009955199116420117, 0.0009955199116420117, 0.0009955199116420117, 0.0009955199116420117, 0.0009955199116420117], [0.9950224004417905, 0.0009955199116420117, 0.0009955199116420117, 0.0009955199116420117, 0.0009955199116420117, 0.0009955199116420117], [0.9950224004417905, 0.0009955199116420117, 0.0009955199116420117, 0.0009955199116420117, 0.0009955199116420117, 0.0009955199116420117], [0.9950224004417905, 0.0009955199116420117, 0.0009955199116420117, 0.0009955199116420117, 0.0009955199116420117, 0.0009955199116420117], [0.9950224004417905, 0.0009955199116420117, 0.0009955199116420117, 0.0009955199116420117, 0.0009955199116420117, 0.0009955199116420117], [0.9950224004417905, 0.0009955199116420117, 0.0009955199116420117, 0.0009955199116420117, 0.0009955199116420117, 0.0009955199116420117], [0.9950224004417905, 0.0009955199116420117, 0.0009955199116420117, 0.0009955199116420117, 0.0009955199116420117, 0.0009955199116420117], [0.9950224004417905, 0.0009955199116420117, 0.0009955199116420117, 0.0009955199116420117, 0.0009955199116420117, 0.0009955199116420117], [0.9950224004417905, 0.0009955199116420117, 0.0009955199116420117, 0.0009955199116420117, 0.0009955199116420117, 0.0009955199116420117], [0.9950224004417905, 0.0009955199116420117, 0.0009955199116420117, 0.0009955199116420117, 0.0009955199116420117, 0.0009955199116420117], [0.9950224004417905, 0.0009955199116420117, 0.0009955199116420117, 0.0009955199116420117, 0.0009955199116420117, 0.0009955199116420117], [0.9950224004417905, 0.0009955199116420117, 0.0009955199116420117, 0.0009955199116420117, 0.0009955199116420117, 0.0009955199116420117], [0.9950224004417905, 0.0009955199116420117, 0.0009955199116420117, 0.0009955199116420117, 0.0009955199116420117, 0.0009955199116420117], [0.9950224004417905, 0.0009955199116420117, 0.0009955199116420117, 0.0009955199116420117, 0.0009955199116420117, 0.0009955199116420117], [0.9950224004417905, 0.0009955199116420117, 0.0009955199116420117, 0.0009955199116420117, 0.0009955199116420117, 0.0009955199116420117], [0.9950224004417905, 0.0009955199116420117, 0.0009955199116420117, 0.0009955199116420117, 0.0009955199116420117, 0.0009955199116420117], [0.9950224004417905, 0.0009955199116420117, 0.0009955199116420117, 0.0009955199116420117, 0.0009955199116420117, 0.0009955199116420117], [0.9950224004417905, 0.0009955199116420117, 0.0009955199116420117, 0.0009955199116420117, 0.0009955199116420117, 0.0009955199116420117], [0.9950224004417905, 0.0009955199116420117, 0.0009955199116420117, 0.0009955199116420117, 0.0009955199116420117, 0.0009955199116420117], [0.9950224004417905, 0.0009955199116420117, 0.0009955199116420117, 0.0009955199116420117, 0.0009955199116420117, 0.0009955199116420117], [0.9950224004417905, 0.0009955199116420117, 0.0009955199116420117, 0.0009955199116420117, 0.0009955199116420117, 0.0009955199116420117], [0.9950224004417905, 0.0009955199116420117, 0.0009955199116420117, 0.0009955199116420117, 0.0009955199116420117, 0.0009955199116420117], [0.9950224004417905, 0.0009955199116420117, 0.0009955199116420117, 0.0009955199116420117, 0.0009955199116420117, 0.0009955199116420117], [0.9950224004417905, 0.0009955199116420117, 0.0009955199116420117, 0.0009955199116420117, 0.0009955199116420117, 0.0009955199116420117], [0.9950224004417905, 0.0009955199116420117, 0.0009955199116420117, 0.0009955199116420117, 0.0009955199116420117, 0.0009955199116420117], [0.9950224004417905, 0.0009955199116420117, 0.0009955199116420117, 0.0009955199116420117, 0.0009955199116420117, 0.0009955199116420117], [0.9950224004417905, 0.0009955199116420117, 0.0009955199116420117, 0.0009955199116420117, 0.0009955199116420117, 0.0009955199116420117], [0.9950224004417905, 0.0009955199116420117, 0.0009955199116420117, 0.0009955199116420117, 0.0009955199116420117, 0.0009955199116420117], [0.9950224004417905, 0.0009955199116420117, 0.0009955199116420117, 0.0009955199116420117, 0.0009955199116420117, 0.0009955199116420117], [0.9950224004417905, 0.0009955199116420117, 0.0009955199116420117, 0.0009955199116420117, 0.0009955199116420117, 0.0009955199116420117], [0.9950224004417905, 0.0009955199116420117, 0.0009955199116420117, 0.0009955199116420117, 0.0009955199116420117, 0.0009955199116420117], [0.9950224004417905, 0.0009955199116420117, 0.0009955199116420117, 0.0009955199116420117, 0.0009955199116420117, 0.0009955199116420117], [0.9950224004417905, 0.0009955199116420117, 0.0009955199116420117, 0.0009955199116420117, 0.0009955199116420117, 0.0009955199116420117], [0.9950224004417905, 0.0009955199116420117, 0.0009955199116420117, 0.0009955199116420117, 0.0009955199116420117, 0.0009955199116420117], [0.9950224004417905, 0.0009955199116420117, 0.0009955199116420117, 0.0009955199116420117, 0.0009955199116420117, 0.0009955199116420117], [0.9950224004417905, 0.0009955199116420117, 0.0009955199116420117, 0.0009955199116420117, 0.0009955199116420117, 0.0009955199116420117]], [[0.9950224004417905, 0.0009955199116420117, 0.0009955199116420117, 0.0009955199116420117, 0.0009955199116420117, 0.0009955199116420117], [0.6756223196747044, 0.13613496857071103, 0.1379525429083909, 0.01991735729939734, 0.029321733343731993, 0.0010510782030641653], [0.07646284884346245, 0.168469950495019, 0.157643384168284, 0.021905627799266678, 0.5744930149510977, 0.00102517374287013], [0.6305127965475682, 0.16551370038145125, 0.14430801279564165, 0.01709028869937223, 0.041549257701953946, 0.0010259438740127175], [0.11548809745620177, 0.16426248730104875, 0.14662490742881149, 0.024725914825384, 0.5478826076519127, 0.0010159853366413637], [0.9950224004417905, 0.0009955199116420117, 0.0009955199116420117, 0.0009955199116420117, 0.0009955199116420117, 0.0009955199116420117], [0.9950224004417905, 0.0009955199116420117, 0.0009955199116420117, 0.0009955199116420117, 0.0009955199116420117, 0.0009955199116420117], [0.1097859793833568, 0.14814550237735732, 0.16313120898802183, 0.024170691698775545, 0.5537657348583583, 0.0010008826941301768], [0.5558254058920903, 0.1892085696307848, 0.16788004887055977, 0.03893814312046933, 0.04714784084669013, 0.0009999916394055433], [0.4449908208410067, 0.23823191750172942, 0.21170067419145655, 0.042804882086851626, 0.061271748723519155, 0.0009999566554366806], [0.1166513979675406, 0.19511012178815815, 0.1544615373562323, 0.03908127740015282, 0.4936957034289666, 0.0009999620589496027], [0.5851528789982154, 0.1840789677663647, 0.14332768160322368, 0.02924806953182293, 0.05719240415340183, 0.0009999979469716832], [0.6410647837614964, 0.16300008434670102, 0.12465142476617029, 0.029359977458526913, 0.040897040433559094, 0.0010266892335464139], [0.08130423028232284, 0.138769701838831, 0.11972793762219627, 0.01943511629282328, 0.6397267134930719, 0.0010363004707546629], [0.6852253620377645, 0.1450569302218192, 0.11777402423140451, 0.019063136974097405, 0.03183511037925127, 0.0010454361556629984], [0.6642260478352319, 0.16170137654448452, 0.11841109067926721, 0.022384695952349546, 0.03224931780304986, 0.0010274711856170175], [0.5936930493093463, 0.17340507674608086, 0.15948715642470263, 0.025202575864864726, 0.047212147367117444, 0.0009999942878882596], [0.5803877016344035, 0.1696537645855568, 0.16522084237867649, 0.026345532215266233, 0.05739217171084561, 0.0009999874752514779], [0.459874342755281, 0.21441008831509542, 0.22592422004641222, 0.03589254686733087, 0.06289884353082228, 0.0009999584850583633], [0.45996748549829797, 0.21047326230397617, 0.21569171230405085, 0.02900202149394013, 0.0838655598941633, 0.0009999585055715772], [0.45651732318584504, 0.22135137637367688, 0.22849170939506272, 0.03093190882836791, 0.06170772716395505, 0.0009999550530925983], [0.5623876263462105, 0.1934387538901315, 0.15709466870135694, 0.02681351339461729, 0.05926544870286409, 0.0009999889648198519], [0.5652576677012152, 0.17247438957431036, 0.17619795765610827, 0.03620039405100356, 0.04886959734757909, 0.000999993669783593], [0.08704897432067725, 0.14281909283104285, 0.12664776823052346, 0.0277232226340286, 0.6147412527942447, 0.0010196891894830291], [0.6808034871884104, 0.13806093417966867, 0.11914018449933172, 0.02484959175266958, 0.036100952320609635, 0.0010448500593099436], [0.010096370424821635, 0.08293196939761856, 0.056964723000398135, 0.008885862083627565, 0.8399402966615237, 0.001180778432010473], [0.6681487105319073, 0.1300543249032957, 0.13558237598824988, 0.023401710913353847, 0.041767475399787694, 0.0010454022634054224], [0.664084357558088, 0.15355922584163006, 0.11720283529471096, 0.025755323177093437, 0.038366806428170745, 0.0010314517003067484], [0.5829582238011334, 0.17962787954234594, 0.16055667598391388, 0.02420451238051283, 0.051652712130968774, 0.0009999961611253355], [0.1047587674148491, 0.18570291883175788, 0.15845839207624157, 0.033675784853258825, 0.5164041748742015, 0.0009999619496912186], [0.4601263611431178, 0.20036268505417698, 0.24116028129639894, 0.02787927145735765, 0.06947144895850145, 0.0009999520904473175], [0.4319509957156325, 0.21652713362549347, 0.22668386555309006, 0.03974881683760221, 0.08408923130760526, 0.0009999569605765913], [0.14381445932042494, 0.22332760570022966, 0.2024645076687713, 0.03459159467046153, 0.3948019106964688, 0.0009999219436439115], [0.5663167098210645, 0.18289689139630022, 0.16247780174401558, 0.028895903716534454, 0.05841269647617225, 0.000999996845913172], [0.5696884245468768, 0.17528109454018423, 0.16828215027178942, 0.030047410874000494, 0.05570078121485015, 0.0010001385522987408], [0.093989473016747, 0.1746051726955004, 0.1284086272162055, 0.036943359193516205, 0.5650361300053043, 0.001017237872726527], [0.5562054336267322, 0.18998498390025767, 0.15421885344061073, 0.04067038644232503, 0.05792034272828393, 0.0009999998617904705], [0.10580505338123505, 0.20619020537202007, 0.15735451072447576, 0.035833530611657054, 0.4938167351444789, 0.0009999647661331477], [0.581728245659668, 0.16994180114827906, 0.17064462799273725, 0.03054650319789082, 0.046138825133555175, 0.000999996867869761], [0.9950224004417905, 0.0009955199116420117, 0.0009955199116420117, 0.0009955199116420117, 0.0009955199116420117, 0.0009955199116420117]], [[0.9950224004417905, 0.0009955199116420117, 0.0009955199116420117, 0.0009955199116420117, 0.0009955199116420117, 0.0009955199116420117], [0.06735960746872076, 0.16525049525453836, 0.13952989108906738, 0.029124114363804837, 0.5977089223589538, 0.0010269694649148748], [0.5411704934535116, 0.3590090441738745, 0.001210238571567516, 0.04479398019689324, 0.05281316208652364, 0.0010030815176293964], [0.5399591926793134, 0.37516482332444134, 0.0012126163443150508, 0.04164749752940216, 0.041010410825193556, 0.001005459297334471], [0.5486477470094725, 0.34206143436316117, 0.0011986774142309377, 0.04484050289823665, 0.06225164002779764, 0.0009999982871013386], [0.49431760566062327, 0.2090864371453096, 0.17716609412313494, 0.035249386721151556, 0.08318051185555193, 0.0009999644942286399], [0.9950224004417905, 0.0009955199116420117, 0.0009955199116420117, 0.0009955199116420117, 0.0009955199116420117, 0.0009955199116420117], [0.13465404795676342, 0.20040337873618602, 0.1423936250955306, 0.03165573006456886, 0.4898932629352212, 0.000999955211729842], [0.43249672970056424, 0.45944100254710246, 0.0011379547949119957, 0.03985069052859097, 0.06607366162766244, 0.0009999608011678558], [0.14435284719464797, 0.45731424613770855, 0.0010762462062423159, 0.04250759305612703, 0.35374914439592364, 0.0009999230093506405], [0.43410251964490515, 0.44674777571214414, 0.0011384192796168656, 0.04554802249183874, 0.07146330158964526, 0.0009999612818498594], [0.5635683110507579, 0.32923007103140184, 0.0011962957687755107, 0.040280562228434846, 0.06472476400673738, 0.0009999959138925771], [0.11613818403366506, 0.3106991810463412, 0.0012178425377265404, 0.037848845738659105, 0.5330849016307578, 0.0010110450128500818], [0.10199402086902642, 0.2704154276925803, 0.0012374438093658614, 0.030207916081850653, 0.5951301975068991, 0.0010149940402778184], [0.6634504660613989, 0.2762730826270587, 0.001251305577107008, 0.026650008339422628, 0.03134690352127124, 0.001028233873741428], [0.10508764238756331, 0.31949878485098054, 0.00121804609194893, 0.03545336882599302, 0.5377309092799085, 0.0010112485636057575], [0.12438891650747057, 0.31446037682044725, 0.0011375769840612912, 0.04044245692026867, 0.5185707071050848, 0.0009999656626674543], [0.1406871092081378, 0.4238871213484978, 0.0010861504127230295, 0.040082801800984565, 0.39325688822539784, 0.0009999290042591554], [0.4277867167826528, 0.4515029222495519, 0.0011246038491351505, 0.04065167283949833, 0.07793413186231436, 0.0009999524168474866], [0.30118698183426784, 0.48664204587653836, 0.0010028424227677192, 0.04823551679489577, 0.16193270552647498, 0.0009999075450552398], [0.42540965247325474, 0.437612768314195, 0.0011252784160936777, 0.044612703779249314, 0.0902396438651321, 0.000999953152075195], [0.14408421760460707, 0.4026200111281604, 0.001080901375438502, 0.045492224009542365, 0.4057227221135212, 0.0009999237687305855], [0.12795242838432175, 0.35617710591311574, 0.0011343536777992085, 0.04475383216993514, 0.46898231736698626, 0.0009999624878419555], [0.5791838476094642, 0.3148964717578163, 0.00121043836407441, 0.04568161414826442, 0.05802434680328682, 0.00100328131709383], [0.6443303422698778, 0.2779241850535348, 0.0012534812558982731, 0.02549597724003604, 0.049965604627484034, 0.0010304095531689327], [0.6492534170332233, 0.2789194515222977, 0.0012720815191439132, 0.025230224815627648, 0.044284256544449604, 0.0010405685652578119], [0.08318266672564177, 0.2855941389075313, 0.0012452026606442814, 0.03529005564079691, 0.5936651831804719, 0.00102275288491377], [0.5978673235822153, 0.30067670195461826, 0.0012094078502833615, 0.039983330867447625, 0.05926098495179123, 0.0010022507936442216], [0.12029380484460775, 0.33346619074608813, 0.001136181858905775, 0.04013221337186869, 0.5039716449019127, 0.0009999642766170013], [0.4486421264817888, 0.44001540312618664, 0.001134272547340709, 0.0418121891397783, 0.06739605161147982, 0.000999957093425789], [0.43873614795253646, 0.4358156161183288, 0.0011279408623369926, 0.04647699072582721, 0.07684334858915678, 0.0009999557518138608], [0.295718388566579, 0.48913725522241425, 0.0010032726449343342, 0.05791168455160984, 0.1552294910973876, 0.0009999079170750118], [0.4533505725154943, 0.4219241788886605, 0.0011281102159834938, 0.03527871937694139, 0.08731846308753234, 0.0009999559153880699], [0.47647756307374983, 0.39259856148034694, 0.0011387918893141342, 0.05164115485415191, 0.07714396709312335, 0.0009999616093140985], [0.5519497415472377, 0.33904676009662316, 0.0011974731327063877, 0.042566098542833206, 0.06423992958331283, 0.0009999970972865365], [0.5496137364018273, 0.334743380109203, 0.0012094866384994756, 0.04368652939155749, 0.06974453786932308, 0.0010023295895895954], [0.5462596936856945, 0.3465538276258019, 0.0011966355457208506, 0.04093095860147134, 0.06405888823962089, 0.0009999963016908173], [0.43503250394188797, 0.43883637776584805, 0.0011409009783582271, 0.05490416428104961, 0.06908608929460842, 0.000999963738247834], [0.1083173770335487, 0.1975777900374165, 0.17333796315964392, 0.03343601490067903, 0.48633089009140357, 0.0009999647773082311], [0.9950224004417905, 0.0009955199116420117, 0.0009955199116420117, 0.0009955199116420117, 0.0009955199116420117, 0.0009955199116420117]], [[0.9950224004417905, 0.0009955199116420117, 0.0009955199116420117, 0.0009955199116420117, 0.0009955199116420117, 0.0009955199116420117], [0.5611895461461095, 0.1844512041942125, 0.16424284113286602, 0.028690760767400732, 0.06042538880765323, 0.001000258951758], [0.5342940114233783, 0.35514266716370413, 0.00120212107873552, 0.04154304383171527, 0.06681816063773684, 0.0009999958647301482], [0.5270128269873012, 0.34975852908098093, 0.0011972387490374189, 0.04635145441903787, 0.07467995391720222, 0.0009999968464402247], [0.45682851365661753, 0.4145611894343138, 0.001141412946088778, 0.04398372577037837, 0.0824851939187448, 0.0009999642738567703], [0.46489311595577976, 0.22287863956603826, 0.18450264900626964, 0.03948291213973173, 0.08724272414504236, 0.000999959187138109], [0.9950224004417905, 0.0009955199116420117, 0.0009955199116420117, 0.0009955199116420117, 0.0009955199116420117, 0.0009955199116420117], [0.47464885425322834, 0.20221678805325702, 0.19469094864810224, 0.04487156356821692, 0.08257188845913907, 0.0009999570180565717], [0.4442023966091709, 0.43296977809091536, 0.0011310077586397876, 0.0431073416587668, 0.0775895170301221, 0.0009999588523851226], [0.2987484680188447, 0.5088524313456984, 0.001008920187908144, 0.05127517538613839, 0.13911509089260768, 0.0009999141688027194], [0.4269320544979395, 0.4445579397714913, 0.001131937719478585, 0.047779518782720624, 0.07859858948437883, 0.0009999597439912088], [0.47676742882510864, 0.3941528787079618, 0.001141340000848933, 0.04816906886769667, 0.07876931940668865, 0.000999964191695357], [0.571187539751734, 0.3140331024168802, 0.0011965502165982309, 0.04197942876056873, 0.07060338267502106, 0.0009999961791977592], [0.6010901051373936, 0.29587769010038806, 0.0012112745280201149, 0.035475273690121475, 0.06534153906535255, 0.0010041174787243743], [0.6578530050327265, 0.2606822676850833, 0.0012502603197583064, 0.026959224914123826, 0.05222805342982504, 0.001027188618483228], [0.6479264117795059, 0.2597263409556784, 0.0012505307196108038, 0.03902915294267857, 0.0510401045841905, 0.0010274590183357254], [0.12292375509750472, 0.30731175073404754, 0.0012190252764968119, 0.03569756421233691, 0.5318356769299197, 0.001012227749694401], [0.5827166596944079, 0.30110632936528275, 0.001194805853140279, 0.03665927276568888, 0.07732293784728839, 0.0009999944741918532], [0.4625805562852834, 0.41343402079630376, 0.0011379670173365447, 0.0420175267394362, 0.07982996837808856, 0.0009999607835516594], [0.4423910614758448, 0.40437507548733587, 0.0011280933175044504, 0.0472131088934028, 0.10389270489571825, 0.000999955930194012], [0.46828556853032965, 0.3974590356894079, 0.0011351393822630097, 0.03557603467180568, 0.09654426377253346, 0.000999957953660317], [0.553639519729414, 0.33058248309095495, 0.0011998679492345834, 0.039537445511078864, 0.07404068426357328, 0.0009999994557444263], [0.48220236147509127, 0.396282556415253, 0.0011351394039359908, 0.048349948557528014, 0.07103003614980273, 0.0009999579983891451], [0.5739840127628107, 0.31594038407115443, 0.0011977908129110345, 0.03895266137006625, 0.06892515358335503, 0.0009999973997026049], [0.6047388967048251, 0.2886918071835654, 0.001212068904604967, 0.04021969396247671, 0.06413262139116001, 0.0010049118533678684], [0.6435758497304249, 0.2714219810812914, 0.0012533915830450538, 0.029515661133390093, 0.05320279659090971, 0.0010303198809389687], [0.635883077227405, 0.2739250138997826, 0.0012512733153919626, 0.03511288625882344, 0.05279954769446516, 0.0010282016041318173], [0.5943479211089926, 0.29390186564231824, 0.00121093438466323, 0.040910663821238494, 0.06862483771399162, 0.00100377732879581], [0.5752146500467018, 0.3128262368451284, 0.0012104148676426582, 0.03296216119130016, 0.0767832792378375, 0.0010032578113893784], [0.5780552228484355, 0.3242102147785616, 0.0011982757642958893, 0.03509249735364051, 0.060443791316983846, 0.0009999979380825269], [0.15194336274631667, 0.38360459460907154, 0.0010850277840690201, 0.041817235352738784, 0.4205498516565603, 0.0009999278512439168], [0.4638712960088917, 0.39460670363934713, 0.0011304251750897368, 0.0419179362720788, 0.09747368068253712, 0.0009999582220554912], [0.46609847186772935, 0.40031419203070595, 0.0011389439219647904, 0.04287341721224686, 0.08857501316705906, 0.0009999618002941816], [0.169958466616113, 0.31200019940493035, 0.001129242719113847, 0.0369813433373474, 0.47893079058991816, 0.000999957332577297], [0.5680665316091316, 0.3100921106969316, 0.0012088142299969042, 0.042398557874151185, 0.07723232840870192, 0.0010016571810870238], [0.5509699270129582, 0.3186899938916674, 0.0011950674330511982, 0.04605961582211587, 0.08208540114015496, 0.0009999947000523775], [0.4592657639777912, 0.41922443784611896, 0.0011403266492745418, 0.04940383202955248, 0.069965676362435, 0.0009999631348278758], [0.4160356204199181, 0.4626862827966002, 0.0011310384621628863, 0.04462428624535716, 0.07452281319662979, 0.0009999588793319213], [0.43851909838793246, 0.22720056420066012, 0.23391401785762517, 0.03678894679527497, 0.06257742056480065, 0.0009999521937068055], [0.9950224004417905, 0.0009955199116420117, 0.0009955199116420117, 0.0009955199116420117, 0.0009955199116420117, 0.0009955199116420117]], [[0.9950224004417905, 0.0009955199116420117, 0.0009955199116420117, 0.0009955199116420117, 0.0009955199116420117, 0.0009955199116420117], [0.554003949586048, 0.1910670981041723, 0.15707248102746274, 0.028659303145223615, 0.06819718126932509, 0.0009999868677682308], [0.16276053757360257, 0.4094152649792712, 0.0010869674313856359, 0.045813794904391233, 0.3799235053171191, 0.0009999297942302361], [0.4641467501007651, 0.40503507026499597, 0.0011403337568103807, 0.05516273868926263, 0.07351514405368051, 0.0009999631344855089], [0.17564634809457205, 0.39665104918936694, 0.001076419010205382, 0.04837083901727024, 0.37725542150476965, 0.0009999231838158905], [0.33378451116654684, 0.4587819778048438, 0.0010126011327917382, 0.041686945303102504, 0.163734046802865, 0.0009999177898501526], [0.4832983139752193, 0.19624323719591316, 0.19109846915378942, 0.0489013278049849, 0.07945869022546237, 0.0009999616446308846], [0.9950224004417905, 0.0009955199116420117, 0.0009955199116420117, 0.0009955199116420117, 0.0009955199116420117, 0.0009955199116420117], [0.4962984218606989, 0.20837678894525882, 0.1766573573972647, 0.04012242885732514, 0.07754504096375932, 0.0009999619756931122], [0.4595265086513187, 0.40167711328604566, 0.0011316439067335735, 0.040883379204766354, 0.09578139546706808, 0.0009999594840676164], [0.4598658561713593, 0.4146306678557979, 0.0011414716267219378, 0.04652581644966733, 0.07683622360125116, 0.000999964295202497], [0.5708589000094697, 0.3198455045316604, 0.0011985020127339493, 0.036275714060285166, 0.07082138126649913, 0.0009999981193517732], [0.587705525714255, 0.30066886072835547, 0.0012117892026616243, 0.0400402273573374, 0.0693689648436387, 0.0010046321537517439], [0.5923987383659579, 0.2954499078460274, 0.0011966688812038025, 0.0357933519498244, 0.07416133664246456, 0.000999996314521877], [0.13358742737827176, 0.3004189419138808, 0.0012163736399913236, 0.035774611681263266, 0.527993069271478, 0.0010095761151148648], [0.6624389926375441, 0.24371871377595872, 0.0012493738520086355, 0.0312159901164081, 0.06035062747359241, 0.0010263021444880211], [0.6582487412928364, 0.24210006595482392, 0.00124765783758394, 0.035946940363676266, 0.061432008413939726, 0.0010245861371398685], [0.14008768910378078, 0.28768657094532746, 0.001220228516471272, 0.03579339840646906, 0.5341986820409789, 0.0010134309869725285], [0.5931449392480662, 0.2982514249464632, 0.00119396308373344, 0.026212280060156395, 0.08019739907757668, 0.0009999935840043024], [0.4900897663030607, 0.38254990081969414, 0.0011332636876693327, 0.04196399795291149, 0.08326311515091195, 0.0009999560857523804], [0.16364306470996465, 0.33834334655937837, 0.0011325032843790322, 0.04163451249529917, 0.4542466122815982, 0.0009999606693807583], [0.16835209823979105, 0.3793093684060476, 0.00107904281167243, 0.04079077741717752, 0.40946879125770286, 0.0009999218676086433], [0.47143653869327734, 0.4026354057383183, 0.0011276652651176615, 0.03847327506322153, 0.08532715977096746, 0.0009999554690978043], [0.47728397858255084, 0.37252518420441383, 0.0011373545760361482, 0.04939025991921283, 0.09866326255525781, 0.0009999601625285909], [0.5777875682189799, 0.29390621270752343, 0.0009989870795310497, 0.09430931102548072, 0.03199893388895395, 0.0009989870795310497], [0.6588927509955992, 0.2885191866957125, 0.0009989941283637166, 0.019880724773803714, 0.030709349278157223, 0.0009989941283637166], [0.14745469858032037, 0.1245382922793849, 0.0009989906979922518, 0.018530853933697133, 0.7074781738106133, 0.0009989906979922518], [0.5072415374466803, 0.36454992756253374, 0.0009989849339507415, 0.09358046908651955, 0.03263009603636504, 0.0009989849339507415], [0.582469689754561, 0.20557241031975537, 0.0009989947068760345, 0.09979743643959077, 0.11016247407234095, 0.0009989947068760345], [0.5807370521878018, 0.28712656621690374, 0.0009989956762271033, 0.018447867534097228, 0.11169052270874301, 0.0009989956762271033], [0.49959798476450556, 0.36457135447948263, 0.0009989875371420596, 0.09651531897776243, 0.03731736670396531, 0.0009989875371420596], [0.4541190260692605, 0.48379733148367754, 0.0009989477484398154, 0.017191897844166103, 0.04289384910601633, 0.0009989477484398154], [0.655563044418188, 0.20829473220840877, 0.0009989846534770644, 0.09396856715468292, 0.04017568691176616, 0.0009989846534770644], [0.6468977388598321, 0.2861460371864292, 0.0009989920152640934, 0.02133798054072946, 0.04362025938248102, 0.0009989920152640934], [0.40954824902754944, 0.29056892951148683, 0.000998986491280935, 0.018269527560084823, 0.2796153209183172, 0.000998986491280935], [0.6974463598873819, 0.24138890814319927, 0.0009989474833719317, 0.021698728097903096, 0.037468108904772125, 0.0009989474833719317], [0.4375568784487145, 0.4935544159399128, 0.0009989471061085504, 0.02402045555567854, 0.04287035584347725, 0.0009989471061085504], [0.2129812591774103, 0.5269215140866534, 0.0009988674954808905, 0.02248204661176059, 0.2356174451332141, 0.0009988674954808905], [0.1414490866779814, 0.3405617586752687, 0.1717844051665557, 0.020842181174334198, 0.3243631549929816, 0.0009994133128784044], [0.9950224004417905, 0.0009955199116420117, 0.0009955199116420117, 0.0009955199116420117, 0.0009955199116420117, 0.0009955199116420117]], [[0.9950224004417905, 0.0009955199116420117, 0.0009955199116420117, 0.0009955199116420117, 0.0009955199116420117, 0.0009955199116420117], [0.1501011605065509, 0.21958114217527655, 0.20784169357051516, 0.03738332498147899, 0.3840927619911089, 0.0009999167750694342], [0.42994822609606403, 0.4299347705339384, 0.00112636242847463, 0.04168977091560534, 0.09630091585441013, 0.0009999541715073788], [0.17626663621083266, 0.3905465343712708, 0.0010814491749139717, 0.04119626012406444, 0.38990919584028644, 0.000999924278631707], [0.4572607904837036, 0.4011110932229853, 0.001137638880785951, 0.05268691630712147, 0.08680360061419758, 0.0009999604912063313], [0.4605158985261914, 0.4112121609428409, 0.001131658192110735, 0.04389984126946869, 0.08224048160459733, 0.0009999594647911308], [0.4855617307911012, 0.3716139603677528, 0.0011341978748978206, 0.043195665892168396, 0.09749448805895956, 0.0009999570151203994], [0.5936798950756825, 0.16466001626270152, 0.11768122542380043, 0.0393023830419708, 0.08367648268266639, 0.000999997513178313], [0.9950224004417905, 0.0009955199116420117, 0.0009955199116420117, 0.0009955199116420117, 0.0009955199116420117, 0.0009955199116420117], [0.5259253165954079, 0.1827271523655625, 0.17162102954384145, 0.03508687913582673, 0.08363965218677023, 0.0009999701725913143], [0.6071099823459333, 0.1738562114623899, 0.11636786997052014, 0.0322166185341362, 0.06944875804900318, 0.0010005596380172814], [0.5717903163967816, 0.31724469175485254, 0.0012121539958695475, 0.03697265154243092, 0.07177518935963309, 0.0010049969504324077], [0.16088489173499304, 0.31416463691963903, 0.0011263403977375822, 0.03739960894058953, 0.4854245675696667, 0.000999954437374104], [0.49527604172490924, 0.3754091519229005, 0.00114037402336019, 0.046650611981966246, 0.08052385715541589, 0.000999963191448189], [0.146350410864093, 0.31148328683524223, 0.0011345109845682698, 0.0332592000535134, 0.5067726286493033, 0.0009999626132797337], [0.608525870966245, 0.2774215203870712, 0.0012085132013037632, 0.037978420654742794, 0.0738643186467444, 0.0010013561438929031], [0.653782551054651, 0.26245211615687897, 0.0012485184181968707, 0.026438244252745605, 0.055053123410590786, 0.0010254467069367255], [0.6600503902036746, 0.2482562189206951, 0.0012463155364443612, 0.034530277623899874, 0.05489355387554618, 0.0010232438397398205], [0.5990322826551101, 0.28393961745859775, 0.001207919557602481, 0.03716165241208716, 0.0776577654129382, 0.0010007625036643616], [0.6005394358881833, 0.28592941313097, 0.0011972817699255458, 0.0381432766659985, 0.07319059565179237, 0.000999996893130345], [0.49129436711221863, 0.3851384809520212, 0.0011333561391883712, 0.0364942534413871, 0.08493958618453093, 0.000999956170653697], [0.4890277926633129, 0.3839291643432302, 0.0011270997280075606, 0.04320317431242274, 0.08171281404322255, 0.0009999549098040088], [0.33460032848621285, 0.4575325438367354, 0.001008986045722897, 0.03995479312179521, 0.16590343487228673, 0.0009999136372469911], [0.48669958070047625, 0.39052036498885506, 0.0011307016776099014, 0.04413689311855492, 0.07651250100510745, 0.0009999585093965827], [0.30912762058060295, 0.5535970487811773, 0.000998945199548985, 0.016785637881496705, 0.1184918023576252, 0.000998945199548985], [0.5684012333621982, 0.28981094051261075, 0.0009989846935986482, 0.1015130342053892, 0.03827682253260453, 0.0009989846935986482], [0.6565631161889383, 0.2934731989330773, 0.0009989811541572596, 0.013678625957069177, 0.0342870966126009, 0.0009989811541572596], [0.07550254926062841, 0.3894166360777222, 0.000998906400626988, 0.09460934938229841, 0.438473652478097, 0.000998906400626988], [0.5775275555880093, 0.3690147232232915, 0.0009989876095634414, 0.016270627108889258, 0.0351891188606831, 0.0009989876095634414], [0.5050569477689457, 0.3625543437408625, 0.0009989960672746635, 0.09735331674429346, 0.03303739961134925, 0.0009989960672746635], [0.5847040264110308, 0.28130934055026763, 0.0009989979476846828, 0.09454905771418703, 0.03743957942914527, 0.0009989979476846828], [0.4936178062454875, 0.36961977196231294, 0.0009989851115816872, 0.09976818098074607, 0.0349962705882901, 0.0009989851115816872], [0.5005975930349151, 0.3710546698090208, 0.0009989851131181125, 0.09439758386883997, 0.03195218306098788, 0.0009989851131181125], [0.5038716158294071, 0.2813111705170281, 0.0009989940640023577, 0.020376482169756956, 0.19244274335580328, 0.0009989940640023577], [0.726562830975191, 0.2078460038379977, 0.0009989843749430608, 0.019718367751337337, 0.04387482868558797, 0.0009989843749430608], [0.1590348844607508, 0.4742148238607347, 0.0009989026522828728, 0.021481687460144377, 0.34327079891380446, 0.0009989026522828728], [0.16605830590182497, 0.48268131618515064, 0.0009989000048228713, 0.028212909850031765, 0.32104966805334684, 0.0009989000048228713], [0.4337760093460454, 0.41998040632565975, 0.000998948476584397, 0.02231910332937286, 0.12192658404575338, 0.000998948476584397], [0.36215634043416567, 0.1756086093614281, 0.33266482822073296, 0.015827224408309283, 0.11274356830122415, 0.0009994292741399582], [0.9950224004417905, 0.0009955199116420117, 0.0009955199116420117, 0.0009955199116420117, 0.0009955199116420117, 0.0009955199116420117]], [[0.9950224004417905, 0.0009955199116420117, 0.0009955199116420117, 0.0009955199116420117, 0.0009955199116420117, 0.0009955199116420117], [0.44653596493559417, 0.21739412262585567, 0.23112628567282564, 0.03542109468480291, 0.06852258288406779, 0.0009999491968539099], [0.29691533490274463, 0.4807999011405595, 0.0010100801302082517, 0.05081085047417008, 0.16946391864450855, 0.0009999147078089009], [0.46453113089891285, 0.39537719031932683, 0.00112713489867359, 0.041904240502107726, 0.09606034842302301, 0.0009999549579561575], [0.47001575006033863, 0.37854414105127115, 0.0011380580901034516, 0.04011218110239012, 0.10918990876737025, 0.0009999609285265619], [0.478646162138257, 0.37210950777540547, 0.001136701394088222, 0.043924675334055314, 0.10318299384993974, 0.0009999595082543103], [0.5519501361193757, 0.3268081346081077, 0.0011994831487076314, 0.03769600553122818, 0.08134624146158435, 0.0009999991309965314], [0.6137139784296274, 0.2715231117746835, 0.0012092449943458899, 0.0366655842403329, 0.07588599261673196, 0.0010020879442784294], [0.6148978283981091, 0.15590161734743518, 0.1209299325623102, 0.03884816169314756, 0.06842205915415366, 0.0010004008448442794], [0.9950224004417905, 0.0009955199116420117, 0.0009955199116420117, 0.0009955199116420117, 0.0009955199116420117, 0.0009955199116420117], [0.9950224004417905, 0.0009955199116420117, 0.0009955199116420117, 0.0009955199116420117, 0.0009955199116420117, 0.0009955199116420117], [0.6069387568599961, 0.16603710396564308, 0.10895743492605238, 0.035890045777625425, 0.0811766633066073, 0.0009999951640758103], [0.14666869700262025, 0.39513198523281673, 0.0010885736480072082, 0.043918840629184, 0.41219197208878183, 0.0009999313985902052], [0.446160774254128, 0.4302426081874851, 0.0011275531292962713, 0.03677998128685628, 0.0846891277814204, 0.0009999553608140421], [0.47930063941491624, 0.386945953738568, 0.0011409316491604329, 0.0490109953010028, 0.0826015161535154, 0.0009999637428371468], [0.5802088210286587, 0.2920394870435509, 0.0011939321016616613, 0.047420671889563976, 0.07813709435182045, 0.0009999935847443138], [0.14269559605839524, 0.2885516894107583, 0.001218498287073503, 0.03509244387230277, 0.5314300716219964, 0.0010117007494737228], [0.6518687114819768, 0.24329155172474395, 0.0012466145359122602, 0.03669237243356967, 0.06587720699499032, 0.0010235428288071493], [0.1225958249912464, 0.2428228501774412, 0.0012354272208090528, 0.029885543394699853, 0.6024473767707249, 0.0010129774450785415], [0.6127959289459859, 0.28623625154718374, 0.0012068985208568037, 0.03320028624355196, 0.06556063502798719, 0.0009999997144343657], [0.13196228883923367, 0.31150557420736213, 0.0011256309503044524, 0.03553800095977895, 0.5188685512586941, 0.0009999537846266393], [0.49837612341043197, 0.36817045845151225, 0.0011380181138791452, 0.04151188366366719, 0.08980355552220048, 0.0009999608383088844], [0.4771792829965092, 0.3890257637243949, 0.0011287454527901563, 0.04244620638378562, 0.08922004489077877, 0.0009999565517414776], [0.5043929316851928, 0.35880306501825326, 0.001138634857249483, 0.04053191477929147, 0.09413349220754628, 0.0009999614524666789], [0.5777652131527774, 0.28642103069558095, 0.0009989837904469633, 0.016198890016029952, 0.11761689855471785, 0.0009989837904469633], [0.5705715775173368, 0.29460281383962145, 0.0009989826591194813, 0.01583640153709254, 0.11699124178771048, 0.0009989826591194813], [0.540419384288219, 0.317014756104776, 0.0009989473754510765, 0.017160176710579556, 0.12340778814552343, 0.0009989473754510765], [0.31774493954113076, 0.399914807340253, 0.0009988988015540092, 0.016078720987273986, 0.26426373452823443, 0.0009988988015540092], [0.5485589581781064, 0.31332052973441754, 0.000998951683928159, 0.09646625721735995, 0.03965635150225978, 0.000998951683928159], [0.22866602407385572, 0.12603164409473583, 0.0009989408794164989, 0.09593522458803239, 0.5473692254845431, 0.0009989408794164989], [0.5175546761961362, 0.3542049378978136, 0.0009989924101317187, 0.01529517276032184, 0.11094722832546516, 0.0009989924101317187], [0.07528356109044315, 0.2894866665229679, 0.000998932380380031, 0.013956261641322576, 0.6192756459845064, 0.000998932380380031], [0.5465555680569574, 0.3901394717207219, 0.0009989478717305298, 0.019879752577542455, 0.041427311901317286, 0.0009989478717305298], [0.49963825756647073, 0.44552287554752257, 0.0009989891005777148, 0.017560957711013497, 0.03527993097383794, 0.0009989891005777148], [0.4631721140535801, 0.46644661419450506, 0.0009989487312633625, 0.018749604233978447, 0.04963377005540974, 0.0009989487312633625], [0.6005137443650798, 0.2549218029515492, 0.0009989426852496039, 0.019951159538900153, 0.12261540777397184, 0.0009989426852496039], [0.2260422971500802, 0.6023403213900799, 0.0009988663201538558, 0.017472784621323564, 0.15214686419820864, 0.0009988663201538558], [0.1531349279689606, 0.3469859685457558, 0.000998896806210797, 0.01768832251279567, 0.4801929873600665, 0.000998896806210797], [0.3679226906269814, 0.33113069290635616, 0.17537651747706492, 0.09623670151968824, 0.028333967260012156, 0.0009994302098971348], [0.9950224004417905, 0.0009955199116420117, 0.0009955199116420117, 0.0009955199116420117, 0.0009955199116420117, 0.0009955199116420117]], [[0.9950224004417905, 0.0009955199116420117, 0.0009955199116420117, 0.0009955199116420117, 0.0009955199116420117, 0.0009955199116420117], [0.47033386585558257, 0.20053072569550376, 0.223902010999687, 0.032618080200262106, 0.0716153592431468, 0.0009999580058177118], [0.4546001490882983, 0.41723631634753877, 0.0011277785232347958, 0.04414617397349461, 0.08188962644422368, 0.0009999556232098434], [0.17359244512785718, 0.36764732337143446, 0.001089411801051195, 0.049997040211370795, 0.4066738472022238, 0.000999932286062435], [0.5601626489817533, 0.3041123469947277, 0.001191333544155073, 0.03426433926736476, 0.09926934027298577, 0.000999990939013453], [0.5771487213172998, 0.30028532456722723, 0.001197013205400903, 0.03868992620370432, 0.08167901802747027, 0.0009999966788977212], [0.1819467197018009, 0.335182328007603, 0.0010903644390347625, 0.045658231337823894, 0.4351224233264262, 0.0009999331873112272], [0.5710622530147658, 0.3263736099199991, 0.0011994378719151978, 0.03453680652090977, 0.06582789359407801, 0.000999999078332381], [0.618659483407769, 0.27961308855174666, 0.0012103827618852685, 0.028489993509838222, 0.07102382604864725, 0.0010032257201137995], [0.6084830435268856, 0.1688709201425858, 0.1250859717098582, 0.03396626087518502, 0.06259294199665505, 0.0010008617488301468], [0.9950224004417905, 0.0009955199116420117, 0.0009955199116420117, 0.0009955199116420117, 0.0009955199116420117, 0.0009955199116420117], [0.5101926573378069, 0.1972564071407099, 0.17444714774423994, 0.036543644921526286, 0.08056017452716888, 0.0009999683285481788], [0.46682200280525743, 0.42301602852384035, 0.0011292593416014282, 0.041672428527540016, 0.06636032374789451, 0.0009999570538662848], [0.3119529575183633, 0.473678545200952, 0.0010103703672179783, 0.05070706711915721, 0.16165114478169773, 0.0009999150126119042], [0.46196127919678825, 0.39529553936213824, 0.0011271109460918333, 0.041497665637305156, 0.09911844994596945, 0.0009999549117070562], [0.492677072047153, 0.3819316027398059, 0.0011360292227504923, 0.035943935675978436, 0.08731140148488042, 0.0009999588294318364], [0.1560852218889005, 0.29950531893761123, 0.0011255383143409861, 0.03845638197354355, 0.5038275852344912, 0.0009999536511126421], [0.6153823073928416, 0.27653797566102434, 0.0012086194808409616, 0.03939018592765942, 0.06647944910493085, 0.0010014624327028018], [0.6627266554327553, 0.2389484129089189, 0.001247580793759395, 0.033509923135251286, 0.06254291864058319, 0.0010245090887318017], [0.1221300179066933, 0.23013653074110538, 0.0012313440659442953, 0.03451991764960017, 0.6109732953352428, 0.0010088943014140467], [0.1193841317449568, 0.28305466668301466, 0.001220474056772197, 0.050232417362059745, 0.5450946336239973, 0.0010136765291994055], [0.6077768286030071, 0.2834094581424883, 0.0011960953401014994, 0.03522740999145654, 0.07139021220180078, 0.0009999957211458226], [0.1613920815492103, 0.35467240759581936, 0.0010851838891045263, 0.04009760696247452, 0.441752791986921, 0.0009999280164702978], [0.1676471525424719, 0.2801082511997083, 0.0011190790854463445, 0.03714238953877982, 0.5129831803968836, 0.0009999472367101941], [0.5756434443537799, 0.20844427887421627, 0.00099898067248