{"prediction": [[[0.9950224004417905, 0.0009955199116420117, 0.0009955199116420117, 0.0009955199116420117, 0.0009955199116420117, 0.0009955199116420117], [0.9950224004417905, 0.0009955199116420117, 0.0009955199116420117, 0.0009955199116420117, 0.0009955199116420117, 0.0009955199116420117], [0.9950224004417905, 0.0009955199116420117, 0.0009955199116420117, 0.0009955199116420117, 0.0009955199116420117, 0.0009955199116420117], [0.9950224004417905, 0.0009955199116420117, 0.0009955199116420117, 0.0009955199116420117, 0.0009955199116420117, 0.0009955199116420117], [0.9950224004417905, 0.0009955199116420117, 0.0009955199116420117, 0.0009955199116420117, 0.0009955199116420117, 0.0009955199116420117], [0.9950224004417905, 0.0009955199116420117, 0.0009955199116420117, 0.0009955199116420117, 0.0009955199116420117, 0.0009955199116420117], [0.9950224004417905, 0.0009955199116420117, 0.0009955199116420117, 0.0009955199116420117, 0.0009955199116420117, 0.0009955199116420117], [0.9950224004417905, 0.0009955199116420117, 0.0009955199116420117, 0.0009955199116420117, 0.0009955199116420117, 0.0009955199116420117], [0.9950224004417905, 0.0009955199116420117, 0.0009955199116420117, 0.0009955199116420117, 0.0009955199116420117, 0.0009955199116420117], [0.9950224004417905, 0.0009955199116420117, 0.0009955199116420117, 0.0009955199116420117, 0.0009955199116420117, 0.0009955199116420117], [0.9950224004417905, 0.0009955199116420117, 0.0009955199116420117, 0.0009955199116420117, 0.0009955199116420117, 0.0009955199116420117], [0.9950224004417905, 0.0009955199116420117, 0.0009955199116420117, 0.0009955199116420117, 0.0009955199116420117, 0.0009955199116420117], [0.9950224004417905, 0.0009955199116420117, 0.0009955199116420117, 0.0009955199116420117, 0.0009955199116420117, 0.0009955199116420117], [0.9950224004417905, 0.0009955199116420117, 0.0009955199116420117, 0.0009955199116420117, 0.0009955199116420117, 0.0009955199116420117], [0.9950224004417905, 0.0009955199116420117, 0.0009955199116420117, 0.0009955199116420117, 0.0009955199116420117, 0.0009955199116420117], [0.9950224004417905, 0.0009955199116420117, 0.0009955199116420117, 0.0009955199116420117, 0.0009955199116420117, 0.0009955199116420117], [0.9950224004417905, 0.0009955199116420117, 0.0009955199116420117, 0.0009955199116420117, 0.0009955199116420117, 0.0009955199116420117], [0.9950224004417905, 0.0009955199116420117, 0.0009955199116420117, 0.0009955199116420117, 0.0009955199116420117, 0.0009955199116420117], [0.9950224004417905, 0.0009955199116420117, 0.0009955199116420117, 0.0009955199116420117, 0.0009955199116420117, 0.0009955199116420117], [0.9950224004417905, 0.0009955199116420117, 0.0009955199116420117, 0.0009955199116420117, 0.0009955199116420117, 0.0009955199116420117], [0.9950224004417905, 0.0009955199116420117, 0.0009955199116420117, 0.0009955199116420117, 0.0009955199116420117, 0.0009955199116420117], [0.9950224004417905, 0.0009955199116420117, 0.0009955199116420117, 0.0009955199116420117, 0.0009955199116420117, 0.0009955199116420117], [0.9950224004417905, 0.0009955199116420117, 0.0009955199116420117, 0.0009955199116420117, 0.0009955199116420117, 0.0009955199116420117], [0.9950224004417905, 0.0009955199116420117, 0.0009955199116420117, 0.0009955199116420117, 0.0009955199116420117, 0.0009955199116420117], [0.9950224004417905, 0.0009955199116420117, 0.0009955199116420117, 0.0009955199116420117, 0.0009955199116420117, 0.0009955199116420117], [0.9950224004417905, 0.0009955199116420117, 0.0009955199116420117, 0.0009955199116420117, 0.0009955199116420117, 0.0009955199116420117], [0.9950224004417905, 0.0009955199116420117, 0.0009955199116420117, 0.0009955199116420117, 0.0009955199116420117, 0.0009955199116420117], [0.9950224004417905, 0.0009955199116420117, 0.0009955199116420117, 0.0009955199116420117, 0.0009955199116420117, 0.0009955199116420117], [0.9950224004417905, 0.0009955199116420117, 0.0009955199116420117, 0.0009955199116420117, 0.0009955199116420117, 0.0009955199116420117], [0.9950224004417905, 0.0009955199116420117, 0.0009955199116420117, 0.0009955199116420117, 0.0009955199116420117, 0.0009955199116420117], [0.9950224004417905, 0.0009955199116420117, 0.0009955199116420117, 0.0009955199116420117, 0.0009955199116420117, 0.0009955199116420117], [0.9950224004417905, 0.0009955199116420117, 0.0009955199116420117, 0.0009955199116420117, 0.0009955199116420117, 0.0009955199116420117], [0.9950224004417905, 0.0009955199116420117, 0.0009955199116420117, 0.0009955199116420117, 0.0009955199116420117, 0.0009955199116420117], [0.9950224004417905, 0.0009955199116420117, 0.0009955199116420117, 0.0009955199116420117, 0.0009955199116420117, 0.0009955199116420117], [0.9950224004417905, 0.0009955199116420117, 0.0009955199116420117, 0.0009955199116420117, 0.0009955199116420117, 0.0009955199116420117], [0.9950224004417905, 0.0009955199116420117, 0.0009955199116420117, 0.0009955199116420117, 0.0009955199116420117, 0.0009955199116420117], [0.9950224004417905, 0.0009955199116420117, 0.0009955199116420117, 0.0009955199116420117, 0.0009955199116420117, 0.0009955199116420117], [0.9950224004417905, 0.0009955199116420117, 0.0009955199116420117, 0.0009955199116420117, 0.0009955199116420117, 0.0009955199116420117], [0.9950224004417905, 0.0009955199116420117, 0.0009955199116420117, 0.0009955199116420117, 0.0009955199116420117, 0.0009955199116420117], [0.9950224004417905, 0.0009955199116420117, 0.0009955199116420117, 0.0009955199116420117, 0.0009955199116420117, 0.0009955199116420117]], [[0.9950224004417905, 0.0009955199116420117, 0.0009955199116420117, 0.0009955199116420117, 0.0009955199116420117, 0.0009955199116420117], [0.07401600658277233, 0.11776370059110214, 0.1132554739884118, 0.016729681564193553, 0.6771913634161698, 0.0010437738573504242], [0.6085638374277265, 0.16247834199703062, 0.1534787283417444, 0.03047530202835778, 0.04400265416394733, 0.0010011360411933882], [0.5851060717942311, 0.17014805589891308, 0.15820602046570648, 0.03417453413122675, 0.05136533140807782, 0.0009999863018445567], [0.47171019809662534, 0.20166207934109567, 0.22485726757188873, 0.030512281822270424, 0.07025821358193374, 0.0009999595861861206], [0.10938289763817752, 0.17132559956831228, 0.147989282764255, 0.026298772943897028, 0.5440034936073512, 0.0009999534780069275], [0.11775762060334587, 0.14760440488262538, 0.13986836342604966, 0.03901755097896554, 0.5547334647893902, 0.0010185953196232727], [0.687081467827061, 0.13800630614199325, 0.10491815559216344, 0.022606526964431647, 0.046357022439442556, 0.00103052103490808], [0.05322609698284576, 0.12922381195353796, 0.09223999262442134, 0.030462931431890248, 0.6937914157570886, 0.0010557512502161225], [0.8421426982035308, 0.08176509574540661, 0.057166336581338614, 0.010293107694700859, 0.007454369110026359, 0.0011783926649967652], [0.9432248645185396, 0.03614703597090519, 0.01544839116001528, 0.0029582025625561168, 0.0009985457268302219, 0.001222960061153624], [0.013861279843845862, 0.07755352737044109, 0.056964723000398135, 0.008885862083627565, 0.8415538292696769, 0.001180778432010473], [0.7750515581712482, 0.10841596124721173, 0.0746114054128104, 0.019022276325641466, 0.021853755025016703, 0.0010450438180714455], [0.01279352910972118, 0.07907888556204777, 0.056964723000398135, 0.008885862083627565, 0.8410962218121949, 0.001180778432010473], [0.01245620705599329, 0.07956077421023047, 0.056964723000398135, 0.008885862083627565, 0.8409516552177402, 0.001180778432010473], [0.75280042609907, 0.1237625927656162, 0.07860740848432547, 0.02062067630079109, 0.023163852536992137, 0.001045043813205081], [0.7011310956927918, 0.1193468551346262, 0.10687679415400728, 0.028161878243166086, 0.04345559005269207, 0.0010277867227164866], [0.6456837820770421, 0.13848095255333906, 0.14000972483564858, 0.024233690564174203, 0.050591272073849586, 0.001000577895946306], [0.5977575646868231, 0.16495629777806642, 0.15790846617321744, 0.025477906572311474, 0.052899778260007274, 0.0009999865295744945], [0.4882118873431577, 0.18450629583097292, 0.21872964108134665, 0.03349959994990654, 0.0740526229781753, 0.0009999528164409946], [0.12108590669748508, 0.17356112354615766, 0.15276190718127425, 0.028156513912863786, 0.523434595939364, 0.0009999527228553434], [0.6035269922917709, 0.15608641296025783, 0.15139157676494286, 0.028903346124602627, 0.05909126238730694, 0.0010004094711188287], [0.6695899822306017, 0.1414644759367075, 0.12502271301181356, 0.019283038749674634, 0.04360915341895667, 0.001030636652245988], [0.06145610028221292, 0.1282508481204444, 0.10342599502342552, 0.020831030997330167, 0.6849807308747744, 0.0010552947018125682], [0.8420292756253157, 0.08192712799999954, 0.05716633658133861, 0.010293107694700857, 0.007405759433648477, 0.001178392664996765], [0.9443913181433665, 0.034973238749537616, 0.015453890782112076, 0.0029592556816810354, 0.0009989012087756916, 0.0012233954345272104], [0.9444899263408731, 0.03487400974825194, 0.015454355702285831, 0.00295934470894835, 0.000998931260063752, 0.0012234322395768909], [0.013971176197817414, 0.07739653257905316, 0.056964723000398135, 0.008885862083627565, 0.8416009277070934, 0.001180778432010473], [0.7529256214184369, 0.11486630150959971, 0.08673586894098043, 0.01901908037315343, 0.025408479938149407, 0.0010446478196799946], [0.7223728337775617, 0.1275545093930927, 0.10509794971793587, 0.02019942281254469, 0.023747378175576674, 0.0010279061232882675], [0.6277269717970424, 0.13745704248360704, 0.1527668451441785, 0.029029412708194657, 0.05201911747105347, 0.0010006103959238162], [0.5850742053047565, 0.17783549481371408, 0.15000648068391034, 0.031071442084403468, 0.055012390628750324, 0.0009999864844654435], [0.4598568539582668, 0.21543162069470664, 0.2098767154283961, 0.032835895566586795, 0.08099895738022155, 0.0009999569718220703], [0.4346332353068537, 0.2329415179690648, 0.21460520429406485, 0.03795376975629675, 0.0788663235888113, 0.0009999490849085647], [0.44037291802491907, 0.21836700190230895, 0.21250972210112234, 0.04951551135723682, 0.07823489200068058, 0.0009999546137323028], [0.4982791989972238, 0.23089000644890456, 0.16294535485101977, 0.046702435845354814, 0.060183015888426415, 0.0009999879690706234], [0.4001579507635738, 0.24676362400273036, 0.2565868249578899, 0.05112226823914012, 0.044369379764050344, 0.0009999522726154327], [0.09196708849404396, 0.1884082270628626, 0.22352890799806518, 0.031344119478923654, 0.4637516974426332, 0.000999959523471644], [0.07090945864970598, 0.15464622419550214, 0.22483438784334447, 0.023668135978952412, 0.5249290707671987, 0.001012722565296234], [0.9950224004417905, 0.0009955199116420117, 0.0009955199116420117, 0.0009955199116420117, 0.0009955199116420117, 0.0009955199116420117]], [[0.9950224004417905, 0.0009955199116420117, 0.0009955199116420117, 0.0009955199116420117, 0.0009955199116420117, 0.0009955199116420117], [0.09167105860309346, 0.1531553955500052, 0.15695918753740734, 0.03491120067942028, 0.5622943981859029, 0.0010087594441708838], [0.547994730564349, 0.36148183362449754, 0.0011889927862038577, 0.0445899135221825, 0.04374454082909188, 0.0009999886736753712], [0.44938330247466973, 0.43863874966762284, 0.0011441342352868228, 0.04764601947341437, 0.06218782715147898, 0.0009999669975274657], [0.4513618458469322, 0.419692868011624, 0.0011265759114879022, 0.04333862705849193, 0.08348012874573718, 0.0009999544257269155], [0.46502860906574156, 0.4195752748828505, 0.0011452556381141552, 0.03718057540524371, 0.07607031688671767, 0.0009999681213325486], [0.581487212017445, 0.3108331790648727, 0.0011928577029564858, 0.031019753654978187, 0.07446700502764964, 0.0009999925320981016], [0.6002297930616889, 0.2870356075242693, 0.0012080605617025121, 0.044820184126958346, 0.06570545120911542, 0.0010009035162653725], [0.6510887125167911, 0.26335197617695005, 0.0012483258674071045, 0.03969071011310939, 0.043595021156701774, 0.0010252541690405498], [0.0679125435129052, 0.2162727437114784, 0.0012760861888278985, 0.027903254518973727, 0.6855901290160221, 0.0010452430517925851], [0.8396569114584275, 0.13689797139302934, 0.0019819383689731475, 0.012842960630945996, 0.0074403404217141455, 0.001179877726909931], [0.7402981139651049, 0.2074114794192257, 0.00126980164269433, 0.024928035040485304, 0.025054281253613146, 0.0010382886788765434], [0.7145547965641392, 0.22886423426835423, 0.00124479650181046, 0.021044257121850932, 0.03327019074517963, 0.0010217247986656162], [0.7315065829499809, 0.22150745081167036, 0.0012709837019763595, 0.017147113555709356, 0.027528398247894784, 0.0010394707327682417], [0.7216844089645753, 0.22240034892245653, 0.0012693065304485382, 0.028298587575802503, 0.02530955444526115, 0.0010377935614560335], [0.08275037441159296, 0.22637086243302823, 0.0012621470805224287, 0.03079236477042946, 0.6577845539884347, 0.0010396973159921801], [0.6326870557673312, 0.2746580618660943, 0.0012072436627040897, 0.03230748358309924, 0.058140068505433545, 0.0010000866153376496], [0.5841469314197437, 0.31237191880043824, 0.00119109138167686, 0.03532144223281206, 0.06596862545144423, 0.000999990713884871], [0.4722021826767663, 0.40438341231869646, 0.0011432093070576264, 0.04288551551984847, 0.07838571412440883, 0.0009999660532224479], [0.1459610760453621, 0.41228722469774337, 0.0010643129605819308, 0.04539418669136411, 0.3942932885076552, 0.0009999110972933795], [0.48115327507691336, 0.4065424964874757, 0.0011426311094402957, 0.03728127811283098, 0.07288035379164456, 0.0009999654216952148], [0.13939942456606427, 0.340518422577767, 0.001135033957721504, 0.036646455826569925, 0.48130069994367836, 0.0009999631281991258], [0.5961892766698177, 0.30668761635795433, 0.0012082051345887342, 0.03237005525222275, 0.06254379849665066, 0.0010010480887657346], [0.6753494714012169, 0.24889770849362408, 0.0012486475858115944, 0.025262715213601888, 0.048215881421208875, 0.001025575884536516], [0.7178497718712685, 0.224489883713302, 0.0012667518623851954, 0.025804861832933786, 0.029553491815061204, 0.0010352389050492822], [0.8414979810446293, 0.13426787198416928, 0.001981938368973147, 0.012842960630945992, 0.008229370244372152, 0.0011798777269099309], [0.8435958991041546, 0.1312708461848478, 0.0019819383689731475, 0.012842960630945996, 0.009128477984168605, 0.001179877726909931], [0.7473806423808261, 0.19456047012264852, 0.0012689881608611696, 0.02724383438415595, 0.028508589746689347, 0.0010374752048189358], [0.059731672093898444, 0.2324544179534684, 0.0012638426008805886, 0.018176561411663062, 0.6873321131064323, 0.0010413928336570975], [0.6317020088428517, 0.28477675370443345, 0.0012071925972603537, 0.034590978684369084, 0.046723030622349185, 0.0010000355487363337], [0.6034338273387893, 0.30997888048894057, 0.0011870933512028354, 0.03043352691463961, 0.05396668513921208, 0.0009999867672156534], [0.48717225272355164, 0.40640170911161994, 0.0011448687734238164, 0.030988860420550744, 0.07329234130575416, 0.0009999676650997821], [0.44501661940023607, 0.422430684965499, 0.001126601294345803, 0.0498026461479559, 0.08062349377628855, 0.0009999544156747068], [0.30709324944381355, 0.47929191687870415, 0.001064024423664913, 0.04726855272006333, 0.16428233593753783, 0.0009999205962162435], [0.4142419788896669, 0.4565249455868213, 0.0011178311020273114, 0.048933947544204805, 0.07818135118426316, 0.0009999456930165132], [0.14040960696049426, 0.47686785600766035, 0.0010968554353521078, 0.0598900193595467, 0.32073572302503073, 0.0009999392119160926], [0.3916855528283688, 0.4994143847771266, 0.0019254161436655663, 0.052291686819594216, 0.053683012935971615, 0.0009999464952734733], [0.000995519911642011, 0.000995519911642011, 0.000995519911642011, 0.000995519911642011, 0.000995519911642011, 0.99502240044179], [0.5445976841262281, 0.17062060051052566, 0.2214378600788545, 0.025629951785516074, 0.03671391200833464, 0.0009999914905410412], [0.9950224004417905, 0.0009955199116420117, 0.0009955199116420117, 0.0009955199116420117, 0.0009955199116420117, 0.0009955199116420117]], [[0.9950224004417905, 0.0009955199116420117, 0.0009955199116420117, 0.0009955199116420117, 0.0009955199116420117, 0.0009955199116420117], [0.5795110942735099, 0.18277407409575835, 0.16027147634692154, 0.029392782816365957, 0.04705058311014964, 0.0009999893572946968], [0.45772274215723174, 0.4249872910390426, 0.0011466720349536852, 0.052517980622934606, 0.06262534462465667, 0.000999969521180819], [0.4483540724270419, 0.4266095848251297, 0.0011199972747070617, 0.044898561257004914, 0.07801783639858932, 0.0009999478175271265], [0.32368464713272793, 0.46697149858656956, 0.0011912657236368958, 0.04261221399975894, 0.16454045486461102, 0.0009999196926957438], [0.45364212863833525, 0.4063066694692507, 0.0011243070944335094, 0.049001154870322375, 0.08892578775879025, 0.0009999521688681392], [0.4681983299275654, 0.3956805823184151, 0.0011436011604279376, 0.04291920665875613, 0.09105831351260311, 0.0009999664222322244], [0.12363080608540525, 0.318375936409891, 0.0011301288994527872, 0.04755669641563465, 0.5083064739085849, 0.0009999582810315836], [0.5907291116624029, 0.3118493259605768, 0.0012063108785336483, 0.034293877315631736, 0.06092137500320502, 0.0009999991796498554], [0.08768009589477299, 0.13512543320241036, 0.08137206768056213, 0.026539552388621462, 0.668234861054134, 0.001047989779498991], [0.696343335640748, 0.22968856595816808, 0.001267696224420402, 0.03291041636695242, 0.038753802542195404, 0.0010361832675157153], [0.08400061905730435, 0.23518347191516947, 0.00126391338067999, 0.027317372460886283, 0.6511931595810104, 0.001041463604949479], [0.6506738039282628, 0.2646443780348801, 0.0012074511440838685, 0.03630853350966772, 0.04616553928947502, 0.0010002940936305479], [0.6849519632621273, 0.2451845538325294, 0.0012462286277102146, 0.023659222646241488, 0.043934874712864086, 0.0010231569185275866], [0.07222552649463354, 0.22536587815219583, 0.0012621774390820357, 0.027850099991356615, 0.6722565902581376, 0.0010397276645945593], [0.655051836253017, 0.25985750304912864, 0.0012060714342892814, 0.03242805101414426, 0.05045653933689065, 0.0009999989125302053], [0.6256724311301032, 0.27382328510510595, 0.0011936780212671836, 0.0243209739383745, 0.07398963850679584, 0.0009999932983534112], [0.15309664119860045, 0.3592143379467965, 0.0010881011533157847, 0.037071609896715714, 0.44852937883136257, 0.0009999309732089058], [0.15551143712510235, 0.405066360306528, 0.0010597761869813678, 0.04073257905424022, 0.39662994076326247, 0.0009999065638857695], [0.3068077718039738, 0.4712960007807744, 0.001050965991628419, 0.04775271279270051, 0.1720926346964209, 0.0009999139345021886], [0.45758773242927586, 0.4227871442199306, 0.0011176642361611499, 0.04262371228974575, 0.0748838013451078, 0.0009999454797788103], [0.4667346270898467, 0.4043605717940506, 0.0011574026202347384, 0.04249467002483367, 0.08425275257069689, 0.0009999759003375176], [0.5799871362048574, 0.31891711907322, 0.00119267263830497, 0.0320040325774197, 0.06689904723341669, 0.0009999922727812794], [0.6141524960525245, 0.2720450834649658, 0.00120709010634719, 0.04044121072278908, 0.0711541197382824, 0.000999999915090852], [0.7020249742041451, 0.22695219925733456, 0.0012461841916191411, 0.027772048356677546, 0.04098148150071072, 0.0010231124895130558], [0.7173202839280814, 0.20992515044178922, 0.001266639697624225, 0.02435280232806701, 0.04609999686587473, 0.0010351267385634059], [0.8403478047409392, 0.1359109809894409, 0.001981938368973147, 0.012842960630945992, 0.007736437542790665, 0.0011798777269099309], [0.8402149780996758, 0.13610073333410283, 0.001981938368973147, 0.012842960630945992, 0.007679511839392088, 0.0011798777269099309], [0.7376088377980218, 0.2085967203849859, 0.001271279928951431, 0.019558092525672487, 0.03192530239615678, 0.0010397669662117106], [0.7036087132892955, 0.21805003660309435, 0.0012452557354210724, 0.030350579468889798, 0.04572323086707573, 0.0010221840362235112], [0.6162979901359482, 0.2946478483371496, 0.0012049645182546744, 0.029980349217091945, 0.05686884994734088, 0.0009999978442148288], [0.5897818199692353, 0.2976242474628655, 0.0011897945254048217, 0.04140872285796583, 0.06899542577896797, 0.0009999894055607189], [0.47684250884360435, 0.3819417610090363, 0.0011439058435391163, 0.040633222432952164, 0.09843863515175255, 0.0009999667191155066], [0.4471317138802547, 0.41838540410837816, 0.0011172599327865277, 0.046640165289717934, 0.08572551171663466, 0.0009999450722281008], [0.41982810195184456, 0.4494086952412146, 0.001156094637899577, 0.05605782389172998, 0.07254930967783121, 0.000999974599479979], [0.3892778281327222, 0.48903081881207305, 0.001119989189044344, 0.04728795514616839, 0.07228346090309955, 0.0009999478168923996], [0.2943930143248384, 0.4972855473939167, 0.0015391992190554355, 0.05103933212202772, 0.15458812854949883, 0.0011547783906628647], [0.000995519911642011, 0.000995519911642011, 0.000995519911642011, 0.000995519911642011, 0.000995519911642011, 0.99502240044179], [0.000995519911642011, 0.000995519911642011, 0.000995519911642011, 0.000995519911642011, 0.000995519911642011, 0.99502240044179], [0.9950224004417905, 0.0009955199116420117, 0.0009955199116420117, 0.0009955199116420117, 0.0009955199116420117, 0.0009955199116420117]], [[0.9950224004417905, 0.0009955199116420117, 0.0009955199116420117, 0.0009955199116420117, 0.0009955199116420117, 0.0009955199116420117], [0.611379745249533, 0.15849756945556953, 0.13811628944340884, 0.0328774686285555, 0.058126250327340395, 0.0010026768955927797], [0.13074456110687033, 0.31654552066453906, 0.001126952228499327, 0.03725954078675439, 0.5133234701704293, 0.0009999550429075227], [0.15082612155819097, 0.38558191921403845, 0.0010848036324056047, 0.04315731035684409, 0.4183499175701836, 0.0009999276683373564], [0.46301639468412104, 0.39228636290117086, 0.0011200921756955938, 0.04328068391409654, 0.09929651837533349, 0.000999947949582483], [0.48786231850071954, 0.3730284162214049, 0.0011472714738997474, 0.04684825013167818, 0.09011377355238279, 0.0009999701199149432], [0.17302940095084693, 0.3881930125152914, 0.0010875472829152708, 0.04322566720121157, 0.3934644416726027, 0.0009999303771322308], [0.5718094133192607, 0.3155544066877133, 0.001191440381279312, 0.03722472912745137, 0.07322001941996885, 0.000999991064326436], [0.6160416346804503, 0.15092503217482167, 0.1273820765819871, 0.03669712333081995, 0.06794968419371465, 0.0010044490382062937], [0.9950224004417905, 0.0009955199116420117, 0.0009955199116420117, 0.0009955199116420117, 0.0009955199116420117, 0.0009955199116420117], [0.7171830980192601, 0.12617707663551486, 0.09321328717426774, 0.021177967284247506, 0.041217007745729436, 0.0010315631409803022], [0.630773514432405, 0.2704511109060361, 0.001207858412461421, 0.029030673260226354, 0.06753614162184693, 0.0010007013670242815], [0.6161283468100952, 0.2838776376652901, 0.0011940027153479658, 0.03551729767057514, 0.06228272147039548, 0.0009999936682961418], [0.11764938134553078, 0.25346524105616947, 0.0012213748064775563, 0.03371881898296102, 0.5929306065245636, 0.0010145772842974304], [0.10409547891129713, 0.2315100927188984, 0.001261705599591396, 0.02642749301041229, 0.6356659739305404, 0.001039255829260318], [0.7007906592984819, 0.21594894507961346, 0.001247363661831141, 0.026590683922414354, 0.054398056089581134, 0.001024291948077975], [0.6218529140377055, 0.2690906503986982, 0.0012069268693936377, 0.032346558462063905, 0.07450295043352013, 0.0009999997986188274], [0.15575700125234548, 0.29135181925606846, 0.0011307937910414886, 0.02885639847182214, 0.5219040283236341, 0.0009999589050884118], [0.5009398438399699, 0.3611381702979312, 0.001145491599389633, 0.03408113827336131, 0.10169538770308471, 0.0009999682862631954], [0.46744570074485353, 0.40363845036650536, 0.0011194750911403574, 0.038179251878139524, 0.08861717456195606, 0.0009999473574051922], [0.1748985375568265, 0.4057347004602733, 0.0010964041977048265, 0.04177868530370068, 0.37549173369797, 0.0009999387835247734], [0.4596029910439212, 0.4087095964206444, 0.0011204150669729951, 0.0461740935162622, 0.08339295572853138, 0.0009999482236680054], [0.17145469473219507, 0.3667190852075822, 0.0010863507368611685, 0.03925441601427312, 0.4204855240824125, 0.0009999292266760663], [0.13452895595506498, 0.28543336849998824, 0.0011300041095213627, 0.03679665757540605, 0.5411110557017714, 0.0009999581582481089], [0.13582430867782763, 0.26972588533459324, 0.0012216198804957915, 0.027346955003662896, 0.564866408746838, 0.001014822356582309], [0.7096415922050139, 0.2227749966687353, 0.001245816465988873, 0.02381599188415975, 0.041498858025113015, 0.0010227447509891965], [0.06509881627803832, 0.18984094412255, 0.0012784653245894535, 0.022636198252023402, 0.7200979538358896, 0.0010476221869091717], [0.8408230743037337, 0.13523202447116325, 0.0019819383689731475, 0.012842960630945996, 0.007940124498273969, 0.001179877726909931], [0.8402275798448553, 0.13608273084098937, 0.001981938368973147, 0.012842960630945992, 0.007684912587326128, 0.0011798777269099309], [0.7396807070957974, 0.19727030763546333, 0.001268260912501598, 0.025093202850206695, 0.035650773550865315, 0.0010367479551656848], [0.6963043215446604, 0.22400749080491003, 0.0012488817275310468, 0.022414860589463636, 0.054998635301154314, 0.0010258100322807677], [0.6246435446829598, 0.2833888151197277, 0.001207037214438467, 0.031567185895927816, 0.05819341722096279, 0.0009999998659835142], [0.14968522016871058, 0.2889872369612039, 0.0011300040842648598, 0.043183615641030244, 0.5160139650088923, 0.000999958135898238], [0.16414583543497296, 0.3748599138933867, 0.001084860717603975, 0.04346445838721891, 0.4154450038731452, 0.0009999276936723553], [0.5537686808319628, 0.32331905693093427, 0.0011953442845371494, 0.0391618514233848, 0.08155507157679438, 0.0009999949523867033], [0.4828276360584849, 0.38402877193504414, 0.0011477676685779216, 0.049105526086170595, 0.0818903276846248, 0.0009999705670976494], [0.000995519911642011, 0.000995519911642011, 0.000995519911642011, 0.000995519911642011, 0.000995519911642011, 0.99502240044179], [0.000995519911642011, 0.000995519911642011, 0.000995519911642011, 0.000995519911642011, 0.000995519911642011, 0.99502240044179], [0.9950224004417905, 0.0009955199116420117, 0.0009955199116420117, 0.0009955199116420117, 0.0009955199116420117, 0.0009955199116420117], [0.9950224004417905, 0.0009955199116420117, 0.0009955199116420117, 0.0009955199116420117, 0.0009955199116420117, 0.0009955199116420117]], [[0.9950224004417905, 0.0009955199116420117, 0.0009955199116420117, 0.0009955199116420117, 0.0009955199116420117, 0.0009955199116420117], [0.666176959608053, 0.1557070554787752, 0.10792268456279376, 0.02245995936697085, 0.04670455452837344, 0.0010287864550337744], [0.5702039599907556, 0.3424139542846284, 0.0012069655222376715, 0.03432832927494357, 0.05084679110137228, 0.0009999998260626743], [0.5775269388842768, 0.29477576201616595, 0.0011934381509541721, 0.04379268123596752, 0.08171118665665553, 0.0009999930559800917], [0.49279111176256496, 0.37125597287678785, 0.0011480455326386867, 0.041908133920970266, 0.09189676507542607, 0.0009999708316121786], [0.4779586077569525, 0.3794995027109232, 0.001147496646482374, 0.044949650167274195, 0.09544477240895079, 0.0009999703094170334], [0.43748004153231723, 0.42443904895138096, 0.0011221887308220607, 0.049498450141036744, 0.08646032063988612, 0.0009999500045569636], [0.48501943085842414, 0.3998808880366757, 0.001147540810944454, 0.04504960841893775, 0.06790256149538473, 0.0009999703796333011], [0.6159011857025048, 0.1464151945319409, 0.14173661972554047, 0.03244063224702043, 0.06250637404293394, 0.0009999937500594857], [0.9950224004417905, 0.0009955199116420117, 0.0009955199116420117, 0.0009955199116420117, 0.0009955199116420117, 0.0009955199116420117], [0.13475559499568707, 0.14624353005765742, 0.10544798920291211, 0.03345136311804394, 0.5790768925210654, 0.0010246301046340158], [0.6234692340967274, 0.28039060332906396, 0.0011955860277472975, 0.03458809523122251, 0.059356486108376204, 0.0009999952068628945], [0.5214650270727239, 0.347172599333219, 0.001145614453833049, 0.040349813515216125, 0.0888669772141744, 0.0009999684108335757], [0.6220828405851205, 0.2756271115943021, 0.0011927888982105348, 0.033670181828903904, 0.06642708464683073, 0.0009999924466322632], [0.13033743848824478, 0.25739467021050544, 0.001218857593246176, 0.03201373969761417, 0.578023233940479, 0.0010120600699104786], [0.6725841868590454, 0.23384901258779217, 0.001248357719448506, 0.029013285076131587, 0.06227987174565451, 0.0010252860119278919], [0.6442342280254286, 0.24637976951426832, 0.0012092164075842497, 0.034122686323314284, 0.07305204037653025, 0.0010020593528744098], [0.6058350604570228, 0.27790361689289717, 0.0012077114278626012, 0.03648544174508698, 0.07756761509663418, 0.0010005543804961611], [0.5738345666779912, 0.28624230435572867, 0.0011896207991831723, 0.0418225226185618, 0.09591099630533012, 0.0009999892432051396], [0.47536299568106904, 0.37709765619218577, 0.0011554545281665762, 0.054498078765290246, 0.09088584082473429, 0.0009999740085541611], [0.4741284866530606, 0.3878644802983857, 0.0011209101158632022, 0.0399022921881396, 0.09598388196682374, 0.0009999487777271948], [0.3239107174510461, 0.46362527168075823, 0.001095241013885081, 0.0486983985627755, 0.16167045318319162, 0.000999918108343583], [0.15842248076856766, 0.40453094807378587, 0.0010616661846451834, 0.04034491078805983, 0.39464008573881626, 0.0009999084461251848], [0.5034146963928267, 0.37539479833872935, 0.0011474776309957902, 0.03494639973556252, 0.0840966575779165, 0.0009999703239692394], [0.621739302540801, 0.27842022796891647, 0.0011903656308562783, 0.03223947973505011, 0.06541063414095326, 0.0009999899834230092], [0.6503554496206466, 0.25967455101340153, 0.0012085152035001684, 0.033233214719249116, 0.05452691128706896, 0.0010013581561337285], [0.7288806234508562, 0.205299362464229, 0.0012505156411753637, 0.02170599667331563, 0.041836057831146904, 0.0010274439392770301], [0.7549461847018051, 0.18618421466598703, 0.0012717857210492237, 0.02611898873720913, 0.030438553410236224, 0.0010402727637133105], [0.8419444822690636, 0.13363001309212033, 0.001981938368973147, 0.012842960630945992, 0.008420727911986838, 0.0011798777269099309], [0.8420237114090611, 0.13351682860640962, 0.001981938368973147, 0.012842960630945992, 0.008454683257700053, 0.0011798777269099309], [0.09217823782863903, 0.1941041710221221, 0.0012780119379577032, 0.03134635036652235, 0.6800460600498694, 0.0010471687948892488], [0.11756301545245186, 0.21832860053585926, 0.001263140946562243, 0.027096518904788647, 0.6347080329791346, 0.0010406911812033046], [0.14563292660100008, 0.28200707725375734, 0.0012168521062568825, 0.034355665243713966, 0.535777424211195, 0.0010100545840767566], [0.5970003560728825, 0.28153845508818104, 0.001190084636472314, 0.04161352663753566, 0.07765758781187433, 0.0009999897530542695], [0.5900750575630965, 0.3009905025073921, 0.0012098006647436367, 0.03225643670386053, 0.07446555894044302, 0.0010026436204640771], [0.000995519911642011, 0.000995519911642011, 0.000995519911642011, 0.000995519911642011, 0.000995519911642011, 0.99502240044179], [0.000995519911642011, 0.000995519911642011, 0.000995519911642011, 0.000995519911642011, 0.000995519911642011, 0.99502240044179], [0.9950224004417905, 0.0009955199116420117, 0.0009955199116420117, 0.0009955199116420117, 0.0009955199116420117, 0.0009955199116420117], [0.5617919713869677, 0.15142126697037356, 0.22297328969469543, 0.027556977799976158, 0.03524979692072735, 0.0010066972272598257], [0.9950224004417905, 0.0009955199116420117, 0.0009955199116420117, 0.0009955199116420117, 0.0009955199116420117, 0.0009955199116420117]], [[0.9950224004417905, 0.0009955199116420117, 0.0009955199116420117, 0.0009955199116420117, 0.0009955199116420117, 0.0009955199116420117], [0.668101817387074, 0.14646182939967192, 0.1355563331646881, 0.02328074981508553, 0.025566987975603323, 0.001032282257877094], [0.10255451238764271, 0.3022692896500773, 0.0012207408092274558, 0.03658932415153897, 0.5563521897264191, 0.00101394327509439], [0.5992834299153593, 0.18073766513651768, 0.11638930420700999, 0.03776499046281191, 0.0648246147565395, 0.0009999955217617226], [0.48239822440452623, 0.21517087222240833, 0.17378089752642664, 0.050852278894142525, 0.07679776331110223, 0.0009999636413940305], [0.42957632674371676, 0.43198961797281843, 0.001126350022488913, 0.05104482447514598, 0.08526292662485353, 0.0009999541609762978], [0.3046780645540872, 0.48901059883148335, 0.001034518494132031, 0.04341096747295539, 0.16086592759085785, 0.0009999230564842914], [0.48011723768233816, 0.20629614528133705, 0.19076469960485867, 0.04093906540684487, 0.08088290322218934, 0.0009999488024318868], [0.9950224004417905, 0.0009955199116420117, 0.0009955199116420117, 0.0009955199116420117, 0.0009955199116420117, 0.0009955199116420117], [0.9950224004417905, 0.0009955199116420117, 0.0009955199116420117, 0.0009955199116420117, 0.0009955199116420117, 0.0009955199116420117], [0.9950224004417905, 0.0009955199116420117, 0.0009955199116420117, 0.0009955199116420117, 0.0009955199116420117, 0.0009955199116420117], [0.5169504842652178, 0.18804922624109954, 0.18421149091948472, 0.03628662295751067, 0.07350221077799413, 0.0009999648386931216], [0.4844413312723662, 0.38324822449660745, 0.0011255401170212971, 0.04146383257933343, 0.08872111813236418, 0.0009999534023074548], [0.5154142932413454, 0.3566578945803013, 0.0011484214637677347, 0.040268829448513226, 0.08551059004408801, 0.000999971221984475], [0.6371979643837935, 0.2624763748305557, 0.0011944642753685816, 0.0333809273774862, 0.06475027506680522, 0.000999994065991026], [0.6302815698093579, 0.2670507272023605, 0.001210458373885232, 0.03788275713012822, 0.06257118615967856, 0.0010033013245894916], [0.14800746080168609, 0.27711234095882104, 0.0011329691451941878, 0.03675111656200238, 0.5359961514590513, 0.00099996107324519], [0.15727127521179574, 0.26484337807696384, 0.001221880891916007, 0.03212461735367585, 0.5435237651001498, 0.0010150833654987866], [0.6009545601152869, 0.283934080664492, 0.0012092397458860387, 0.0355460660269761, 0.07735397074845358, 0.001002082698905459], [0.6006742192188037, 0.291586478577642, 0.0011894506082571292, 0.03292047967434869, 0.07262938280488311, 0.00099998911606541], [0.518819141360153, 0.3475815028654128, 0.0011464954741510099, 0.0388913902378594, 0.09256150076230389, 0.000999969300119929], [0.48249497753451137, 0.37926993333661474, 0.0011334468337457196, 0.036157766598200594, 0.09994391444930995, 0.0009999612476177175], [0.4910455988220597, 0.3749175435572569, 0.0011493748045780792, 0.04771602665752022, 0.08417148395269587, 0.0009999722058892933], [0.5972232315377694, 0.28623940329662595, 0.0011926242673080316, 0.03849335995344463, 0.0758513887222442, 0.0009999922226078804], [0.16092750232348774, 0.2704995388868112, 0.0011327203997327422, 0.038366726161666836, 0.5280735514016504, 0.0009999608266512946], [0.1273330550942187, 0.27506182263128465, 0.0012217238341173154, 0.02480416319716554, 0.5705643089306989, 0.0010149263125149752], [0.7179778346556532, 0.21874784087132748, 0.0012483502735299926, 0.023922722543472375, 0.03707797308293094, 0.0010252785730859209], [0.06567915108620478, 0.1990560421239611, 0.0012795787574624606, 0.025749751901188757, 0.707186740515929, 0.0010487356152539642], [0.8421969781568062, 0.13326930468105955, 0.001981938368973147, 0.012842960630945992, 0.00852894043530507, 0.0011798777269099309], [0.0009952165126583192, 0.06064340415218538, 0.002040000290636798, 0.004080000581273596, 0.9310269356008984, 0.00121444286234753], [0.8416893053902268, 0.13399455149045866, 0.001981938368973147, 0.012842960630945992, 0.008311366392485342, 0.0011798777269099309], [0.09530655596635715, 0.20809087464482542, 0.0012772407631113784, 0.03290696333011398, 0.661371967679419, 0.0010463976161731142], [0.6861610972509709, 0.21901874949805425, 0.0012464269407434017, 0.03256582623410688, 0.0599845448429019, 0.0010233552332227873], [0.604833649887771, 0.27892521170192486, 0.0012069750766695174, 0.03736189211052528, 0.07667227138564355, 0.0009999998374659858], [0.1400723148400027, 0.30144183961981, 0.0012232770404499707, 0.04717321116886761, 0.5090728778226269, 0.001016479508242857], [0.000995519911642011, 0.000995519911642011, 0.000995519911642011, 0.000995519911642011, 0.000995519911642011, 0.99502240044179], [0.9950224004417905, 0.0009955199116420117, 0.0009955199116420117, 0.0009955199116420117, 0.0009955199116420117, 0.0009955199116420117], [0.5400366793492729, 0.19443156723516009, 0.17743412940938527, 0.04058441240232198, 0.046513217055620656, 0.0009999945482390565], [0.5317824330941296, 0.18715160164598943, 0.2091071225458931, 0.0331028832107488, 0.03785369532196267, 0.0010022641812763244], [0.9950224004417905, 0.0009955199116420117, 0.0009955199116420117, 0.0009955199116420117, 0.0009955199116420117, 0.0009955199116420117]], [[0.9950224004417905, 0.0009955199116420117, 0.0009955199116420117, 0.0009955199116420117, 0.0009955199116420117, 0.0009955199116420117], [0.7219075215411913, 0.12031813105350073, 0.10253091395790447, 0.020571257272852226, 0.03363019889512084, 0.0010419772794305652], [0.6739140608386542, 0.14143905658901637, 0.10347962749642421, 0.03774891084742316, 0.04238837950004242, 0.001029964728439636], [0.9950224004417905, 0.0009955199116420117, 0.0009955199116420117, 0.0009955199116420117, 0.0009955199116420117, 0.0009955199116420117], [0.9950224004417905, 0.0009955199116420117, 0.0009955199116420117, 0.0009955199116420117, 0.0009955199116420117, 0.0009955199116420117], [0.4864171389159348, 0.2000547059751779, 0.19826296190459028, 0.04493938990309032, 0.0693258456707298, 0.000999957630476875], [0.15354201172114937, 0.2087793803671515, 0.20714772676275386, 0.03609294440962235, 0.39343802891945884, 0.000999907819864198], [0.9950224004417905, 0.0009955199116420117, 0.0009955199116420117, 0.0009955199116420117, 0.0009955199116420117, 0.0009955199116420117], [0.9950224004417905, 0.0009955199116420117, 0.0009955199116420117, 0.0009955199116420117, 0.0009955199116420117, 0.0009955199116420117], [0.9950224004417905, 0.0009955199116420117, 0.0009955199116420117, 0.0009955199116420117, 0.0009955199116420117, 0.0009955199116420117], [0.5308947021964324, 0.1694448397142534, 0.18168680794654998, 0.03675695412153735, 0.08021672813322553, 0.0009999678880015747], [0.48418431150408614, 0.3895318461218895, 0.0011266993912648013, 0.04701781122756864, 0.07713937720426829, 0.0009999545509224979], [0.3237279210937923, 0.46761194061142825, 0.0010977772918478667, 0.04070520695607008, 0.1658572321819801, 0.0009999218648816558], [0.18154001855657825, 0.35186524768119454, 0.0010692222508202306, 0.036414574522657395, 0.4281110209226514, 0.0009999160660983158], [0.5156060784755165, 0.3446905606397947, 0.0011464130209029601, 0.0407652482816593, 0.09679173035134003, 0.0009999692307864176], [0.617022489344886, 0.2686081057795228, 0.0011894640541877054, 0.0302768226095891, 0.08190312911958518, 0.000999989092229249], [0.5217422097765692, 0.3534221719047366, 0.0011480812626586334, 0.03735372956517045, 0.08533383660496108, 0.0009999708859041927], [0.588123156294, 0.29983795837657157, 0.0011932376281235002, 0.0382838949233615, 0.07156175987381737, 0.0009999929041261827], [0.6062917190541541, 0.2769474965850478, 0.0012084063259936385, 0.03365523277570339, 0.0808958959824031, 0.0010012492766978984], [0.000995519911642011, 0.000995519911642011, 0.000995519911642011, 0.000995519911642011, 0.000995519911642011, 0.99502240044179], [0.000995519911642011, 0.000995519911642011, 0.000995519911642011, 0.000995519911642011, 0.000995519911642011, 0.99502240044179], [0.000995519911642011, 0.000995519911642011, 0.000995519911642011, 0.000995519911642011, 0.000995519911642011, 0.99502240044179], [0.5966076860223216, 0.27783984148501545, 0.0011902715733182769, 0.04063020130016577, 0.08273200968127221, 0.0009999899379066024], [0.5990900150585445, 0.27822096026470833, 0.0011929987424234834, 0.033511420351335634, 0.08698461