{"prediction": [[[0.9838171974656025, 0.01218295495666944, 0.000999961894432046, 0.000999961894432046, 0.000999961894432046, 0.000999961894432046], [0.9832932588683831, 0.012706900013520683, 0.0009999602795240856, 0.0009999602795240856, 0.0009999602795240856, 0.0009999602795240856], [0.9800315843002647, 0.01596861479488779, 0.000999950226211885, 0.000999950226211885, 0.000999950226211885, 0.000999950226211885], [0.9765080317626333, 0.019492110564135492, 0.0009999644183078008, 0.0009999644183078008, 0.0009999644183078008, 0.0009999644183078008], [0.9800315843002647, 0.01596861479488779, 0.000999950226211885, 0.000999950226211885, 0.000999950226211885, 0.000999950226211885], [0.9832932588683831, 0.012706900013520683, 0.0009999602795240856, 0.0009999602795240856, 0.0009999602795240856, 0.0009999602795240856], [0.9838171974656025, 0.01218295495666944, 0.000999961894432046, 0.000999961894432046, 0.000999961894432046, 0.000999961894432046], [0.9836547970904826, 0.0123453400682707, 0.0009999657103116734, 0.0009999657103116734, 0.0009999657103116734, 0.0009999657103116734], [0.9832932588683831, 0.012706900013520683, 0.0009999602795240856, 0.0009999602795240856, 0.0009999602795240856, 0.0009999602795240856], [0.9832932588683831, 0.012706900013520683, 0.0009999602795240856, 0.0009999602795240856, 0.0009999602795240856, 0.0009999602795240856], [0.9800315843002647, 0.01596861479488779, 0.000999950226211885, 0.000999950226211885, 0.000999950226211885, 0.000999950226211885], [0.9755288056074117, 0.02047133476788975, 0.0009999649061746435, 0.0009999649061746435, 0.0009999649061746435, 0.0009999649061746435], [0.9760080124890466, 0.019992021919795693, 0.0009999913977894615, 0.0009999913977894615, 0.0009999913977894615, 0.0009999913977894615], [0.9875400134880108, 0.008452809483988417, 0.0010017942570002085, 0.0010017942570002085, 0.0010017942570002085, 0.0010017942570002085], [0.9760080124890466, 0.019992021919795693, 0.0009999913977894615, 0.0009999913977894615, 0.0009999913977894615, 0.0009999913977894615], [0.9755288056074117, 0.02047133476788975, 0.0009999649061746435, 0.0009999649061746435, 0.0009999649061746435, 0.0009999649061746435], [0.9790580149780512, 0.016942182185644493, 0.0009999507090760957, 0.0009999507090760957, 0.0009999507090760957, 0.0009999507090760957], [0.9832932588683831, 0.012706900013520683, 0.0009999602795240856, 0.0009999602795240856, 0.0009999602795240856, 0.0009999602795240856], [0.9838171974656025, 0.01218295495666944, 0.000999961894432046, 0.000999961894432046, 0.000999961894432046, 0.000999961894432046], [0.9838171974656025, 0.01218295495666944, 0.000999961894432046, 0.000999961894432046, 0.000999961894432046, 0.000999961894432046], [0.9838171974656025, 0.01218295495666944, 0.000999961894432046, 0.000999961894432046, 0.000999961894432046, 0.000999961894432046], [0.9836547970904826, 0.0123453400682707, 0.0009999657103116734, 0.0009999657103116734, 0.0009999657103116734, 0.0009999657103116734], [0.9838171974656025, 0.01218295495666944, 0.000999961894432046, 0.000999961894432046, 0.000999961894432046, 0.000999961894432046], [0.9836547970904826, 0.0123453400682707, 0.0009999657103116734, 0.0009999657103116734, 0.0009999657103116734, 0.0009999657103116734], [0.9836547970904826, 0.0123453400682707, 0.0009999657103116734, 0.0009999657103116734, 0.0009999657103116734, 0.0009999657103116734], [0.9832932588683831, 0.012706900013520683, 0.0009999602795240856, 0.0009999602795240856, 0.0009999602795240856, 0.0009999602795240856], [0.9800315843002647, 0.01596861479488779, 0.000999950226211885, 0.000999950226211885, 0.000999950226211885, 0.000999950226211885], [0.9765080317626333, 0.019492110564135492, 0.0009999644183078008, 0.0009999644183078008, 0.0009999644183078008, 0.0009999644183078008], [0.9760080124890466, 0.019992021919795693, 0.0009999913977894615, 0.0009999913977894615, 0.0009999913977894615, 0.0009999913977894615], [0.9765080317626333, 0.019492110564135492, 0.0009999644183078008, 0.0009999644183078008, 0.0009999644183078008, 0.0009999644183078008], [0.9800315843002647, 0.01596861479488779, 0.000999950226211885, 0.000999950226211885, 0.000999950226211885, 0.000999950226211885], [0.9832932588683831, 0.012706900013520683, 0.0009999602795240856, 0.0009999602795240856, 0.0009999602795240856, 0.0009999602795240856], [0.9836547970904826, 0.0123453400682707, 0.0009999657103116734, 0.0009999657103116734, 0.0009999657103116734, 0.0009999657103116734], [0.9832932588683831, 0.012706900013520683, 0.0009999602795240856, 0.0009999602795240856, 0.0009999602795240856, 0.0009999602795240856], [0.9790580149780512, 0.016942182185644493, 0.0009999507090760957, 0.0009999507090760957, 0.0009999507090760957, 0.0009999507090760957], [0.9765080317626333, 0.019492110564135492, 0.0009999644183078008, 0.0009999644183078008, 0.0009999644183078008, 0.0009999644183078008], [0.9760080124890466, 0.019992021919795693, 0.0009999913977894615, 0.0009999913977894615, 0.0009999913977894615, 0.0009999913977894615], [0.9755288056074117, 0.02047133476788975, 0.0009999649061746435, 0.0009999649061746435, 0.0009999649061746435, 0.0009999649061746435], [0.9800315843002647, 0.01596861479488779, 0.000999950226211885, 0.000999950226211885, 0.000999950226211885, 0.000999950226211885], [0.9832932588683831, 0.012706900013520683, 0.0009999602795240856, 0.0009999602795240856, 0.0009999602795240856, 0.0009999602795240856]], [[0.9832932588683831, 0.012706900013520683, 0.0009999602795240856, 0.0009999602795240856, 0.0009999602795240856, 0.0009999602795240856], [0.8883261587641551, 0.06344537110206966, 0.03345742292768994, 0.004610808560760864, 0.009132944566586414, 0.0010272940787379307], [0.8557127792165644, 0.078602210653841, 0.04795484854263205, 0.00606411974563086, 0.010650840979558523, 0.0010152008617733282], [0.8209804729123688, 0.09476385826820362, 0.06335865560001622, 0.00728307106411228, 0.012590094544075043, 0.0010238476112241842], [0.8527050506713676, 0.08087984680236894, 0.04778123103228508, 0.007013408779541011, 0.010608769107898494, 0.0010116936065388672], [0.8812093802509268, 0.06660892192210133, 0.03498541986602194, 0.006350904623182194, 0.009822634979584898, 0.0010227383581829623], [0.9067820263880528, 0.05655367448293719, 0.021871019925125915, 0.005401628292982481, 0.008356964432459207, 0.0010346864784421715], [0.018990071511352628, 0.05384714410745956, 0.02040495819960949, 0.005252780424399483, 0.900492222267396, 0.0010128234897829257], [0.8775603035050626, 0.06784375044233106, 0.03558608417480626, 0.007733172583506481, 0.010255137723713798, 0.0010215515705798677], [0.8794824197170374, 0.06640845212997154, 0.034664024375838993, 0.007727673270040702, 0.010696575890473127, 0.0010208546166383665], [0.84991975536998, 0.08218488187728061, 0.049285859380708404, 0.007499255546707534, 0.010099498405245263, 0.0010107494200783061], [0.027982656918550185, 0.09520222833125153, 0.062245536092521876, 0.006818976764847651, 0.8067252895521365, 0.001025312340692303], [0.7432941918679816, 0.10262722904542995, 0.12072344993402107, 0.01055060684369527, 0.021804532908718734, 0.0009999894001534407], [0.9802802819820132, 0.015157746165900961, 0.00100351991915852, 0.0015514120946104194, 0.00100351991915852, 0.00100351991915852], [0.9885281953358909, 0.007117024357331467, 0.0013432988811008175, 0.001003827141892302, 0.001003827141892302, 0.001003827141892302], [0.033293324120680166, 0.09176654082951961, 0.05164476670717874, 0.006549849987397145, 0.8157171259205629, 0.0010283924346614092], [0.0265260471122258, 0.07667689549863542, 0.04700934628834091, 0.005264352446537632, 0.8435162616024094, 0.0010070970518508981], [0.8830892032072182, 0.06547483009277379, 0.036054354105203267, 0.004900013080195963, 0.009453913451401163, 0.0010276860632077258], [0.9112503081869333, 0.05372540596481082, 0.021127611463480616, 0.0039288055949580165, 0.008927936229837589, 0.0010399325599796685], [0.919741339106041, 0.04992045092536644, 0.016308908041541892, 0.003946755445421778, 0.009038202175328587, 0.0010443443063001948], [0.9182993407260234, 0.05006073237631487, 0.01716555579574758, 0.004929250853106327, 0.008504408655984282, 0.0010407115928235163], [0.01926260920275197, 0.04735847561015935, 0.015735256482745083, 0.0034834575747130993, 0.9131456949758588, 0.0010145061537715566], [0.9210569753160425, 0.04816177444894829, 0.01722108495382363, 0.003944798331930956, 0.008571503665805402, 0.0010438632834493683], [0.017389774145429242, 0.04547703366935826, 0.01662588477181552, 0.0035022538070245838, 0.9159854529954652, 0.001019600610907237], [0.020556605246800898, 0.05184405845910809, 0.021317913602491897, 0.0032067495523424613, 0.9020581767769776, 0.0010164963622788664], [0.9790580149780512, 0.016942182185644493, 0.0009999507090760957, 0.0009999507090760957, 0.0009999507090760957, 0.0009999507090760957], [0.9765080317626333, 0.019492110564135492, 0.0009999644183078008, 0.0009999644183078008, 0.0009999644183078008, 0.0009999644183078008], [0.8314551382610342, 0.0914208942649719, 0.05665498102405012, 0.0069926157212460305, 0.01245273054572307, 0.001023640182974786], [0.734401011693639, 0.10441151784476248, 0.12792534821312362, 0.01008896290670793, 0.02217317178113738, 0.0009999875606297947], [0.8233155109421534, 0.09353816064050498, 0.06177042512489492, 0.007286842619964571, 0.013064700203152906, 0.0010243604693292007], [0.8533218721263388, 0.07999146091504482, 0.04947617819787053, 0.006061415203143792, 0.010134316719970555, 0.0010147568376314832], [0.8793108313678109, 0.06804581330159315, 0.03593033759797383, 0.006356359864488, 0.009333061925490079, 0.0010235959426441186], [0.025863270786044952, 0.05262296508865397, 0.020975568835842836, 0.00812352384268248, 0.89140628011001, 0.0010083913367657856], [0.8774490789804534, 0.0700586000631142, 0.03578186583342343, 0.006343412941474765, 0.0093454815439064, 0.0010215606376276158], [0.023397710067628297, 0.08203891770016325, 0.048041283002288625, 0.00732649209356226, 0.8381875663697608, 0.0010080307665966237], [0.820557662002455, 0.09489375852508208, 0.0633337222873578, 0.007656176949312205, 0.012535212559307268, 0.0010234676764857987], [0.72639375573449, 0.10811810745761237, 0.13296269875815864, 0.010007466559593435, 0.021517991905155732, 0.0009999795849898368], [0.02795798448659792, 0.09523184806880927, 0.06228291612723723, 0.0068186967578336075, 0.8066832827028407, 0.001025271856681271], [0.8554716537346527, 0.08035091379926158, 0.0480039280841415, 0.005770918921249556, 0.009388809915842199, 0.0010137755448524574], [0.9800315843002647, 0.01596861479488779, 0.000999950226211885, 0.000999950226211885, 0.000999950226211885, 0.000999950226211885]], [[0.9800315843002647, 0.01596861479488779, 0.000999950226211885, 0.000999950226211885, 0.000999950226211885, 0.000999950226211885], [0.853294228658202, 0.07996060192554301, 0.04952770291767501, 0.006061085768920605, 0.010141677977607556, 0.0010147027520517801], [0.8189690778862772, 0.15829974654340237, 0.0010205403731006798, 0.008050999796341165, 0.012634848771467217, 0.001024786629411268], [0.04830238980819066, 0.21844856421967354, 0.0010152354653999805, 0.011660896374669735, 0.719553579229353, 0.0010193349027130085], [0.8174077985606804, 0.15828202346265527, 0.0010188239156833725, 0.009733671470200704, 0.012534612418786449, 0.0010230701719939608], [0.8504345589073037, 0.1276467931599699, 0.0010067522343822862, 0.008967235609987688, 0.010933491597003098, 0.0010111684913532487], [0.8724211924138997, 0.10517998828075287, 0.00100761755822823, 0.009399086264086169, 0.010979897487383606, 0.0010122179956495543], [0.8672934948447633, 0.10675055053136061, 0.0010056582505111305, 0.011042842058667027, 0.012897195626765603, 0.001010258687932455], [0.8479047791906443, 0.12695351418206052, 0.0010036904829932559, 0.01100065048854122, 0.012129258915796484, 0.0010081067399642183], [0.8466603239795905, 0.12856642282933395, 0.0010054241682789424, 0.011020415014298329, 0.0117375735832484, 0.0010098404252499049], [0.8159450540365172, 0.15666238300672475, 0.001016139830196984, 0.01131851703943468, 0.014037520000618899, 0.001020386086507572], [0.7437995812708025, 0.21659140309161234, 0.001179901228175168, 0.013742967821431255, 0.023676149847457924, 0.001009996740520946], [0.7082619635335629, 0.2505330312379566, 0.001013981601104483, 0.014430456147444709, 0.02476057320168209, 0.0009999942782493547], [0.6452484469526757, 0.13627811934611903, 0.17191437004916202, 0.014656864640742603, 0.030902239804469482, 0.0009999592068311522], [0.05721581270755695, 0.12454920742663923, 0.14287248877370515, 0.01174209330683055, 0.6626204107937229, 0.0009999869915451542], [0.9882664203261348, 0.007197864894534466, 0.0015248487601253371, 0.0010036220064018185, 0.0010036220064018185, 0.0010036220064018185], [0.9749387828011031, 0.021061250629150506, 0.0009999916424365959, 0.0009999916424365959, 0.0009999916424365959, 0.0009999916424365959], [0.8609971298645831, 0.07707170726131246, 0.04516128348520029, 0.005784995459406532, 0.00996867163836009, 0.0010162122911373669], [0.8794758642532852, 0.10292389684164585, 0.0010150915854296976, 0.0054943354176025675, 0.01007111987918549, 0.001019692022851022], [0.8950342545075987, 0.08918914597671265, 0.0010168185586907723, 0.005526446522164026, 0.008211926155616256, 0.0010214082792176084], [0.899748655112116, 0.08344854060169246, 0.0010166336501870531, 0.0060214497646029095, 0.008743497500687725, 0.0010212233707138892], [0.9026475594591774, 0.08094123688652008, 0.0010185380396309784, 0.0060337595174167185, 0.008335778337097111, 0.0010231277601578145], [0.8997502701198028, 0.08344623344785415, 0.001016633650187053, 0.006021449764602909, 0.00874418964683921, 0.001021223370713889], [0.8930621540999429, 0.09080294510046215, 0.001014704507082586, 0.006008980006994138, 0.008091922057908782, 0.0010192942276094222], [0.018728030887062135, 0.11074178312229652, 0.001003745910248705, 0.0068175312564533455, 0.8617005615919134, 0.0010083472320259104], [0.8565345895367403, 0.07912273646923099, 0.046852727187100596, 0.007249446054262558, 0.009225187466614744, 0.0010153132860508235], [0.9694435668332415, 0.023078672134240762, 0.002299204802766725, 0.00317857563394719, 0.0009999902979019747, 0.0009999902979019747], [0.7453366785376815, 0.10320304783151966, 0.11772100393180489, 0.011450073157741094, 0.021289208746301094, 0.000999987794951817], [0.7114780284297666, 0.2496567534294557, 0.000999993457915116, 0.012982279659092788, 0.02388295156585482, 0.000999993457915116], [0.7464858471838111, 0.21746422589077313, 0.0012016798704036242, 0.011018415152791332, 0.02281615075674961, 0.0010136811454711954], [0.026793104233231155, 0.15956095092294323, 0.0010193909857247828, 0.009721529064741077, 0.8018813867979085, 0.0010236379954512973], [0.8454629378642567, 0.1280270143337048, 0.001004183450053724, 0.011115772502952707, 0.013381492142007316, 0.0010085997070246864], [0.027508869359303204, 0.10330048673556579, 0.000999991096696715, 0.010710324100730783, 0.8564803376110068, 0.000999991096696715], [0.8466262091036614, 0.12485673843541817, 0.0010054715635083404, 0.011900883336866895, 0.014600809740065815, 0.0010098878204793029], [0.8137937271003051, 0.1609308694463178, 0.0010143919773046512, 0.010471784031997828, 0.012770589210459494, 0.0010186382336152394], [0.7453549610520916, 0.21716660939352325, 0.0010080853216630186, 0.01268516195559136, 0.022772997600660025, 0.0010121846764707964], [0.046998089242094386, 0.2585272713666662, 0.0010163619779742998, 0.013507531231168352, 0.6789343842041227, 0.0010163619779742998], [0.7446067127559162, 0.21979765616952168, 0.0011983929215301104, 0.010989325315216064, 0.022396947451120613, 0.0010109653866954465], [0.02795798448659792, 0.09523184806880927, 0.06228291612723723, 0.0068186967578336075, 0.8066832827028407, 0.001025271856681271], [0.9755288056074117, 0.02047133476788975, 0.0009999649061746435, 0.0009999649061746435, 0.0009999649061746435, 0.0009999649061746435]], [[0.9755288056074117, 0.02047133476788975, 0.0009999649061746435, 0.0009999649061746435, 0.0009999649061746435, 0.0009999649061746435], [0.027979266888114113, 0.09520144463807181, 0.06228291612723722, 0.006818696757833607, 0.8066924037320619, 0.001025271856681271], [0.7462006582335808, 0.21739267074332552, 0.0012012264273149487, 0.011387677110763675, 0.022804460985482895, 0.0010133064995321316], [0.7067766091658079, 0.25469853388942015, 0.00099998647211194, 0.014227445908844094, 0.02229743809170423, 0.00099998647211194], [0.7449405775164034, 0.21621461490223387, 0.0010068932609370465, 0.013448031735855027, 0.023378889968825887, 0.0010109926157448243], [0.8145740911255597, 0.1566600492722327, 0.0010146424636760536, 0.012424662580137464, 0.014307665838407532, 0.001018888719986642], [0.842776811956069, 0.12793628791884976, 0.001001268312459331, 0.01297492783922992, 0.01430501940396183, 0.0010056845694302935], [0.034044965056248065, 0.12497848687178328, 0.0009999920889256573, 0.01276296388977154, 0.8262136000043458, 0.0009999920889256573], [0.8107649314715838, 0.15647642984020466, 0.0010097355996259406, 0.013958954942399057, 0.016775966290250015, 0.0010139818559365289], [0.030500154551113323, 0.1593522838640269, 0.0010114903227625787, 0.013098884085835556, 0.7950214498437727, 0.0010157373324890932], [0.7451219821741653, 0.21137567080349434, 0.0010037770672003084, 0.01569812835455954, 0.02579256517857247, 0.0010078764220080862], [0.7115774364580002, 0.24206494171721918, 0.000999991409644843, 0.01706497076749225, 0.027292668237998637, 0.000999991409644843], [0.06467309318944635, 0.2784183165548304, 0.0010402458482907451, 0.018977879042305273, 0.6358481894117293, 0.0010422759533977941], [0.6419887345670398, 0.2964586164699052, 0.0010042294869522259, 0.01768789627455264, 0.04186052923979278, 0.0009999939617573734], [0.0009997363584237232, 0.02781010002598762, 0.1401706095644406, 0.00593232511402684, 0.0009997363584237232, 0.8240874925786975], [0.979837073859321, 0.014009467139529877, 0.001002708119542837, 0.003145334642520767, 0.001002708119542837, 0.001002708119542837], [0.9856188769799226, 0.008511519511153112, 0.0009999995653129732, 0.0028696048129854663, 0.0009999995653129732, 0.0009999995653129732], [0.9718363562936919, 0.02227317370981134, 0.0009999823999870705, 0.0028905227965355528, 0.0009999823999870705, 0.0009999823999870705], [0.8512476547855532, 0.08209145634470623, 0.04787166992052216, 0.00751126687978329, 0.010265645003227101, 0.001012307066207972], [0.02116588403262182, 0.10588789489274221, 0.0009999972020159186, 0.006772882378827352, 0.8641715409669554, 0.0010018005268373257], [0.894344874956186, 0.08929195453072844, 0.0010161724066982544, 0.006018468340108985, 0.00830776763905332, 0.0010207621272250904], [0.9011430457994536, 0.0810579158998017, 0.0010170493097532243, 0.006973402722348229, 0.008786947238363194, 0.0010216390302800603], [0.8932569296876096, 0.08906557673659325, 0.001014531014571282, 0.006782387637067042, 0.008861454189060813, 0.001019120735098118], [0.8735794597668058, 0.1069071450444283, 0.0010126301068323206, 0.007719716445633266, 0.009763818092046676, 0.0010172305442536448], [0.02311525313649455, 0.13073714411038156, 0.001005099717550154, 0.008910852385367363, 0.8352221338607293, 0.0010095167894770812], [0.8168880280262469, 0.15748599125044163, 0.0010176492128684332, 0.010506304967984584, 0.013080131073279594, 0.0010218954691790215], [0.745248177061072, 0.1031106545956958, 0.1178480444042499, 0.011452314024776195, 0.021340821928555173, 0.0009999879856510486], [0.8643156949904669, 0.12620597049385654, 0.0009998453098535166, 0.004318465710455485, 0.0009998453098535166, 0.0031601781855140035], [0.6628991015352826, 0.1351698873437141, 0.15567267703137808, 0.015247994220867159, 0.030010374285085854, 0.0009999655836722156], [0.7100198107199333, 0.25010144683498303, 0.0009999908929794433, 0.014259458188867993, 0.023619302470256735, 0.0009999908929794433], [0.7480975954169078, 0.20923288159438624, 0.0010095157366826176, 0.014393549509347629, 0.02625284265118519, 0.0010136150914903954], [0.8130762297989667, 0.15399328714250407, 0.0010136729146785007, 0.01335599909773686, 0.017542891875124953, 0.0010179191709890891], [0.8461757164094468, 0.1252230214932183, 0.0010052652353606686, 0.011945109014562054, 0.014641206355080448, 0.001009681492331631], [0.8105740368598915, 0.1568660123784385, 0.001010734992295994, 0.01397343046106843, 0.016560804059698862, 0.0010149812486065825], [0.053879597073143146, 0.21054201117670118, 0.0010134097412644997, 0.015757317414816233, 0.7177901554154973, 0.0010175091785775278], [0.7073794036804165, 0.25245525846061495, 0.0009999886419850292, 0.015011506761912898, 0.02315385381308544, 0.0009999886419850292], [0.67349754295931, 0.27612044941483127, 0.001000344069587933, 0.016755379601853183, 0.03162210060965626, 0.0010041833447614265], [0.7101086807182343, 0.2516129644459304, 0.000999993457915116, 0.012982279659092788, 0.023296088260912395, 0.000999993457915116], [0.7263024417293279, 0.10824855603641555, 0.13296269875815864, 0.010007466559593435, 0.021478857331514785, 0.0009999795849898372], [0.9760080124890466, 0.019992021919795693, 0.0009999913977894615, 0.0009999913977894615, 0.0009999913977894615, 0.0009999913977894615]], [[0.9760080124890466, 0.019992021919795693, 0.0009999913977894615, 0.0009999913977894615, 0.0009999913977894615, 0.0009999913977894615], [0.7283647723275214, 0.10538806287437671, 0.13334673498272762, 0.010395315077640495, 0.02150513247858869, 0.000999982259145239], [0.708624601577194, 0.2522842455274108, 0.0009999911589223989, 0.014261383928636111, 0.02282978664891453, 0.0009999911589223989], [0.059290515257683155, 0.28800217055481026, 0.0010404446650668004, 0.01818987485252085, 0.6324344602724308, 0.0010425343974882527], [0.7034046272797757, 0.25398434922509466, 0.0009999786990697352, 0.01664102371214834, 0.02397004238484178, 0.0009999786990697352], [0.744588731996111, 0.2112100996934379, 0.0010030513086415238, 0.016169253683485582, 0.02602171265487475, 0.0010071506634493016], [0.035241689759387504, 0.15432166604964145, 0.0010078591769871377, 0.014369347534325085, 0.7940473312929452, 0.0010121061867136522], [0.8106829984909678, 0.15559885605722662, 0.0010099477326518198, 0.014521314824792146, 0.01717268890539929, 0.001014193988962408], [0.7395847010061136, 0.20542417473713098, 0.0009999939070460607, 0.017885833346568528, 0.0351053030960948, 0.0009999939070460607], [0.07510194581991171, 0.2025932058223486, 0.0009999782168447844, 0.017838296476124935, 0.7024665954479252, 0.0009999782168447844], [0.05760445151371128, 0.24447705932465072, 0.0010038606708817912, 0.018466335692746895, 0.6774444321271275, 0.0010038606708817912], [0.6877388484466722, 0.2524747331738105, 0.0010114150257732398, 0.020467264900896252, 0.03729248415190095, 0.0010152543009467332], [0.6497590241032032, 0.28048962220019025, 0.0009999982276916652, 0.019409101263901603, 0.048342255977321544, 0.0009999982276916652], [0.37325748900893685, 0.4147060588533005, 0.0009999598928120668, 0.02719756527509555, 0.18283896707704306, 0.0009999598928120668], [0.6433439168201466, 0.2932413198611789, 0.000999987006786093, 0.018054015799479507, 0.04336077350562278, 0.000999987006786093], [0.0029537372319208073, 0.024242257367591582, 0.11969013551441053, 0.006252653963346384, 0.006744854121436066, 0.8401163618012946], [0.9792905864929189, 0.013779244722291445, 0.0010022763790993553, 0.003923339647491726, 0.0010022763790993553, 0.0010022763790993553], [0.98370945019382, 0.00947912484974039, 0.0009999950975666829, 0.0038114396637395605, 0.0009999950975666829, 0.0009999950975666829], [0.8277095111205618, 0.09261271279776309, 0.05511025170170875, 0.009990308170044421, 0.013548522097194352, 0.0010286941127276876], [0.8492648359793584, 0.1284773512931807, 0.001008118063663425, 0.009151342172625984, 0.011085818170536976, 0.0010125343206343874], [0.8726273161407463, 0.10650325643386396, 0.001011334950507497, 0.008361958774749878, 0.01048019831220364, 0.001015935387928821], [0.02105057013766746, 0.08671413967888555, 0.0009999917202861638, 0.008900418918158036, 0.8813348878247167, 0.0009999917202861638], [0.8724783141519956, 0.1067161164177935, 0.001011334950507497, 0.008361958774749878, 0.01041634031702478, 0.001015935387928821], [0.849358573242853, 0.12750948515870625, 0.0010056645337550934, 0.0096086470756448, 0.011507549198314853, 0.0010100807907260558], [0.8112908201230318, 0.16069676997276577, 0.0010114912259655065, 0.012384548173936954, 0.013600633022023828, 0.0010157374822760948], [0.7448500633769216, 0.2158773442904514, 0.001006690050764601, 0.013618111396090458, 0.02363700148019958, 0.0010107894055723789], [0.7090660624118674, 0.24979951107845083, 0.0009999886072340836, 0.015181971679482867, 0.023952477615730702, 0.0009999886072340836], [0.666054035921971, 0.13468815423871822, 0.15173636228151915, 0.016068836396365166, 0.03045264186899932, 0.0009999692924273038], [0.8092771929816821, 0.1799978974706675, 0.000999832959428106, 0.005596346673029876, 0.000999832959428106, 0.003128896955764241], [0.6688870358397475, 0.13102110281147147, 0.14791797117391017, 0.017242582330219733, 0.03393133715134812, 0.0009999706933029454], [0.7126438758688646, 0.24030657653961288, 0.0009999910399776087, 0.0172326808040517, 0.027816884707515675, 0.0009999910399776087], [0.7472543892807534, 0.20792781916786832, 0.0010053500707157754, 0.0157231965298143, 0.027079795525324534, 0.0010094494255235532], [0.7969250363427643, 0.15581013067640195, 0.000999993660037473, 0.01487129221804586, 0.030393553442712943, 0.000999993660037473], [0.05710249452658541, 0.2116057543508597, 0.001002949995816366, 0.016299563716610115, 0.7129821879769991, 0.0010070494331293942], [0.05500415872496116, 0.24788619296725334, 0.001005424211947193, 0.018078616891248768, 0.6770201829926422, 0.001005424211947193], [0.6758472203057538, 0.2658908360038781, 0.001001385019821088, 0.01982270135172805, 0.03643263302382438, 0.0010052242949945812], [0.6405637325111629, 0.3000618917386245, 0.0009999900822852288, 0.016574162461507315, 0.0408002331241349, 0.0009999900822852288], [0.6737088790412377, 0.27581854072636325, 0.001000344069587933, 0.016755379601853183, 0.031712673216196655, 0.0010041833447614265], [0.0512666473257414, 0.12861789357351666, 0.15622531291787922, 0.012247997781377248, 0.6506421644538827, 0.000999983947602842], [0.986475838761018, 0.009448069276065141, 0.0010696668137836524, 0.001002141716377774, 0.001002141716377774, 0.001002141716377774]], [[0.9875400134880108, 0.008452809483988417, 0.0010017942570002085, 0.0010017942570002085, 0.0010017942570002085, 0.0010017942570002085], [0.6892811370525141, 0.12522889506545204, 0.1491556954944741, 0.013280326119334005, 0.02205398405296621, 0.000999962215259447], [0.6726604038320607, 0.27477866103903736, 0.0009999982385637382, 0.0174896698647425, 0.03306958555158044, 0.0010016814740152048], [0.6348138651224983, 0.30470629362280294, 0.0009999784310771123, 0.017854074263872633, 0.04062581012867197, 0.0009999784310771123], [0.06268528216847663, 0.2828421033413121, 0.0010408507746376985, 0.020434518441544088, 0.6319541829702175, 0.0010430623038118502], [0.050623287075603124, 0.23635622162719924, 0.0010154486303726518, 0.01781284730801694, 0.6931767467284353, 0.0010154486303726518], [0.7484608279003265, 0.19689354714818913, 0.0010031100629079275, 0.01817234914202022, 0.03446295632884047, 0.0010072094177157054], [0.0740040415929935, 0.19362873835414568, 0.001002828412335715, 0.0181735927522716, 0.7121838710386048, 0.001006927849648743], [0.7318892602865023, 0.2193486604615326, 0.0010086948909770806, 0.018552713547890072, 0.028188023451233588, 0.0010126473618643295], [0.07605778880583923, 0.19047126491336505, 0.0009999957684205143, 0.018042828178616303, 0.7134281265653384, 0.0009999957684205143], [0.0759606911715125, 0.19061035974427293, 0.000999994775255459, 0.018033531103259663, 0.713395428430444, 0.000999994775255459], [0.7188683354539692, 0.22419920474495075, 0.0009999952730403666, 0.019611038260235344, 0.035321430994763946, 0.0009999952730403666], [0.6970924279245662, 0.23002735809383626, 0.0010199557048014775, 0.02131611068800957, 0.04952035260881161, 0.001023794979974971], [0.6618495538306164, 0.26612178632739775, 0.0010085831237599172, 0.019725063482843152, 0.050283042790375994, 0.0010119704450067427], [0.6972159566122703, 0.24291929248408034, 0.0010201818043874035, 0.019873376422384917, 0.03794717159731615, 0.001024021079560897], [0.7240494065491314, 0.23100917669939514, 0.001002667685246871, 0.016622684310122936, 0.026309444599969537, 0.00100662015613412], [0.000999809446545615, 0.018151948886858137, 0.10273162561400996, 0.005750699292606007, 0.000999809446545615, 0.8713661073134347], [0.8289765733581745, 0.090902970331827, 0.05485408887597253, 0.010112752331981504, 0.014122352429544321, 0.0010312626725000936], [0.8527604878406624, 0.12422723758057767, 0.001005611122371241, 0.00919825076642404, 0.011798385310622593, 0.0010100273793422034], [0.8724383417959147, 0.10683475826506786, 0.001006645316615888, 0.007913804927379081, 0.01079520394098539, 0.0010112457540372125], [0.8859658047521506, 0.09113710831747726, 0.001005493540391697, 0.009382125774436829, 0.011499384354625164, 0.001010083260918533], [0.8701000172751506, 0.10778419369597443, 0.0010075823859967189, 0.008474052331963779, 0.011621971487496394, 0.0010121828234180433], [0.8508217574203958, 0.1243952199675912, 0.0010036878037347715, 0.010275542453861716, 0.012495688293710588, 0.001008104060705734], [0.8191669480514732, 0.1500161471383816, 0.001017211275024237, 0.01347677378445476, 0.015301462219331513, 0.0010214575313348252], [0.05101471268760263, 0.20366207164317512, 0.0010215879011643187, 0.015602008371543359, 0.7276739320580372, 0.0010256873384773468], [0.721295148436655, 0.2345996762042664, 0.0010028151648454559, 0.01650125087807498, 0.025594341680425514, 0.0010067676357327048], [0.687993106483688, 0.25882699196862075, 0.0010123391332839903, 0.01766529117165159, 0.033486092834298015, 0.0010161784084574837], [0.6573982769568394, 0.28121127181506456, 0.0010054283405619097, 0.016720617580322627, 0.04265653580319931, 0.0010078695040122568], [0.4238138045864305, 0.15608065656462067, 0.19784536838415911, 0.026089362083968455, 0.19465044234912127, 0.001520366031700081], [0.9226007269396447, 0.06592740963591072, 0.003126767381648364, 0.006171381898744589, 0.0011658917916756465, 0.0010078223523759759], [0.07267070274490299, 0.1305331624754451, 0.16335959644862763, 0.020135603068526416, 0.6123009502055106, 0.0009999850569872625], [0.08372613078999361, 0.22009445310251297, 0.0009999838626624093, 0.01848620603353189, 0.6756932423486369, 0.0009999838626624093], [0.7430102567414172, 0.2001016586848317, 0.0009999976114294187, 0.01662086464241384, 0.038265513934043344, 0.0010017083858644082], [0.08334833961781016, 0.2187602862283855, 0.0009999866312743351, 0.01920654961618424, 0.6766848512750715, 0.0009999866312743351], [0.6978802141724734, 0.2419114478963026, 0.0010212068447635896, 0.020632003273571824, 0.03753008169295152, 0.001025046119937083], [0.6471072336923599, 0.28611674208564103, 0.0009999995076044141, 0.019311703928028816, 0.045464148195871065, 0.0010001725904947585], [0.36713103080965925, 0.4226678266694695, 0.000999952737231631, 0.027452012186510163, 0.18074922485989792, 0.000999952737231631], [0.6412402121084102, 0.300076387278102, 0.0009999920251331385, 0.016594805310348373, 0.0400886112528731, 0.0009999920251331385], [0.6418758098828068, 0.13539756233355169, 0.17690222728245986, 0.015292485827837822, 0.02953195973727705, 0.000999954936066929], [0.9814717670026463, 0.01396137179699701, 0.001004461841636376, 0.0015534756754476834, 0.001004461841636376, 0.001004461841636376]], [[0.9814717670026463, 0.01396137179699701, 0.001004461841636376, 0.0015534756754476834, 0.001004461841636376, 0.001004461841636376], [0.6490676862421466, 0.13570688889541946, 0.1679994774132208, 0.015418874078636489, 0.030807112515761022, 0.0009999608548157174], [0.6395735248564659, 0.2984172220045175, 0.0009999864632098691, 0.017610889656446766, 0.0423983905561503, 0.0009999864632098691], [0.36381106047521944, 0.4295141654462981, 0.0009999376100711475, 0.02738573123055711, 0.1772891676277831, 0.0009999376100711475], [0.6480008835567886, 0.28722948490729644, 0.0010004889379268233, 0.019271738919604094, 0.043495954951863765, 0.001001448726520315], [0.6912643294844836, 0.24324878715478454, 0.0010158524781375756, 0.021124079684329666, 0.04232725944495358, 0.001019691753311069], [0.7243825607402661, 0.21572320413709362, 0.0009999792796721327, 0.018871268261184394, 0.03902300830211169, 0.0009999792796721327], [0.09760385322730702, 0.20157887231583338, 0.0009999797447579068, 0.019429284220489812, 0.6793880307468542, 0.0009999797447579068], [0.7069705531044842, 0.22602633875523537, 0.0010065348409017826, 0.021309412288268582, 0.0436767868950349, 0.001010374116075276], [0.068153712125199, 0.21212704814148448, 0.001007027824644586, 0.018457815456149385, 0.699247368627878, 0.001007027824644586], [0.7576515325758406, 0.18261369645932743, 0.000999977214529492, 0.01788297682858633, 0.039851839707186615, 0.000999977214529492], [0.0939307036059499, 0.18084326181934332, 0.0009999725331176269, 0.017896832695901137, 0.7053292568125704, 0.0009999725331176269], [0.719946615297099, 0.22188312929865892, 0.0009999788397846254, 0.020323497837416177, 0.03584679988725679, 0.0009999788397846254], [0.7147854017462496, 0.21272997211395817, 0.0010118586266773958, 0.021020316180899543, 0.04943675343036445, 0.0010156979018508892], [0.7368078193074648, 0.20716346915098013, 0.0009999968552543397, 0.018544796868463095, 0.03548311324978593, 0.0010008045680518658], [0.7664860788011816, 0.18792860244196483, 0.0010083582359729372, 0.015717382186621186, 0.027847120743478757, 0.001012457590780715], [0.03847763530907389, 0.14281901263825222, 0.0010170582884037123, 0.012759035941824124, 0.8039059525243157, 0.0010213052981302268], [0.027332846952821697, 0.12428653286540595, 0.0010015248790636378, 0.01062856928777573, 0.8357445840639426, 0.0010059419509905652], [0.8723916301263301, 0.10559688716038115, 0.0010115068796737693, 0.008384376685976969, 0.011599491830542945, 0.0010161073170950935], [0.8906857173428399, 0.08893436659030296, 0.0010123062642180677, 0.007725526857288721, 0.01062518696060556, 0.001016895984744904], [0.8981504644349626, 0.08088066717283367, 0.0010140139952697538, 0.00822918764196339, 0.010707063039173863, 0.0010186037157965898], [0.8875045858450807, 0.08915548204220496, 0.0010082009296823187, 0.009785835300771779, 0.011533105232050988, 0.001012790650209155], [0.8682804197814719, 0.10669070960659677, 0.0010074567286907344, 0.01058558040571955, 0.01242377631140913, 0.0010120571661120588], [0.03014314221339941, 0.12531730478135178, 0.000999995595797676, 0.01192329155759314, 0.8306162574059108, 0.0010000084459470975], [0.03889396448916957, 0.14663902312395266, 0.0010121544355996728, 0.01360065531920745, 0.7988378011867444, 0.0010164014453261873], [0.7605611697595533, 0.19795131964927876, 0.0010042956102288003, 0.01505548250905063, 0.024419337506851643, 0.0010083949650365781], [0.05769940181074402, 0.23143379044608522, 0.0010134191866338056, 0.01684503629240586, 0.6919949330774974, 0.0010134191866338056], [0.6986514413637145, 0.24300342678551626, 0.0010046265244687417, 0.0193460400468478, 0.03698599947981055, 0.001008465799642235], [0.6393954719589583, 0.151984630563243, 0.14833247200146832, 0.016631940316498582, 0.04265552613508671, 0.0009999590247451136], [0.9817944119389415, 0.006772782527455321, 0.0010071770536300866, 0.006016956234054952, 0.003401495192288182, 0.0010071770536300866], [0.704086623212316, 0.11439610428555015, 0.130738716446448, 0.016433215557511004, 0.03334537871053278, 0.0009999617876421479], [0.7580351609746718, 0.19080533523787685, 0.0009999976448837097, 0.016583022327255028, 0.032574741941565684, 0.0010017418737468433], [0.7270650302034861, 0.21145572490213183, 0.0009999699256095047, 0.018343547777726874, 0.041135757265436224, 0.0009999699256095047], [0.7585103775282345, 0.1875862815691752, 0.0009999986928359169, 0.01742256794022399, 0.03447798339132821, 0.0010027908782021284], [0.7210905756274968, 0.22130373414379967, 0.000999998482208142, 0.019152744194478898, 0.03645051439677813, 0.0010024331552383008], [0.686487819193903, 0.25271373437579786, 0.0010101504430356718, 0.020826791333105665, 0.03794751493594869, 0.0010139897182091652], [0.06671781226657764, 0.32243298063044695, 0.001038311037589401, 0.019457303996650292, 0.5893152810311464, 0.001038311037589401], [0.058788902463883054, 0.29221816467219613, 0.0010342830076919814, 0.0191887202129556, 0.6277354048402373, 0.0010345248030359244], [0.6814195122981641, 0.12940895985360995, 0.15392682180505815, 0.013163953757697099, 0.021080796367473294, 0.000999955917997389], [0.9875400134880108, 0.008452809483988417, 0.0010017942570002085, 0.0010017942570002085, 0.0010017942570002085, 0.0010017942570002085]], [[0.9875400134880108, 0.008452809483988417, 0.0010017942570002085, 0.0010017942570002085, 0.0010017942570002085, 0.0010017942570002085], [0.6901714354925953, 0.12489220423043479, 0.1464528693862185, 0.01399815816946769, 0.023485369559556026, 0.0009999631617278204], [0.671037320714832, 0.27422551511921756, 0.0009999939209323872, 0.018948244542092173, 0.03378893178199356, 0.0009999939209323872], [0.06990895398264772, 0.31011513643793887, 0.001050828145474375, 0.019764332471155745, 0.5981070159701929, 0.0010537329925903438], [0.6726155860801446, 0.26411116738267204, 0.0009999937415300893, 0.02057172727373355, 0.040701531780389655, 0.0009999937415300893], [0.7175004680234381, 0.22192880141710478, 0.000999996993146994, 0.019211412897674182, 0.03935837806949206, 0.00100094259914386], [0.730662342875146, 0.20766252999224932, 0.0009999801107123435, 0.01937869972398972, 0.040296467187190474, 0.0009999801107123435], [0.7031047135636838, 0.2304703413828686, 0.0010047974222931867, 0.021202102990919805, 0.043209407942767994, 0.0010086366974666802], [0.6879990982929293, 0.24226015046682392, 0.0010104718469877948, 0.019808206107709052, 0.04790789129426796, 0.0010141819912820398], [0.717528119893395, 0.21338859109944985, 0.001011334580444207, 0.021340574456924003, 0.04571620611416902, 0.0010151738556177005], [0.7439631536760715, 0.19346420396084268, 0.0009999863882158469, 0.019380226679661144, 0.041192442906993, 0.0009999863882158469], [0.7329903606597284, 0.200025622713563, 0.0009999806114290315, 0.019501639930108953, 0.045482415473741586, 0.0009999806114290315], [0.7112534694373366, 0.21115077774654145, 0.0010096823780758473, 0.021574547342109313, 0.05399800144268754, 0.0010135216532493406], [0.7289875953185907, 0.21261199628768374, 0.0009999771819941285, 0.020234742102388133, 0.03616571192734928, 0.0009999771819941285], [0.08257076790484784, 0.17719256305883513, 0.000999992630311955, 0.01755025808068099, 0.7206864256950123, 0.000999992630311955], [0.8303382562483425, 0.12777397759711737, 0.0010120508752330594, 0.014460288575377135, 0.02539912957238637, 0.0010162971315436477], [0.8489891520632127, 0.12242008422600195, 0.0010035614779336172, 0.011998004998815395, 0.014581219499131857, 0.0010079777349045796], [0.8706155031655421, 0.10483016006528761, 0.0010096365348539152, 0.009969243007429475, 0.01256122025461147, 0.0010142369722752392], [0.8882434991144688, 0.08883629195248251, 0.001009677866898736, 0.00930479845031408, 0.01159146502841039, 0.0010142675874255723], [0.018336968525438545, 0.07840100965594364, 0.0009999829759619547, 0.007894867013932896, 0.8933671888527611, 0.0009999829759619547], [0.018306057534660403, 0.08792963055893205, 0.0009999859307828847, 0.007907762681096199, 0.8838565773637457, 0.0009999859307828847], [0.8667854312154425, 0.10855212122029961, 0.0010056523898455477, 0.010496685100693121, 0.012149857246452298, 0.0010102528272668719], [0.8669465513766962, 0.1032793502597205, 0.0010062161292670774, 0.012166573224853556, 0.015590492442774311, 0.0010108165666884016], [0.848972341956425, 0.12327318228228998, 0.0010022902089196323, 0.012102485239638656, 0