{
  "prediction": [
    [
      [
        0.9950224004417905,
        0.0009955199116420117,
        0.0009955199116420117,
        0.0009955199116420117,
        0.0009955199116420117,
        0.0009955199116420117
      ],
      [
        0.9950224004417905,
        0.0009955199116420117,
        0.0009955199116420117,
        0.0009955199116420117,
        0.0009955199116420117,
        0.0009955199116420117
      ],
      [
        0.9950224004417905,
        0.0009955199116420117,
        0.0009955199116420117,
        0.0009955199116420117,
        0.0009955199116420117,
        0.0009955199116420117
      ],
      [
        0.9950224004417905,
        0.0009955199116420117,
        0.0009955199116420117,
        0.0009955199116420117,
        0.0009955199116420117,
        0.0009955199116420117
      ],
      [
        0.9950224004417905,
        0.0009955199116420117,
        0.0009955199116420117,
        0.0009955199116420117,
        0.0009955199116420117,
        0.0009955199116420117
      ],
      [
        0.9950224004417905,
        0.0009955199116420117,
        0.0009955199116420117,
        0.0009955199116420117,
        0.0009955199116420117,
        0.0009955199116420117
      ],
      [
        0.9950224004417905,
        0.0009955199116420117,
        0.0009955199116420117,
        0.0009955199116420117,
        0.0009955199116420117,
        0.0009955199116420117
      ],
      [
        0.9950224004417905,
        0.0009955199116420117,
        0.0009955199116420117,
        0.0009955199116420117,
        0.0009955199116420117,
        0.0009955199116420117
      ],
      [
        0.9950224004417905,
        0.0009955199116420117,
        0.0009955199116420117,
        0.0009955199116420117,
        0.0009955199116420117,
        0.0009955199116420117
      ],
      [
        0.9950224004417905,
        0.0009955199116420117,
        0.0009955199116420117,
        0.0009955199116420117,
        0.0009955199116420117,
        0.0009955199116420117
      ],
      [
        0.9950224004417905,
        0.0009955199116420117,
        0.0009955199116420117,
        0.0009955199116420117,
        0.0009955199116420117,
        0.0009955199116420117
      ],
      [
        0.9950224004417905,
        0.0009955199116420117,
        0.0009955199116420117,
        0.0009955199116420117,
        0.0009955199116420117,
        0.0009955199116420117
      ],
      [
        0.9950224004417905,
        0.0009955199116420117,
        0.0009955199116420117,
        0.0009955199116420117,
        0.0009955199116420117,
        0.0009955199116420117
      ],
      [
        0.9950224004417905,
        0.0009955199116420117,
        0.0009955199116420117,
        0.0009955199116420117,
        0.0009955199116420117,
        0.0009955199116420117
      ],
      [
        0.9950224004417905,
        0.0009955199116420117,
        0.0009955199116420117,
        0.0009955199116420117,
        0.0009955199116420117,
        0.0009955199116420117
      ],
      [
        0.9950224004417905,
        0.0009955199116420117,
        0.0009955199116420117,
        0.0009955199116420117,
        0.0009955199116420117,
        0.0009955199116420117
      ],
      [
        0.9950224004417905,
        0.0009955199116420117,
        0.0009955199116420117,
        0.0009955199116420117,
        0.0009955199116420117,
        0.0009955199116420117
      ],
      [
        0.9950224004417905,
        0.0009955199116420117,
        0.0009955199116420117,
        0.0009955199116420117,
        0.0009955199116420117,
        0.0009955199116420117
      ],
      [
        0.9950224004417905,
        0.0009955199116420117,
        0.0009955199116420117,
        0.0009955199116420117,
        0.0009955199116420117,
        0.0009955199116420117
      ],
      [
        0.9950224004417905,
        0.0009955199116420117,
        0.0009955199116420117,
        0.0009955199116420117,
        0.0009955199116420117,
        0.0009955199116420117
      ],
      [
        0.9950224004417905,
        0.0009955199116420117,
        0.0009955199116420117,
        0.0009955199116420117,
        0.0009955199116420117,
        0.0009955199116420117
      ],
      [
        0.9950224004417905,
        0.0009955199116420117,
        0.0009955199116420117,
        0.0009955199116420117,
        0.0009955199116420117,
        0.0009955199116420117
      ],
      [
        0.9950224004417905,
        0.0009955199116420117,
        0.0009955199116420117,
        0.0009955199116420117,
        0.0009955199116420117,
        0.0009955199116420117
      ],
      [
        0.9950224004417905,
        0.0009955199116420117,
        0.0009955199116420117,
        0.0009955199116420117,
        0.0009955199116420117,
        0.0009955199116420117
      ],
      [
        0.9950224004417905,
        0.0009955199116420117,
        0.0009955199116420117,
        0.0009955199116420117,
        0.0009955199116420117,
        0.0009955199116420117
      ],
      [
        0.9950224004417905,
        0.0009955199116420117,
        0.0009955199116420117,
        0.0009955199116420117,
        0.0009955199116420117,
        0.0009955199116420117
      ],
      [
        0.9950224004417905,
        0.0009955199116420117,
        0.0009955199116420117,
        0.0009955199116420117,
        0.0009955199116420117,
        0.0009955199116420117
      ],
      [
        0.9950224004417905,
        0.0009955199116420117,
        0.0009955199116420117,
        0.0009955199116420117,
        0.0009955199116420117,
        0.0009955199116420117
      ],
      [
        0.9950224004417905,
        0.0009955199116420117,
        0.0009955199116420117,
        0.0009955199116420117,
        0.0009955199116420117,
        0.0009955199116420117
      ],
      [
        0.9950224004417905,
        0.0009955199116420117,
        0.0009955199116420117,
        0.0009955199116420117,
        0.0009955199116420117,
        0.0009955199116420117
      ],
      [
        0.9950224004417905,
        0.0009955199116420117,
        0.0009955199116420117,
        0.0009955199116420117,
        0.0009955199116420117,
        0.0009955199116420117
      ],
      [
        0.9950224004417905,
        0.0009955199116420117,
        0.0009955199116420117,
        0.0009955199116420117,
        0.0009955199116420117,
        0.0009955199116420117
      ],
      [
        0.9950224004417905,
        0.0009955199116420117,
        0.0009955199116420117,
        0.0009955199116420117,
        0.0009955199116420117,
        0.0009955199116420117
      ],
      [
        0.9950224004417905,
        0.0009955199116420117,
        0.0009955199116420117,
        0.0009955199116420117,
        0.0009955199116420117,
        0.0009955199116420117
      ],
      [
        0.9950224004417905,
        0.0009955199116420117,
        0.0009955199116420117,
        0.0009955199116420117,
        0.0009955199116420117,
        0.0009955199116420117
      ],
      [
        0.9950224004417905,
        0.0009955199116420117,
        0.0009955199116420117,
        0.0009955199116420117,
        0.0009955199116420117,
        0.0009955199116420117
      ],
      [
        0.9950224004417905,
        0.0009955199116420117,
        0.0009955199116420117,
        0.0009955199116420117,
        0.0009955199116420117,
        0.0009955199116420117
      ],
      [
        0.9950224004417905,
        0.0009955199116420117,
        0.0009955199116420117,
        0.0009955199116420117,
        0.0009955199116420117,
        0.0009955199116420117
      ],
      [
        0.9950224004417905,
        0.0009955199116420117,
        0.0009955199116420117,
        0.0009955199116420117,
        0.0009955199116420117,
        0.0009955199116420117
      ],
      [
        0.9950224004417905,
        0.0009955199116420117,
        0.0009955199116420117,
        0.0009955199116420117,
        0.0009955199116420117,
        0.0009955199116420117
      ]
    ],
    [
      [
        0.9950224004417905,
        0.0009955199116420117,
        0.0009955199116420117,
        0.0009955199116420117,
        0.0009955199116420117,
        0.0009955199116420117
      ],
      [
        0.9945155665497512,
        0.0009999305435246075,
        0.0009999305435246075,
        0.0009999305435246075,
        0.0012391121372511379,
        0.0012455296824238815
      ],
      [
        0.9945181274186962,
        0.0009999392381111315,
        0.0009999392381111315,
        0.0009999392381111315,
        0.0012365143544287554,
        0.0012455405125416956
      ],
      [
        0.9944963487504621,
        0.001031134212296257,
        0.000999939433933087,
        0.000999939433933087,
        0.001227097412914779,
        0.0012455407564606954
      ],
      [
        0.9950224004417905,
        0.0009955199116420117,
        0.0009955199116420117,
        0.0009955199116420117,
        0.0009955199116420117,
        0.0009955199116420117
      ],
      [
        0.9950224004417905,
        0.0009955199116420117,
        0.0009955199116420117,
        0.0009955199116420117,
        0.0009955199116420117,
        0.0009955199116420117
      ],
      [
        0.01632175437484408,
        0.0046091180686924195,
        0.0011735881129925805,
        0.0015568459000926604,
        0.9752784396449605,
        0.0010602538984178463
      ],
      [
        0.9799096360652126,
        0.005692412480635852,
        0.0013459383380429995,
        0.002768777703330062,
        0.009204578351057794,
        0.0010786570617206026
      ],
      [
        0.016406319063009277,
        0.001653970186452823,
        0.006585796310920785,
        0.0027688174984126217,
        0.9715063886293047,
        0.0010787083118997862
      ],
      [
        0.9848981166085494,
        0.002096118039414926,
        0.0013172106041106477,
        0.0015568089336840943,
        0.009071539399280296,
        0.0010602064149606426
      ],
      [
        0.975301847961811,
        0.008401304394467273,
        0.0018455491409783632,
        0.0017240090180723321,
        0.011683634794449432,
        0.001043654690221631
      ],
      [
        0.02822157538961062,
        0.003553565462516861,
        0.002972388056079685,
        0.0015580422365404053,
        0.9626335768001596,
        0.001060852055092796
      ],
      [
        0.018829274348647777,
        0.004586818915763713,
        0.0011959443282283204,
        0.0009999718251193957,
        0.9733099096245481,
        0.0010780809576927777
      ],
      [
        0.9852602538643159,
        0.0020912131621978153,
        0.001945588862954516,
        0.0009999728216098672,
        0.008453399676268587,
        0.001249571612653173
      ],
      [
        0.985293773885341,
        0.002043327417876383,
        0.0019455888629545165,
        0.0009999728216098674,
        0.008467765399565019,
        0.0012495716126531733
      ],
      [
        0.011640697127061901,
        0.0034144000409011867,
        0.0029928997054978826,
        0.0009999724306199375,
        0.9798733521241174,
        0.0010786785718017956
      ],
      [
        0.9782825290216215,
        0.004512929070605748,
        0.0031160107404528533,
        0.0015580053702264267,
        0.01146972115728414,
        0.0010608046398094245
      ],
      [
        0.9698335884743947,
        0.006095588746976279,
        0.00244554809515831,
        0.002924006728576798,
        0.017657015017754372,
        0.0010442529371394876
      ],
      [
        0.9591299873585749,
        0.003719145511916037,
        0.0035997830785371512,
        0.0041039907380835995,
        0.02841874207284578,
        0.0010283512400426026
      ],
      [
        0.9478233918998871,
        0.006455993142233548,
        0.005077299094479676,
        0.003068728708617583,
        0.03656072813920456,
        0.0010138590155776737
      ],
      [
        0.9651491497409418,
        0.00488200695755296,
        0.007196186976782518,
        0.0017063886812037463,
        0.020037916363884703,
        0.0010283512796344487
      ],
      [
        0.9674443526094872,
        0.004884835502348214,
        0.0060419519142516954,
        0.001725205475796282,
        0.018859401572974385,
        0.0010442529251421823
      ],
      [
        0.9794548330447546,
        0.005749584568720146,
        0.0031160106148152475,
        0.002756806502561685,
        0.007861960651054066,
        0.001060804618094215
      ],
      [
        0.9752615742674973,
        0.004866022953166697,
        0.001845549139689262,
        0.0017240090168681257,
        0.015259189933286014,
        0.0010436546894926466
      ],
      [
        0.9771005289772894,
        0.0032901275959095863,
        0.005513612974313658,
        0.001558005298701591,
        0.011476920541619185,
        0.0010608046121665074
      ],
      [
        0.020023941329122358,
        0.0022164818612884123,
        0.0029928997358095338,
        0.000999972440747512,
        0.9726880260503057,
        0.0010786785827264947
      ],
      [
        0.9823216761696999,
        0.002036725301554098,
        0.0019446869203356022,
        0.0009999723012185612,
        0.011618312123291608,
        0.0010786271839003088
      ],
      [
        0.9891121459156881,
        0.0014723757574894416,
        0.0013166136317075967,
        0.0015556149368787283,
        0.005483640328080207,
        0.0010596094301560729
      ],
      [
        0.9853024282658057,
        0.0015078910187329953,
        0.001345341309574235,
        0.003962800447605629,
        0.006803478914963712,
        0.0010780600433177464
      ],
      [
        0.9756523954461604,
        0.005764456881662001,
        0.0031447381188417357,
        0.0015723690594208679,
        0.012786785346993056,
        0.001079255146921991
      ],
      [
        0.9686595225407518,
        0.006957099836761219,
        0.004314811598235697,
        0.0027568065160409353,
        0.016250954884929423,
        0.0010608046232809594
      ],
      [
        0.96014258126317,
        0.007438102656039024,
        0.0036443492703053535,
        0.002924006665943347,
        0.024806707229771043,
        0.0010442529147711515
      ],
      [
        0.9482948541670116,
        0.013375155336213848,
        0.003599783317863374,
        0.004103991443980912,
        0.029597864434824452,
        0.001028351300105858
      ],
      [
        0.9518551733965055,
        0.007432702408198204,
        0.0035997830173529477,
        0.002905189733917899,
        0.033178800221461476,
        0.0010283512225640905
      ],
      [
        0.9363774565324073,
        0.00779393700638515,
        0.007470116194021493,
        0.0012699286407318604,
        0.04607530078962396,
        0.001013260836830335
      ],
      [
        0.9302211326806447,
        0.011294803055704903,
        0.005194098305728176,
        0.0012475222571791328,
        0.05104244430002924,
        0.0009999994007139842
      ],
      [
        0.9950224004417905,
        0.0009955199116420117,
        0.0009955199116420117,
        0.0009955199116420117,
        0.0009955199116420117,
        0.0009955199116420117
      ],
      [
        0.05850105877856538,
        0.0032912609151968335,
        0.0015953056792862156,
        0.0009999229043793545,
        0.934612528818193,
        0.0009999229043793545
      ],
      [
        0.025146572236303462,
        0.00351453052343369,
        0.0018172350190028886,
        0.0010414889019083968,
        0.9674371198880074,
        0.0010430534313442404
      ],
      [
        0.9950224004417905,
        0.0009955199116420117,
        0.0009955199116420117,
        0.0009955199116420117,
        0.0009955199116420117,
        0.0009955199116420117
      ]
    ],
    [
      [
        0.9950224004417905,
        0.0009955199116420117,
        0.0009955199116420117,
        0.0009955199116420117,
        0.0009955199116420117,
        0.0009955199116420117
      ],
      [
        0.9945181274186962,
        0.0009999392381111315,
        0.0009999392381111315,
        0.0009999392381111315,
        0.0012365143544287554,
        0.0012455405125416956
      ],
      [
        0.9944568044381785,
        0.0010884206320183056,
        0.0009999390475313443,
        0.0009999390475313443,
        0.001209604744548065,
        0.0012452920901925135
      ],
      [
        0.9833879497232948,
        0.005109485147819841,
        0.000999944744603784,
        0.000999944744603784,
        0.008253717236457118,
        0.0012489584032207254
      ],
      [
        0.9775298895401817,
        0.006867928608632741,
        0.001345938238466007,
        0.0027687776115762675,
        0.010408809007666246,
        0.0010786569934770533
      ],
      [
        0.9950224004417905,
        0.0009955199116420117,
        0.0009955199116420117,
        0.0009955199116420117,
        0.0009955199116420117,
        0.0009955199116420117
      ],
      [
        0.9950224004417905,
        0.0009955199116420117,
        0.0009955199116420117,
        0.0009955199116420117,
        0.0009955199116420117,
        0.0009955199116420117
      ],
      [
        0.024658559407462467,
        0.009499873322592518,
        0.001773586853783187,
        0.0027568434177404435,
        0.9602502849482685,
        0.0010608520501528187
      ],
      [
        0.9753862627774371,
        0.009532373437387987,
        0.0009999578849369786,
        0.002754144326567832,
        0.01026729685178041,
        0.0010599647218896972
      ],
      [
        0.9689342077031059,
        0.008384608339596639,
        0.0009999452251534284,
        0.005562284540429535,
        0.015075145533119868,
        0.0010438086585946825
      ],
      [
        0.962754672606308,
        0.008557079055835325,
        0.0009999328724419473,
        0.005577875581133839,
        0.02108255951599096,
        0.0010278803682900097
      ],
      [
        0.9676685540486645,
        0.007284373884074029,
        0.0009999452561165127,
        0.001969666612801386,
        0.021033651507427663,
        0.0010438086909159885
      ],
      [
        0.9789481438894422,
        0.005983683524934112,
        0.0009999577880293957,
        0.0015565899175782856,
        0.011451660202644206,
        0.0010599646773719557
      ],
      [
        0.9741581567622188,
        0.008243040001405234,
        0.0009999721460067627,
        0.0015709631682783198,
        0.01394945404049751,
        0.001078413881593377
      ],
      [
        0.018442422841682758,
        0.004684404381056452,
        0.000999972186038192,
        0.0015710069888992561,
        0.9732237234699802,
        0.0010784701323429883
      ],
      [
        0.9837131759865312,
        0.007217217697655351,
        0.000999957782674743,
        0.0015565899092429352,
        0.005453093952199832,
        0.0010599646716959732
      ],
      [
        0.9580312287417214,
        0.010958436289278013,
        0.000999945268687991,
        0.0031672060192410503,
        0.025799374977032573,
        0.0010438087040389253
      ],
      [
        0.9495354808268268,
        0.014611021372196038,
        0.0009999328591723824,
        0.0019853019471739734,
        0.03184038263998131,
        0.001027880354649569
      ],
      [
        0.10697750803058681,
        0.016222661923645378,
        0.0009998269881277395,
        0.006005978461432104,
        0.8687941976080804,
        0.0009998269881277395
      ],
      [
        0.11658719244968578,
        0.013882111203880014,
        0.0009998090674170155,
        0.0048083236000355505,
        0.8627227546115646,
        0.0009998090674170155
      ],
      [
        0.09225372535358593,
        0.011058262352920213,
        0.000999461914172063,
        0.003845459394927209,
        0.8908436290702226,
        0.000999461914172063
      ],
      [
        0.859328838030489,
        0.10873969189794312,
        0.0009995688277285733,
        0.0015876633490503876,
        0.028344669067060447,
        0.0009995688277285733
      ],
      [
        0.9622333019626366,
        0.011648197743928002,
        0.0009995914755360033,
        0.0015751757958835533,
        0.02254414154647985,
        0.0009995914755360033
      ],
      [
        0.9660118116022832,
        0.008750816813710737,
        0.0009995688444779268,
        0.004460675953704514,
        0.018777557941345686,
        0.0009995688444779268
      ],
      [
        0.9661047508186239,
        0.008717009062574289,
        0.0009995914721859808,
        0.0025328683291983727,
        0.02064618884523152,
        0.0009995914721859808
      ],
      [
        0.018437948804977906,
        0.00667174768983362,
        0.0009996144928676942,
        0.0012448767755085437,
        0.9716461977439447,
        0.0009996144928676942
      ],
      [
        0.9837573520598951,
        0.004803595370377268,
        0.0009996144085571202,
        0.0031602731561252186,
        0.006279550596488216,
        0.0009996144085571202
      ],
      [
        0.025284840310028086,
        0.009950143876965687,
        0.0009995914591531257,
        0.003393367578622854,
        0.9593724653160771,
        0.0009995914591531257
      ],
      [
        0.9789386157645487,
        0.007719830586917763,
        0.0009996144395462508,
        0.0012448442606876097,
        0.010097480508753441,
        0.0009996144395462508
      ],
      [
        0.021215557688139746,
        0.011596796780750552,
        0.0009996145532639395,
        0.0012448767576270629,
        0.9639435396669548,
        0.0009996145532639395
      ],
      [
        0.9631255212840509,
        0.009826349109090906,
        0.0009995914524580714,
        0.010194407691998936,
        0.014854539009943046,
        0.0009995914524580714
      ],
      [
        0.9616474046195105,
        0.013644221274098629,
        0.0009995678788320846,
        0.0011083494523933073,
        0.02160088889633358,
        0.0009995678788320846
      ],
      [
        0.9353143820853881,
        0.016786638568161066,
        0.00099954881828342,
        0.004884431033087917,
        0.041015450676796156,
        0.00099954881828342
      ],
      [
        0.9267266594581874,
        0.01578450031377239,
        0.000999548856061006,
        0.0029691279863360673,
        0.052520614529582225,
        0.000999548856061006
      ],
      [
        0.8276991311790282,
        0.014855812691613736,
        0.0009995291071327552,
        0.002981718353105795,
        0.15246427956198672,
        0.0009995291071327552
      ],
      [
        0.6522415609179046,
        0.024493167807919363,
        0.000999734455649721,
        0.005240828491595261,
        0.31602497387128137,
        0.000999734455649721
      ],
      [
        0.9361593293712835,
        0.005377959972891073,
        0.003397692073896648,
        0.004241532655174267,
        0.04982348650136052,
        0.0009999994253940036
      ],
      [
        0.9950224004417905,
        0.0009955199116420117,
        0.0009955199116420117,
        0.0009955199116420117,
        0.0009955199116420117,
        0.0009955199116420117
      ],
      [
        0.973102489779556,
        0.003474554302918518,
        0.002399785504846439,
        0.0011063898128170857,
        0.01888902754552128,
        0.0010277530543407183
      ],
      [
        0.9950224004417905,
        0.0009955199116420117,
        0.0009955199116420117,
        0.0009955199116420117,
        0.0009955199116420117,
        0.0009955199116420117
      ]
    ],
    [
      [
        0.9950224004417905,
        0.0009955199116420117,
        0.0009955199116420117,
        0.0009955199116420117,
        0.0009955199116420117,
        0.0009955199116420117
      ],
      [
        0.9944834296909443,
        0.0010495900116071495,
        0.0009999394339330868,
        0.0009999394339330868,
        0.001221560673121511,
        0.0012455407564606951
      ],
      [
        0.9833871898130685,
        0.005110570733857386,
        0.000999944744603784,
        0.000999944744603784,
        0.008253391560645855,
        0.0012489584032207254
      ],
      [
        0.9801042942143156,
        0.004709924220410872,
        0.00099997222848243,
        0.003966105937094371,
        0.00914128948736384,
        0.0010784139123327144
      ],
      [
        0.9765688317349105,
        0.00835622704083714,
        0.0009999577919871825,
        0.0027541443033807125,
        0.010260874447317266,
        0.001059964681567247
      ],
      [
        0.9698633053448672,
        0.0019124853970193857,
        0.0024431575539728212,
        0.0011246095855228385,
        0.023613384438531112,
        0.0010430576800866014
      ],
      [
        0.9639808649556298,
        0.004838413969436224,
        0.0035997831297009874,
        0.0017063886259791093,
        0.024846198072900443,
        0.0010283512463534462
      ],
      [
        0.9950224004417905,
        0.0009955199116420117,
        0.0009955199116420117,
        0.0009955199116420117,
        0.0009955199116420117,
        0.0009955199116420117
      ],
      [
        0.9663018271006183,
        0.004804441819481526,
        0.002445547965166424,
        0.004122808032044954,
        0.02128112219255792,
        0.001044252890130877
      ],
      [
        0.06194101000401158,
        0.0035647625664243484,
        0.0015959661974667757,
        0.0027577336491786393,
        0.9291405648745243,
        0.00099996270839429
      ],
      [
        0.9204883978234776,
        0.01824683049854016,
        0.0009999213034805922,
        0.0019159301344709545,
        0.057335741274640015,
        0.0010131789653909274
      ],
      [
        0.05573116657790843,
        0.015616166460847564,
        0.0009998450585383147,
        0.0017963233564986319,
        0.9248566534876689,
        0.0009998450585383147
      ],
      [
        0.04466605169636113,
        0.008982214593763197,
        0.0009999446834535102,
        0.001248764888369625,
        0.9430598218221269,
        0.0010432023159256906
      ],
      [
        0.968128031699148,
        0.008438967541696391,
        0.0009999578315650524,
        0.0051492532664688135,
        0.016223824937601713,
        0.0010599647235201618
      ],
      [
        0.9729018951122912,
        0.0072647770529493515,
        0.000999957887265089,
        0.0027541443329800537,
        0.015019260890156882,
        0.0010599647243575159
      ],
      [
        0.03150056772933748,
        0.013806293088435083,
        0.0009999452599951416,
        0.0030456716685697684,
        0.9496037223329578,
        0.0010437999207047648
      ],
      [
        0.04731544784258904,
        0.015664426146408,
        0.000999845118124494,
        0.005388581320566954,
        0.9296318544541872,
        0.000999845118124494
      ],
      [
        0.1056562886040016,
        0.01639955278242016,
        0.000999827091003288,
        0.008400773385663213,
        0.8675437310459087,
        0.000999827091003288
      ],
      [
        0.9064216009987387,
        0.017402711133334612,
        0.0009999110137138424,
        0.003728572267114867,
        0.07044729357338414,
        0.0009999110137138424
      ],
      [
        0.6580720536668604,
        0.018729486975853925,
        0.0009997345138264761,
        0.008832689272880686,
        0.3123663010567522,
        0.0009997345138264761
      ],
      [
        0.826748573865017,
        0.11575624038844491,
        0.0009995291281608282,
        0.006812248716088837,
        0.04868387877412773,
        0.0009995291281608282
      ],
      [
        0.0931213245905504,
        0.010229223088123787,
        0.0009994619126835504,
        0.0038454593892001117,
        0.8908050691067587,
        0.0009994619126835504
      ],
      [
        0.950599264985466,
        0.012709811266000532,
        0.0009995688692297504,
        0.0025453341118489283,
        0.03214645189822502,
        0.0009995688692297504
      ],
      [
        0.07973991412538814,
        0.009236579878160161,
        0.0009994618983566132,
        0.002887891310416807,
        0.9061366908893217,
        0.0009994618983566132
      ],
      [
        0.9592808938024404,
        0.010705047272008062,
        0.0009995688277285733,
        0.0015876633490503876,
        0.02642725792104405,
        0.0009995688277285733
      ],
      [
        0.9689361924287567,
        0.007818797467963106,
        0.000999591493868071,
        0.001575175731677372,
        0.019670651383866627,
        0.000999591493868071
      ],
      [
        0.9718090873545935,
        0.006861365129466636,
        0.0009995914652998238,
        0.004448253375742181,
        0.014882111209598169,
        0.0009995914652998238
      ],
      [
        0.9764986904983256,
        0.007861004671368127,
        0.0009995688080015575,
        0.0015876633177170176,
        0.012053503896586113,
        0.0009995688080015575
      ],
      [
        0.9689011207539893,
        0.006911207332981294,
        0.0009995914448274652,
        0.0015751757474924384,
        0.020613313275882183,
        0.0009995914448274652
      ],
      [
        0.038534546525180687,
        0.014964299817657956,
        0.0009995915085659578,
        0.001477982692563658,
        0.943023987947466,
        0.0009995915085659578
      ],
      [
        0.045450997227576416,
        0.013553149513354337,
        0.0009994763137478402,
        0.003351692550963632,
        0.93564520808061,
        0.0009994763137478402
      ],
      [
        0.9324350697020964,
        0.012965107757434657,
        0.0009995487903689496,
        0.007757386578892891,
        0.04484333838083806,
        0.0009995487903689496
      ],
      [
        0.9218743575312739,
        0.015858990289514832,
        0.0009995291073188447,
        0.006812248574041176,
        0.05345534539053254,
        0.0009995291073188447
      ],
      [
        0.206441039656413,
        0.014105826181787144,
        0.0009994619088692358,
        0.001930323027814072,
        0.7755238873162474,
        0.0009994619088692358
      ],
      [
        0.12759240615773773,
        0.012146317299554241,
        0.0009994618903558566,
        0.002887891287299052,
        0.8553744614746973,
        0.0009994618903558566
      ],
      [
        0.1331848986384824,
        0.012921239952407468,
        0.0009998090283164043,
        0.004808323411991256,
        0.8470859199404861,
        0.0009998090283164043
      ],
      [
        0.11422725719467494,
        0.014931884613017435,
        0.0009998269625252306,
        0.003611182912371112,
        0.865230021354886,
        0.0009998269625252306
      ],
      [
        0.9627199252461403,
        0.008523584239559465,
        0.0024009819479384807,
        0.0017063886698807085,
        0.023620768623670355,
        0.0010283512728106456
      ],
      [
        0.9950224004417905,
        0.0009955199116420117,
        0.0009955199116420117,
        0.0009955199116420117,
        0.0009955199116420117,
        0.0009955199116420117
      ],
      [
        0.9950224004417905,
        0.0009955199116420117,
        0.0009955199116420117,
        0.0009955199116420117,
        0.0009955199116420117,
        0.0009955199116420117
      ]
    ],
    [
      [
        0.9950224004417905,
        0.0009955199116420117,
        0.0009955199116420117,
        0.0009955199116420117,
        0.0009955199116420117,
        0.0009955199116420117
      ],
      [
        0.9852964047917017,
        0.0020395689802183772,
        0.0019455888629545165,
        0.0009999728216098674,
        0.00846889293086242,
        0.0012495716126531733
      ],
      [
        0.9777555297323005,
        0.007038812074885753,
        0.0009999722315090604,
        0.006361249061242618,
        0.006766022984465346,
        0.0010784139155967656
      ],
      [
        0.9764891806896328,
        0.008470014248376798,
        0.0009999577919871825,
        0.0027541443033807125,
        0.010226738285055367,
        0.001059964681567247
      ],
      [
        0.9544456570015293,
        0.013343448451769345,
        0.0009999452412169832,
        0.0019696665834526735,
        0.028197474046668777,
        0.0010438086753628787
      ],
      [
        0.9590964046987956,
        0.011045979722026552,
        0.0009999329099808496,
        0.005577875324905177,
        0.022251926995617562,
        0.0010278803486743452
      ],
      [
        0.10816266687098079,
        0.018519961817976986,
        0.0009998258297900923,
        0.0018144873775613705,
        0.8695032322739007,
        0.0009998258297900923
      ],
      [
        0.0692157619083645,
        0.008299480675082597,
        0.003394701118773007,
        0.005157642242929807,
        0.9129324507450989,
        0.0009999633097513506
      ],
      [
        0.9950224004417905,
        0.0009955199116420117,
        0.0009955199116420117,
        0.0009955199116420117,
        0.0009955199116420117,
        0.0009955199116420117
      ],
      [
        0.9950224004417905,
        0.0009955199116420117,
        0.0009955199116420117,
        0.0009955199116420117,
        0.0009955199116420117,
        0.0009955199116420117
      ],
      [
        0.9318050915845582,
        0.007943023405984158,
        0.005196493811464714,
        0.005443925205741637,
        0.048611443794127615,
        0.0010000221981236804
      ],
      [
        0.9293214783003565,
        0.014800019011358242,
        0.0009999219014123365,
        0.0025152839679629885,
        0.05134952025830921,
        0.001013776560600795
      ],
      [
        0.056861451380313725,
        0.010922389956157049,
        0.000999845097176227,
        0.006586000157859409,
        0.9236304683113176,
        0.000999845097176227
      ],
      [
        0.9556348154328299,
        0.010960344558814589,
        0.0009999452728784838,
        0.0019696666458186886,
        0.029391419381245062,
        0.0010438087084132376
      ],
      [
        0.9728838702295455,
        0.010883190087632562,
        0.000999957887730711,
        0.002754144334262498,
        0.0114188727359777,
        0.0010599647248510796
      ],
      [
        0.03858372518372933,
        0.013952117065284346,
        0.0009999452381114575,
        0.0018481322568575233,
        0.943572280358156,
        0.0010437998978613267
      ],
      [
        0.9584349728270416,
        0.013559749955723458,
        0.000999932281248256,
        0.0013859418902681542,
        0.0245921202806933,
        0.001027282765025368
      ],
      [
        0.1308073399267801,
        0.019983598300166622,
        0.0009998269909207405,
        0.003611183014930239,
        0.8435982247762817,
        0.0009998269909207405
      ],
      [
        0.8884354962594834,
        0.018633963794263447,
        0.0009999110695832554,
        0.0073210672838076255,
        0.083609650523279,
        0.0009999110695832554
      ],
      [
        0.8979736447183543,
        0.01989123400303819,
        0.0009999110584093724,
        0.0037285724337802117,
        0.07640672672800856,
        0.0009999110584093724
      ],
      [
        0.9304594799463324,
        0.01688183793442607,
        0.0009995487933464932,
        0.002969127986225079,
        0.04769045654632357,
        0.0009995487933464932
      ],
      [
        0.07606723055306287,
        0.015506021573335624,
        0.000999476279324988,
        0.004309275168192695,
        0.9021185201467589,
        0.000999476279324988
      ],
      [
        0.9285708812063334,
        0.015886038960002822,
        0.000999548746822379,
        0.0020114762439176295,
        0.05153250609610149,
        0.000999548746822379
      ],
      [
        0.08642881474325757,
        0.016996038540107547,
        0.0009994474503362888,
        0.0019301590481726105,
        0.8926460927677897,
        0.0009994474503362888
      ],
      [
        0.9353404195209545,
        0.011961184111483279,
        0.0009995488179112273,
        0.004884431031269147,
        0.045814867700470795,
        0.0009995488179112273
      ],
      [
        0.9591871220989077,
        0.010839007362763782,
        0.000999568828100781,
        0.005418346351910883,
        0.022556386530216164,
        0.000999568828100781
      ],
      [
        0.9563555893491392,
        0.014610435206848382,
        0.0009995688576913062,
        0.0035030049544766987,
        0.023531832774153157,
        0.0009995688576913062
      ],
      [
        0.9372926248577987,
        0.016696720190466866,
        0.000999548811211754,
        0.00296912803929327,
        0.04104242929001772,
        0.000999548811211754
      ],
      [
        0.047361970225867175,
        0.009728810420084869,
        0.0009994763388672203,
        0.0062244387703289435,
        0.9346858279059845,
        0.0009994763388672203
      ],
      [
        0.9534485786859576,
        0.012743659898182703,
        0.0009995688353588341,
        0.0035030048762121958,
        0.02830561886892995,
        0.0009995688353588341
      ],
      [
        0.1777462823004986,
        0.013102123513617813,
        0.000999461902822152,
        0.0067181639935659935,
        0.8004345063866734,
        0.000999461902822152
      ],
      [
        0.0931451025377899,
        0.014104223912635359,
        0.0009994474321025335,
        0.004802822621267559,
        0.8859489560641023,
        0.0009994474321025335
      ],
      [
        0.5119328039465063,
        0.014949670093076147,
        0.000999387921706058,
        0.009936193511374357,
        0.4611825566056311,
        0.000999387921706058
      ],
      [
        0.9238018226892407,
        0.01392629198498529,
        0.0009995291002474573,
        0.004896984080825078,
        0.05537584304445398,
        0.0009995291002474573
      ],
      [
        0.19685413735419696,
        0.014121850072945077,
        0.0009994619267313912,
        0.0019303230623123652,
        0.7850947656570829,
        0.0009994619267313912
      ],
      [
        0.9125048793691561,
        0.024453599756555935,
        0.0009999219277762891,
        0.0037127952299543343,
        0.05731502718743037,
        0.0010137765291269234
      ],
      [
        0.9577667251401479,
        0.013629816630866267,
        0.000999932875933938,
        0.001985301980452957,
        0.024590343000719415,
        0.0010278803718795995
      ],
      [
        0.9647033702552632,
        0.0144481258659449,
        0.0009999446819029343,
        0.0013702991393090519,
        0.017435048969017,
        0.001043211088562956
      ],
      [
        0.982506606300929,
        0.0044860429375899475,
        0.0013172106080975782,
        0.0015568089383962407,
        0.00907312479681764,
        0.0010602064181696733
      ],
      [
        0.9950224004417905,
        0.0009955199116420117,
        0.0009955199116420117,
        0.0009955199116420117,
        0.0009955199116420117,
        0.0009955199116420117
      ]
    ],
    [
      [
        0.9950224004417905,
        0.0009955199116420117,
        0.0009955199116420117,
        0.0009955199116420117,
        0.0009955199116420117,
        0.0009955199116420117
      ],
      [
        0.01285782711488089,
        0.0015815258807012852,
        0.001195977981702485,
        0.0039628401824362055,
        0.9793237175457482,
        0.0010781112945310405
      ],
      [
        0.9812833754353797,
        0.004871667841674126,
        0.000999957906122783,
        0.0027541443849190524,
        0.009030889687557553,
        0.0010599647443468483
      ],
      [
        0.9604668848347542,
