{
  "prediction": [
    [
      [
        0.9950224004417905,
        0.0009955199116420117,
        0.0009955199116420117,
        0.0009955199116420117,
        0.0009955199116420117,
        0.0009955199116420117
      ],
      [
        0.9950224004417905,
        0.0009955199116420117,
        0.0009955199116420117,
        0.0009955199116420117,
        0.0009955199116420117,
        0.0009955199116420117
      ],
      [
        0.9950224004417905,
        0.0009955199116420117,
        0.0009955199116420117,
        0.0009955199116420117,
        0.0009955199116420117,
        0.0009955199116420117
      ],
      [
        0.9950224004417905,
        0.0009955199116420117,
        0.0009955199116420117,
        0.0009955199116420117,
        0.0009955199116420117,
        0.0009955199116420117
      ],
      [
        0.9950224004417905,
        0.0009955199116420117,
        0.0009955199116420117,
        0.0009955199116420117,
        0.0009955199116420117,
        0.0009955199116420117
      ],
      [
        0.9950224004417905,
        0.0009955199116420117,
        0.0009955199116420117,
        0.0009955199116420117,
        0.0009955199116420117,
        0.0009955199116420117
      ],
      [
        0.9950224004417905,
        0.0009955199116420117,
        0.0009955199116420117,
        0.0009955199116420117,
        0.0009955199116420117,
        0.0009955199116420117
      ],
      [
        0.9950224004417905,
        0.0009955199116420117,
        0.0009955199116420117,
        0.0009955199116420117,
        0.0009955199116420117,
        0.0009955199116420117
      ],
      [
        0.9950224004417905,
        0.0009955199116420117,
        0.0009955199116420117,
        0.0009955199116420117,
        0.0009955199116420117,
        0.0009955199116420117
      ],
      [
        0.9950224004417905,
        0.0009955199116420117,
        0.0009955199116420117,
        0.0009955199116420117,
        0.0009955199116420117,
        0.0009955199116420117
      ],
      [
        0.9950224004417905,
        0.0009955199116420117,
        0.0009955199116420117,
        0.0009955199116420117,
        0.0009955199116420117,
        0.0009955199116420117
      ],
      [
        0.9950224004417905,
        0.0009955199116420117,
        0.0009955199116420117,
        0.0009955199116420117,
        0.0009955199116420117,
        0.0009955199116420117
      ],
      [
        0.9950224004417905,
        0.0009955199116420117,
        0.0009955199116420117,
        0.0009955199116420117,
        0.0009955199116420117,
        0.0009955199116420117
      ],
      [
        0.9950224004417905,
        0.0009955199116420117,
        0.0009955199116420117,
        0.0009955199116420117,
        0.0009955199116420117,
        0.0009955199116420117
      ],
      [
        0.9950224004417905,
        0.0009955199116420117,
        0.0009955199116420117,
        0.0009955199116420117,
        0.0009955199116420117,
        0.0009955199116420117
      ],
      [
        0.9950224004417905,
        0.0009955199116420117,
        0.0009955199116420117,
        0.0009955199116420117,
        0.0009955199116420117,
        0.0009955199116420117
      ],
      [
        0.9950224004417905,
        0.0009955199116420117,
        0.0009955199116420117,
        0.0009955199116420117,
        0.0009955199116420117,
        0.0009955199116420117
      ],
      [
        0.9950224004417905,
        0.0009955199116420117,
        0.0009955199116420117,
        0.0009955199116420117,
        0.0009955199116420117,
        0.0009955199116420117
      ],
      [
        0.9950224004417905,
        0.0009955199116420117,
        0.0009955199116420117,
        0.0009955199116420117,
        0.0009955199116420117,
        0.0009955199116420117
      ],
      [
        0.9950224004417905,
        0.0009955199116420117,
        0.0009955199116420117,
        0.0009955199116420117,
        0.0009955199116420117,
        0.0009955199116420117
      ],
      [
        0.9950224004417905,
        0.0009955199116420117,
        0.0009955199116420117,
        0.0009955199116420117,
        0.0009955199116420117,
        0.0009955199116420117
      ],
      [
        0.9950224004417905,
        0.0009955199116420117,
        0.0009955199116420117,
        0.0009955199116420117,
        0.0009955199116420117,
        0.0009955199116420117
      ],
      [
        0.9950224004417905,
        0.0009955199116420117,
        0.0009955199116420117,
        0.0009955199116420117,
        0.0009955199116420117,
        0.0009955199116420117
      ],
      [
        0.9950224004417905,
        0.0009955199116420117,
        0.0009955199116420117,
        0.0009955199116420117,
        0.0009955199116420117,
        0.0009955199116420117
      ],
      [
        0.9950224004417905,
        0.0009955199116420117,
        0.0009955199116420117,
        0.0009955199116420117,
        0.0009955199116420117,
        0.0009955199116420117
      ],
      [
        0.9950224004417905,
        0.0009955199116420117,
        0.0009955199116420117,
        0.0009955199116420117,
        0.0009955199116420117,
        0.0009955199116420117
      ],
      [
        0.9950224004417905,
        0.0009955199116420117,
        0.0009955199116420117,
        0.0009955199116420117,
        0.0009955199116420117,
        0.0009955199116420117
      ],
      [
        0.9950224004417905,
        0.0009955199116420117,
        0.0009955199116420117,
        0.0009955199116420117,
        0.0009955199116420117,
        0.0009955199116420117
      ],
      [
        0.9950224004417905,
        0.0009955199116420117,
        0.0009955199116420117,
        0.0009955199116420117,
        0.0009955199116420117,
        0.0009955199116420117
      ],
      [
        0.9950224004417905,
        0.0009955199116420117,
        0.0009955199116420117,
        0.0009955199116420117,
        0.0009955199116420117,
        0.0009955199116420117
      ],
      [
        0.9950224004417905,
        0.0009955199116420117,
        0.0009955199116420117,
        0.0009955199116420117,
        0.0009955199116420117,
        0.0009955199116420117
      ],
      [
        0.9950224004417905,
        0.0009955199116420117,
        0.0009955199116420117,
        0.0009955199116420117,
        0.0009955199116420117,
        0.0009955199116420117
      ],
      [
        0.9950224004417905,
        0.0009955199116420117,
        0.0009955199116420117,
        0.0009955199116420117,
        0.0009955199116420117,
        0.0009955199116420117
      ],
      [
        0.9950224004417905,
        0.0009955199116420117,
        0.0009955199116420117,
        0.0009955199116420117,
        0.0009955199116420117,
        0.0009955199116420117
      ],
      [
        0.9950224004417905,
        0.0009955199116420117,
        0.0009955199116420117,
        0.0009955199116420117,
        0.0009955199116420117,
        0.0009955199116420117
      ],
      [
        0.9950224004417905,
        0.0009955199116420117,
        0.0009955199116420117,
        0.0009955199116420117,
        0.0009955199116420117,
        0.0009955199116420117
      ],
      [
        0.9950224004417905,
        0.0009955199116420117,
        0.0009955199116420117,
        0.0009955199116420117,
        0.0009955199116420117,
        0.0009955199116420117
      ],
      [
        0.9950224004417905,
        0.0009955199116420117,
        0.0009955199116420117,
        0.0009955199116420117,
        0.0009955199116420117,
        0.0009955199116420117
      ],
      [
        0.9950224004417905,
        0.0009955199116420117,
        0.0009955199116420117,
        0.0009955199116420117,
        0.0009955199116420117,
        0.0009955199116420117
      ],
      [
        0.9950224004417905,
        0.0009955199116420117,
        0.0009955199116420117,
        0.0009955199116420117,
        0.0009955199116420117,
        0.0009955199116420117
      ]
    ],
    [
      [
        0.9950224004417905,
        0.0009955199116420117,
        0.0009955199116420117,
        0.0009955199116420117,
        0.0009955199116420117,
        0.0009955199116420117
      ],
      [
        0.9825287307700499,
        0.001460422957023646,
        0.0031136180176713295,
        0.002754413881958506,
        0.009082607886084178,
        0.0010602064872124396
      ],
      [
        0.03824766927139377,
        0.00965626099839089,
        0.0036166320804435115,
        0.002840885935308158,
        0.9445943030675149,
        0.0010442486469488734
      ],
      [
        0.9669132087057493,
        0.007354876655835955,
        0.0035973904899520835,
        0.0011063898535181142,
        0.020000381202795826,
        0.0010277530921489174
      ],
      [
        0.11169839204016847,
        0.010206473213938853,
        0.003586299575552963,
        0.006742233882793037,
        0.866766648367271,
        0.0009999529202757646
      ],
      [
        0.1288213407787067,
        0.00903232392956013,
        0.007148443349532239,
        0.0019258164252487291,
        0.8520721327125442,
        0.000999942804408036
      ],
      [
        0.9260595280824858,
        0.0079197153945545,
        0.0038784976462139836,
        0.005466330940129105,
        0.05566206897202735,
        0.001013858964589266
      ],
      [
        0.9254788283708453,
        0.011032986111509395,
        0.008394987711268056,
        0.004103990908168799,
        0.049960855615547126,
        0.0010283512826614427
      ],
      [
        0.1284052538854801,
        0.006718185444521013,
        0.008381278167870222,
        0.004344744087212555,
        0.8511505854985982,
        0.0009999529163180164
      ],
      [
        0.9210453281184822,
        0.009099752043306741,
        0.011190500404754163,
        0.005443925563180204,
        0.052220471606493235,
        0.0010000222637833816
      ],
      [
        0.10690183045739776,
        0.013804967624479561,
        0.0047850439450655554,
        0.007940977907067125,
        0.865567227181334,
        0.0009999528846560315
      ],
      [
        0.9447042801569647,
        0.0061740216313624615,
        0.004798584158457228,
        0.002905189859055081,
        0.040389572927301644,
        0.001028351266858951
      ],
      [
        0.04302047959671373,
        0.004893047733555344,
        0.002417830952421216,
        0.0028408860338635113,
        0.9457835070002705,
        0.0010442486831757042
      ],
      [
        0.9830946692579582,
        0.004488735763116412,
        0.0031160107767279916,
        0.0015580053883639958,
        0.006681774161674768,
        0.0010608046521588153
      ],
      [
        0.01884647353705796,
        0.005803258238166698,
        0.0017965738704149973,
        0.001572409138963324,
        0.9709019786670533,
        0.0010793065483436454
      ],
      [
        0.017692892411007143,
        0.00217076819171769,
        0.0015566446159567008,
        0.0009999729299550177,
        0.9763300109282813,
        0.0012497109230820876
      ],
      [
        0.016440478596305003,
        0.004616444432548285,
        0.001796573773788288,
        0.002771210243127419,
        0.9732959864639366,
        0.001079306490294354
      ],
      [
        0.9818622255834655,
        0.0021391949241326316,
        0.0031160106322273146,
        0.0027568065179665426,
        0.009064957718186231,
        0.001060804624021923
      ],
      [
        0.9674695022027835,
        0.0036501059451564993,
        0.004843150741072567,
        0.004122808169792902,
        0.018870180016173858,
        0.0010442529250206153
      ],
      [
        0.9579244737103503,
        0.00852393795357154,
        0.00359978317659951,
        0.006501593523261119,
        0.022421860368161472,
        0.0010283512680561095
      ],
      [
        0.9352133789170032,
        0.01133885996720167,
        0.006272510864496794,
        0.0012699286061375,
        0.04489206083593305,
        0.0010132608092279097
      ],
      [
        0.1024576073145088,
        0.009020349685714265,
        0.0035522454417017146,
        0.0019258164413898128,
        0.8820440383038964,
        0.0009999428127889806
      ],
      [
        0.9364026090926018,
        0.005362799536664858,
        0.006272511055813483,
        0.0012699286448713566,
        0.04967889082991544,
        0.0010132608401331893
      ],
      [
        0.9591148087181274,
        0.007337232526113049,
        0.003599783077699012,
        0.002905189782619936,
        0.026014634655637497,
        0.0010283512398031709
      ],
      [
        0.968626072775337,
        0.008505641828119555,
        0.00364434923127361,
        0.001725205419934326,
        0.016454477841748562,
        0.0010442529035869842
      ],
      [
        0.02339376509306112,
        0.004798947206826251,
        0.001773586930178082,
        0.002756843536487808,
        0.9662160051375992,
        0.00106085209584761
      ],
      [
        0.9877309772180136,
        0.004447879158860778,
        0.0013453413003337528,
        0.0015699788010674848,
        0.0038277634858112078,
        0.0010780600359130866
      ],
      [
        0.01773529493686705,
        0.0021101931547749626,
        0.0015566446159567008,
        0.0009999729299550177,
        0.9763481834393641,
        0.0012497109230820876
      ],
      [
        0.9945035623109968,
        0.0010208291258181309,
        0.000999939433933087,
        0.000999939433933087,
        0.0012301889388582168,
        0.0012455407564606954
      ],
      [
        0.002377754187024905,
        0.0009999321439154055,
        0.0009999321439154055,
        0.0009999321439154055,
        0.9933762346910423,
        0.0012462146901867613
      ],
      [
        0.0023716860572710083,
        0.0010002836453953674,
        0.000999940497334015,
        0.000999940497334015,
        0.9933819242016193,
        0.0012462251010461856
      ],
      [
        0.9945181295537895,
        0.0009999392453601372,
        0.0009999392453601372,
        0.0009999392453601372,
        0.001236512188558955,
        0.0012455405215711745
      ],
      [
        0.9945155665497512,
        0.0009999305435246075,
        0.0009999305435246075,
        0.0009999305435246075,
        0.0012391121372511379,
        0.0012455296824238815
      ],
      [
        0.9945035660331214,
        0.0010208238084970951,
        0.0009999394339330868,
        0.0009999394339330868,
        0.0012301905340545273,
        0.0012455407564606951
      ],
      [
        0.017786996828808344,
        0.002036333309144545,
        0.0015566446159567008,
        0.0009999729299550177,
        0.9763703413930532,
        0.0012497109230820876
      ],
      [
        0.9950224004417905,
        0.0009955199116420117,
        0.0009955199116420117,
        0.0009955199116420117,
        0.0009955199116420117,
        0.0009955199116420117
      ],
      [
        0.9801299748333214,
        0.005657107305411355,
        0.001317210611471135,
        0.0015568089423834415,
        0.010278691886527714,
        0.0010602064208850071
      ],
      [
        0.972276558810111,
        0.001883294557478581,
        0.004835979304630486,
        0.001124609644568565,
        0.018836499948360796,
        0.001043057734850583
      ],
      [
        0.9831432003380269,
        0.003188312409385464,
        0.0013165575422185464,
        0.0009999573751222782,
        0.010292408045859647,
        0.0010595642893872863
      ],
      [
        0.9950224004417905,
        0.0009955199116420117,
        0.0009955199116420117,
        0.0009955199116420117,
        0.0009955199116420117,
        0.0009955199116420117
      ]
    ],
    [
      [
        0.9950224004417905,
        0.0009955199116420117,
        0.0009955199116420117,
        0.0009955199116420117,
        0.0009955199116420117,
        0.0009955199116420117
      ],
      [
        0.9746349940560807,
        0.004887931799528456,
        0.0024455479784316115,
        0.0029240065890131345,
        0.014063266689649035,
        0.0010442528872970011
      ],
      [
        0.03781939929964896,
        0.013114342243330588,
        0.0009998438745554218,
        0.0011970153108055253,
        0.9458695553971043,
        0.0009998438745554218
      ],
      [
        0.938862406452872,
        0.013658453089750574,
        0.000999921888375857,
        0.0037127953164696336,
        0.04175264670514822,
        0.0010137765473836856
      ],
      [
        0.9207660541126024,
        0.02342667162037247,
        0.0009999110607372646,
        0.0025310740283943835,
        0.05127637811715628,
        0.0009999110607372646
      ],
      [
        0.6520268037460515,
        0.028391818300696293,
        0.000999734447737683,
        0.008832689154521525,
        0.3087492199032555,
        0.000999734447737683
      ],
      [
        0.8979480140614651,
        0.029507837471723867,
        0.0009999111268494103,
        0.007321067237474383,
        0.06322325897563787,
        0.0009999111268494103
      ],
      [
        0.8823585688586019,
        0.027146511490547382,
        0.0009999219959850208,
        0.006107818270752515,
        0.0823734027858326,
        0.0010137765982807334
      ],
      [
        0.8907463677147013,
        0.03072913086292323,
        0.0009999110693504662,
        0.004926070666150091,
        0.07159860861752451,
        0.0009999110693504662
      ],
      [
        0.6447912604080361,
        0.03205772665979826,
        0.000999734434240677,
        0.00524082837936433,
        0.31591071568432,
        0.000999734434240677
      ],
      [
        0.13677807865622596,
        0.0248934828885935,
        0.0009998090297128547,
        0.004808323418707123,
        0.8315204969770478,
        0.0009998090297128547
      ],
      [
        0.9112818981715614,
        0.016107402780243592,
        0.0009999219587379306,
        0.007305329043176984,
        0.06329167148576258,
        0.0010137765605175595
      ],
      [
        0.9567937191997399,
        0.014506603762569528,
        0.0009999328493948086,
        0.0031828264360312013,
        0.023489037407665968,
        0.0010278803445987182
      ],
      [
        0.9700555508224531,
        0.00729592093691052,
        0.0009999452542540713,
        0.001969666609132797,
        0.0186351076882777,
        0.0010438086889718496
      ],
      [
        0.9831021905438533,
        0.005986893141878177,
        0.0009999145096330389,
        0.0009999145096330389,
        0.007851765478075767,
        0.0010593218169268638
      ],
      [
        0.9837298234115428,
        0.004663046068718619,
        0.000999972132968973,
        0.0015709631477958622,
        0.007957781371440905,
        0.001078413867532852
      ],
      [
        0.9741534001753392,
        0.00958281355716394,
        0.000999957855952006,
        0.0015565899068999834,
        0.012647273813479474,
        0.0010599646911653546
      ],
      [
        0.9659423813425742,
        0.014387175793947684,
        0.0009999446493102514,
        0.001370299094644856,
        0.016256988064962966,
        0.0010432110545600271
      ],
      [
        0.962768422166381,
        0.007339912524103322,
        0.0009999328724419473,
        0.00438035081244749,
        0.023483501256336334,
        0.0010278803682900097
      ],
      [
        0.9240190507705709,
        0.014741159853124554,
        0.0009999213221041122,
        0.001915930170155126,
        0.057310758899783966,
        0.0010131789842613712
      ],
      [
        0.9231458630990301,
        0.015065877363357467,
        0.0009999111205641004,
        0.003728572432739281,
        0.05605986486374497,
        0.0009999111205641004
      ],
      [
        0.644960415927015,
        0.02822419720790037,
        0.0009997344137624617,
        0.00524082827201301,
        0.3195750897655468,
        0.0009997344137624617
      ],
      [
        0.9183977326569166,
        0.017401071444679297,
        0.000999911063065157,
        0.007321067236083944,
        0.05488030653618977,
        0.000999911063065157
      ],
      [
        0.9281267181649809,
        0.01719111212948831,
        0.0009999219354585008,
        0.006107817901038691,
        0.04656065333211808,
        0.0010137765369155772
      ],
      [
        0.04849076124488747,
        0.012053334622113335,
        0.0009998438433658579,
        0.00119701527346531,
        0.9362592011728023,
        0.0009998438433658579
      ],
      [
        0.9701145145706348,
        0.012001842788217428,
        0.0009999453149580183,
        0.0019696666122969247,
        0.01387022201975864,
        0.0010438086941341482
      ],
      [
        0.015863702869620997,
        0.004758917261549437,
        0.0009999578287185427,
        0.001556630438961164,
        0.9757607749115756,
        0.0010600166895741114
      ],
      [
        0.9891664727465959,
        0.003361220763603704,
        0.0009999432209535691,
        0.0009999432209535691,
        0.004394634362426493,
        0.0010777856854667525
      ],
      [
        0.01773079986814722,
        0.002116614681517585,
        0.0015566446159567008,
        0.0009999729299550177,
        0.9763462569813414,
        0.0012497109230820876
      ],
      [
        0.9950224004417905,
        0.0009955199116420117,
        0.0009955199116420117,
        0.0009955199116420117,
        0.0009955199116420117,
        0.0009955199116420117
      ],
      [
        0.994515568115771,
        0.0009999305488415117,
        0.0009999305488415117,
        0.0009999305488415117,
        0.0012391105486576999,
        0.0012455296890467038
      ],
      [
        0.9945155665497512,
        0.0009999305435246075,
        0.0009999305435246075,
        0.0009999305435246075,
        0.0012391121372511379,
        0.0012455296824238815
      ],
      [
        0.9950224004417905,
        0.0009955199116420117,
        0.0009955199116420117,
        0.0009955199116420117,
        0.0009955199116420117,
        0.0009955199116420117
      ],
      [
        0.017786996828808344,
        0.002036333309144545,
        0.0015566446159567008,
        0.0009999729299550177,
        0.9763703413930532,
        0.0012497109230820876
      ],
      [
        0.9950224004417905,
        0.0009955199116420117,
        0.0009955199116420117,
        0.0009955199116420117,
        0.0009955199116420117,
        0.0009955199116420117
      ],
      [
        0.9734852326550332,
        0.003317116508296493,
        0.0031160106641494353,
        0.006353210188610964,
        0.012667625349020398,
        0.001060804634889387
      ],
      [
        0.9616741862434873,
        0.013281602033890632,
        0.0009999452959843964,
        0.003167205872881215,
        0.019833251879428134,
        0.0010438086743282337
      ],
      [
        0.9591976245260035,
        0.012098904244989928,
        0.0009999329100972493,
        0.001985301931874488,
        0.02469035603824085,
        0.0010278803487939981
      ],
      [
        0.04781935851239621,
        0.006039087811610389,
        0.0048118440195970775,
        0.001042085977376138,
        0.9392439731720615,
        0.0010436505069586915
      ],
      [
        0.9950224004417905,
        0.0009955199116420117,
        0.0009955199116420117,
        0.0009955199116420117,
        0.0009955199116420117,
        0.0009955199116420117
      ]
    ],
    [
      [
        0.9950224004417905,
        0.0009955199116420117,
        0.0009955199116420117,
        0.0009955199116420117,
        0.0009955199116420117,
        0.0009955199116420117
      ],
      [
        0.018639332052572666,
        0.0071138141790305694,
        0.0017723161861258761,
        0.0009999580779472854,
        0.970414370081474,
        0.0010602094228496497
      ],
      [
        0.967626707080834,
        0.010936772900916315,
        0.0009999452561165127,
        0.001969666612801386,
        0.017423099458415886,
        0.0010438086909159885
      ],
      [
        0.9626519261735225,
        0.011098909804048537,
        0.0009999328733731449,
        0.004380350816526737,
        0.01984099996328185,
        0.0010278803692472338
      ],
      [
        0.12483293736608883,
        0.021163024599965122,
        0.0009998269755592348,
        0.0024137852462047106,
        0.8495905988366228,
        0.0009998269755592348
      ],
      [
        0.9146700235237601,
        0.01759423711357646,
        0.0009999110376911315,
        0.0049260705101801,
        0.06080984677710101,
        0.0009999110376911315
      ],
      [
        0.9075572560453332,
        0.019888666322505147,
        0.0009999218688211387,
        0.007305328851878869,
        0.06323505038390363,
        0.001013776527558022
      ],
      [
        0.9193556806330039,
        0.016153815794111463,
        0.000999932932329593,
        0.009170448341091153,
        0.05329224192781627,
        0.0010278803716477205
      ],
      [
        0.912262114717728,
        0.020010358584410783,
        0.0009999218604405454,
        0.0037127952127434367,
        0.062001033105616034,
        0.0010137765190613092
      ],
      [
        0.8906980538045695,
        0.022415659516421712,
        0.0009999110672553632,
        0.008518565688635876,
        0.07636789885586229,
        0.0009999110672553632
      ],
      [
        0.9063310368079783,
        0.017532090687306632,
        0.0009999110153433668,
        0.004926070400083642,
        0.06921098007394462,
        0.0009999110153433668
      ],
      [
        0.9346412548135791,
        0.014947793488265087,
        0.0009999213183794083,
        0.0019159301630182915,
        0.04648192123627082,
        0.0010131789804872823
      ],
      [
        0.0652701579312916,
        0.010884141934268383,
        0.0009998450755296854,
        0.0041911614683547045,
        0.9176548485150261,
        0.0009998450755296854
      ],
      [
        0.9658410497330194,
        0.009746557347004069,
        0.0009999446497758612,
        0.0013702990952829158,
        0.02099893811987192,
        0.001043211055045783
      ],
      [
        0.9759405524092251,
        0.01194527412873667,
        0.000999914530118633,
        0.000999914530118633,
        0.009055022563171583,
        0.0010593218386295558
      ],
      [
        0.017227398609623024,
        0.004709337091633444,
        0.0009999722758476247,
        0.0015710070135823329,
        0.9744138148383171,
        0.001078470170996426
      ],
      [
        0.983696131088353,
        0.005908749937755199,
        0.0009999721334346082,
        0.0015709631485273782,
        0.006745769823894714,
        0.0010784138680350133
      ],
      [
        0.9782886201745217,
        0.007223682267006853,
        0.0009999145236004893,
        0.0009999145236004893,
        0.0114285466795464,
        0.0010593218317241537
      ],
      [
        0.041151345593839025,
        0.007717932816555169,
        0.0009999452348521856,
        0.003045671591988388,
        0.9460413048683062,
        0.0010437998944591127
      ],
      [
        0.034160804505121725,
        0.013245347646824163,
        0.0009998451574606865,
        0.004191161811793967,
        0.9464029957213389,
        0.0009998451574606865
      ],
      [
        0.9208247430466252,
        0.02095065977058926,
        0.0009999219484949813,
        0.006107817980669357,
        0.05010308070348851,
        0.001013776550132687
      ],
      [
        0.9207025688303947,
        0.02112236836366642,
        0.000999911060970054,
        0.004926070624863916,
        0.051249170059134874,
        0.000999911060970054
      ],
      [
        0.9160321654374282,
        0.018559249540583096,
        0.000999921886513503,
        0.007305328981137508,
        0.05608955760884219,
        0.001013776545495527
      ],
      [
        0.9476681480742067,
        0.012363214239554662,
        0.000999932281248256,
        0.0013859418902681542,
        0.036555480749696924,
        0.001027282765025368
      ],
      [
        0.04349595700672468,
        0.014975263290518568,
        0.0009999453115032847,
        0.003045671592637338,
        0.9364393628823487,
        0.001043799916267426
      ],
      [
        0.9740653106534924,
        0.0049184395580311865,
        0.0009999578563012225,
        0.003951698238720169,
        0.015004629001919493,
        0.0010599646915355275
      ],
      [
        0.020707269622786545,
        0.009472919561706298,
        0.0009999579038583008,
        0.0015566304395205103,
        0.9662032057611066,
        0.0010600167110216576
      ],
      [
        0.017244010059444398,
        0.002856554916603378,
        0.0009999420942142672,
        0.0009999420942142672,
        0.9768223059377389,
        0.0010772448977847758
      ],
      [
        0.9834092019274729,
        0.005079124856136779,
        0.000999944744603784,
        0.000999944744603784,
        0.008262825323962036,
        0.0012489584032207254
      ],
      [
        0.9944682886873947,
        0.0010712200166782951,
        0.000999939433933087,
        0.000999939433933087,
        0.0012150716716001675,
        0.0012455407564606954
      ],
      [
        0.9950224004417905,
        0.0009955199116420117,
        0.0009955199116420117,
        0.0009955199116420117,
        0.0009955199116420117,
        0.0009955199116420117
      ],
      [
        0.9950224004417905,
        0.0009955199116420117,
        0.0009955199116420117,
        0.0009955199116420117,
        0.0009955199116420117,
        0.0009955199116420117
      ],
      [
        0.9950224004417905,
        0.0009955199116420117,
        0.0009955199116420117,
        0.0009955199116420117,
        0.0009955199116420117,
        0.0009955199116420117
      ],
      [
        0.9950224004417905,
        0.0009955199116420117,
        0.0009955199116420117,
        0.0009955199116420117,
        0.0009955199116420117,
        0.0009955199116420117
      ],
      [
        0.9794960057408943,
        0.005690766758498159,
        0.00431481157814329,
        0.0015580053077703755,
        0.007879605996352774,
        0.001060804618341203
      ],
      [
        0.965275152647819,
        0.007281978774846332,
        0.0009999453213601608,
        0.0031672059532558815,
        0.02223190860190144,
        0.0010438087008171257
      ],
      [
        0.9507102105791992,
        0.013446059014826588,
        0.0009999328871083087,
        0.0019853020026389463,
        0.031830615132860667,
        0.001027880383366287
      ],
      [
        0.10341336330546391,
        0.016182594806306967,
        0.0009998270488755156,
        0.004808580326927286,
        0.8735958074635509,
        0.0009998270488755156
      ],
      [
        0.956741028993585,
        0.004905597896805927,
        0.004798584403621932,
        0.0017063885953870457,
        0.030820048882682975,
        0.0010283512279172082
      ],
      [
        0.9950224004417905,
        0.0009955199116420117,
        0.0009955199116420117,
        0.0009955199116420117,
        0.0009955199116420117,
        0.0009955199116420117
      ]
    ],
    [
      [
        0.9950224004417905,
        0.0009955199116420117,
        0.0009955199116420117,
        0.0009955199116420117,
        0.0009955199116420117,
        0.0009955199116420117
      ],
      [
        0.016395084395106785,
        0.0016557774273494807,
        0.0011959780208261601,
        0.0015700187239506384,
        0.9781050301029681,
        0.0010781113297989775
      ],
      [
        0.9717448559925975,
        0.008404452557901567,
        0.0009999578586293327,
        0.00514925294019386,
        0.012641515956674473,
        0.001059964694003346
      ],
      [
        0.9676018832614411,
        0.012169775392240881,
        0.0009999453182172908,
        0.001969666618716956,
        0.016214920711847353,
        0.0010438086975363913
      ],
      [
        0.060425393997182816,
        0.013357675155626076,
        0.0009998450450383219,
        0.007783419633355015,
        0.9164338211237595,
        0.0009998450450383219
      ],
      [
        0.12482729428880175,
        0.019973689704840755,
        0.0009998270427076373,
        0.002413785291919396,
        0.8507855766290228,
        0.0009998270427076373
      ],
      [
        0.9409582707794365,
        0.01728397883746541,
        0.0009999328987482785,
        0.006775399829623018,
        0.032954537259395296,
        0.0010278803953315866
      ],
      [
        0.884863272666531,
        0.01860725450226029,
        0.0009999218678899617,
        0.0073053288450757835,
        0.08721044559162916,
        0.0010137765266139429
      ],
      [
        0.8979829904577964,
        0.02347287894001767,
        0.000999921947563804,
        0.006107817974981453,
        0.0704226141304521,
        0.0010137765491886079
      ],
      [
        0.892573394727912,
        0.023599933788313942,
        0.0009999098728734328,
        0.0019317255436494436,
        0.07989512619437772,
        0.0009999098728734328
      ],
      [
        0.6520285607777937,
        0.021205574827818242,
        0.000999734436102333,
        0.005240828389123542,
        0.31952556713306,
        0.000999734436102333
      ],
      [
        0.9207932551877764,
        0.020992816424549542,
        0.000999911060970054,
        0.004926070624863916,
        0.05128803564086993,
        0.000999911060970054
      ],
      [
        0.09853349837486977,
        0.016311548761023045,
        0.0009998270455006386,
        0.002413785298662268,
        0.8807415134744436,
        0.0009998270455006386
      ],
      [
        0.9651740334154894,
        0.01091739856753149,
        0.0009999328708123515,
        0.0031828265042041014,
        0.018697928275347928,
        0.001027880366614868
      ],
      [
        0.9754531723282536,
        0.007294772596436118,
        0.0009999446816701294,
        0.001370299138990022,
        0.01383860016633007,
        0.001043211088320078
      ],
      [
        0.9825784372637864,
        0.004732372146425048,
        0.000999957874809699,
        0.001556589936254915,
        0.009072678067569352,
        0.0010599647111546857
      ],
      [
        0.008879767614769874,
        0.005848851202008146,
        0.0009999432889059793,
        0.0009999432889059793,
        0.9821936526407473,
        0.001077841964662723
      ],
      [
        0.9842969906094954,
        0.005874064369094252,
        0.0009999432346890175,
        0.0009999432346890175,
        0.006751272851760838,
        0.0010777857002714627
      ],
      [
        0.02185540989583558,
        0.0059508490096286705,
        0.000999957899900513,
        0.0015566304333594378,
        0.9685771360544495,
        0.0010600167068261597
      ],
      [
        0.9639856727412665,
        0.008610862199544086,
        0.0009999452309735568,
        0.004364745003476932,
        0.020994966160068847,
        0.0010438086646701158
      ],
      [
        0.048524468215121026,
        0.01684527090627459,
        0.0009998451197538037,
        0.0029937426765034563,
        0.9296368279625934,
        0.0009998451197538037
      ],
      [
        0.9256233692749656,
        0.01495084153957359,
        0.0009999219394160037,
        0.004910306249974233,
        0.05250178445514271,
        0.001013776540927914
      ],
      [
        0.9525152130555411,
        0.015863995995944798,
        0.000999932268211506,
        0.0013859418721987526,
        0.02820763405647189,
        0.0010272827516320322
      ],
      [
        0.9627771607624726,
        0.014614231497058934,
        0.0009999452610054207,
        0.004364745134565541,
        0.016200108648878175,
        0.0010438086960193526
      ],
      [
        0.9704222037577984,
        0.012175825492141622,
        0.000999957827840076,
        0.0027541444021289235,
        0.012587903800519345,
        0.0010599647195716519
      ],
      [
        0.9777111160121205,
        0.006040074090919971,
        0.000999957819691691,
        0.0015565899668655758,
        0.012632297399468072,
        0.001059964710934287
      ],
      [
        0.9707184453923761,
        0.009615102181800715,
        0.0009999446954056179,
        0.001370299157812791,
        0.016252997469954917,
        0.0010432111026498845
      ],
      [
        0.01350191605734417,
        0.003513759800299282,
        0.0009999579156152586,
        0.001556630457822519,
        0.9793677190454341,
        0.0010600167234847539
      ],
      [
        0.01486654013777535,
        0.004645282855191642,
        0.0009999433028742336,
        0.0009999433028742336,
        0.9774104484215653,
        0.0010778419797191473
      ],
      [
        0.9833788485496376,
        0.005122486824472918,
        0.000999944744603784,
        0.000999944744603784,
        0.008249816733461195,
        0.0012489584032207254
      ],
      [
        0.9944553696278772,
        0.001089675815989188,
        0.000999939433933087,
        0.000999939433933087,
        0.0012095349318068996,
        0.0012455407564606954
      ],
      [
        0.9853191115016632,
        0.0020071308231305526,
        0.0019455888629545165,
        0.0009999728216098674,
        0.008478624377988768,
        0.0012495716126531733
      ],
      [
        0.9859252058007483,
        0.002021276404956957,
        0.001944686971045862,
        0.0009999723272941495,
        0.008030231283927831,
        0.0010786272120269262
      ],
      [
        0.9806980773959375,
        0.00568609368316964,
        0.001917209481952312,
        0.0015580053798393383,
        0.009079809412746685,
        0.0010608046463546016
      ],
      [
        0.9592791080110289,
        0.010886523639306376,
        0.0009999452374921008,
        0.0019696665761154957,
        0.025820947864582475,
        0.0010438086714746012
      ],
      [
        0.9543195515738198,
        0.011027058125252596,
        0.0009999328535851974,
        0.0019853019360809793,
        0.03064027516235536,
        0.0010278803489062256
      ],
      [
        0.9281077453874811,
        0.016020706146173506,
        0.0009999218720802585,
        0.0025152838941787203,
        0.05134256616922421,
        0.0010137765308622993
      ],
      [
        0.9184380740124619,
        0.014948443758375231,
        0.0009999111280133567,
        0.0037285724605168416,
        0.0608850875126193,
        0.0009999111280133567
      ],
      [
        0.9364445503903627,
        0.005302883397006426,
        0.006272511055813483,
        0.0012699286448713566,
        0.049696865671812966,
        0.0010132608401331893
      ],
      [
        0.9950224004417905,
        0.0009955199116420117,
        0.0009955199116420117,
        0.0009955199116420117,
        0.0009955199116420117,
        0.0009955199116420117
      ]
    ],
    [
      [
        0.9950224004417905,
        0.0009955199116420117,
        0.0009955199116420117,
        0.0009955199116420117,
        0.0009955199116420117,
        0.0009955199116420117
      ],
      [
        0.985271837059958,
        0.0020746657398519617,
        0.001945588862954516,
        0.0009999728216098672,
        0.008458363902972343,
        0.001249571612653173
      ],
      [
        0.9776918342660676,
        0.007129805434652523,
        0.0009999722313926516,
        0.0015709631860080537,
        0.011529010966407975,
        0.0010784139154712252
      ],
      [
        0.9686723262675861,
        0.010878073750171083,
