{"prediction": [[[0.9950002213710264, 0.0009999557257947397, 0.0009999557257947397, 0.0009999557257947397, 0.0009999557257947397, 0.0009999557257947397], [0.9950003428519442, 0.0009999314296111833, 0.0009999314296111833, 0.0009999314296111833, 0.0009999314296111833, 0.0009999314296111833], [0.9950003800450026, 0.0009999239909995125, 0.0009999239909995125, 0.0009999239909995125, 0.0009999239909995125, 0.0009999239909995125], [0.9950004087100517, 0.0009999182579896674, 0.0009999182579896674, 0.0009999182579896674, 0.0009999182579896674, 0.0009999182579896674], [0.9948030448604395, 0.0009999396101258847, 0.0009999396101258847, 0.0009999396101258847, 0.0011971966990570655, 0.0009999396101258847], [0.9939694832215775, 0.000999944259996101, 0.000999944259996101, 0.000999944259996101, 0.002030739738437995, 0.000999944259996101], [0.9948030448604395, 0.0009999396101258847, 0.0009999396101258847, 0.0009999396101258847, 0.0011971966990570655, 0.0009999396101258847], [0.9947401520960124, 0.0009999371350512965, 0.0009999371350512965, 0.0009999371350512965, 0.0012600993637824113, 0.0009999371350512965], [0.9950003649043458, 0.0009999270191308452, 0.0009999270191308452, 0.0009999270191308452, 0.0009999270191308452, 0.0009999270191308452], [0.994700134120453, 0.0009999448229374064, 0.0009999448229374064, 0.0009999448229374064, 0.0013000865877973629, 0.0009999448229374064], [0.995000207217466, 0.0009999585565068315, 0.0009999585565068315, 0.0009999585565068315, 0.0009999585565068315, 0.0009999585565068315], [0.9950002108095257, 0.0009999578380948692, 0.0009999578380948692, 0.0009999578380948692, 0.0009999578380948692, 0.0009999578380948692], [0.9950002564642013, 0.0009999487071597505, 0.0009999487071597505, 0.0009999487071597505, 0.0009999487071597505, 0.0009999487071597505], [0.9950002705371791, 0.0009999458925641987, 0.0009999458925641987, 0.0009999458925641987, 0.0009999458925641987, 0.0009999458925641987], [0.9950002705371791, 0.0009999458925641987, 0.0009999458925641987, 0.0009999458925641987, 0.0009999458925641987, 0.0009999458925641987], [0.9950002705371791, 0.0009999458925641987, 0.0009999458925641987, 0.0009999458925641987, 0.0009999458925641987, 0.0009999458925641987], [0.9950002705371791, 0.0009999458925641987, 0.0009999458925641987, 0.0009999458925641987, 0.0009999458925641987, 0.0009999458925641987], [0.9950002705371791, 0.0009999458925641987, 0.0009999458925641987, 0.0009999458925641987, 0.0009999458925641987, 0.0009999458925641987], [0.9950002108095257, 0.0009999578380948692, 0.0009999578380948692, 0.0009999578380948692, 0.0009999578380948692, 0.0009999578380948692], [0.9950002705371791, 0.0009999458925641987, 0.0009999458925641987, 0.0009999458925641987, 0.0009999458925641987, 0.0009999458925641987], [0.9950002249572006, 0.000999955008559873, 0.000999955008559873, 0.000999955008559873, 0.000999955008559873, 0.000999955008559873], [0.9950002213710264, 0.0009999557257947397, 0.0009999557257947397, 0.0009999557257947397, 0.0009999557257947397, 0.0009999557257947397], [0.9950003428519442, 0.0009999314296111833, 0.0009999314296111833, 0.0009999314296111833, 0.0009999314296111833, 0.0009999314296111833], [0.995000394352233, 0.0009999211295534261, 0.0009999211295534261, 0.0009999211295534261, 0.0009999211295534261, 0.0009999211295534261], [0.9950003969874195, 0.000999920602516134, 0.000999920602516134, 0.000999920602516134, 0.000999920602516134, 0.000999920602516134], [0.9940757317588605, 0.0009999360277578354, 0.0009999360277578354, 0.0009999360277578354, 0.0019245241301081059, 0.0009999360277578354], [0.993367164932251, 0.0009999352945513202, 0.0009999352945513202, 0.0009999352945513202, 0.0026330938895438283, 0.0009999352945513202], [0.9950004340471404, 0.0009999131905719181, 0.0009999131905719181, 0.0009999131905719181, 0.0009999131905719181, 0.0009999131905719181], [0.9950004197319402, 0.000999916053611979, 0.000999916053611979, 0.000999916053611979, 0.000999916053611979, 0.000999916053611979], [0.9943971945984135, 0.0009999261765036896, 0.0009999261765036896, 0.0009999261765036896, 0.0016031006955717162, 0.0009999261765036896], [0.9894989531306976, 0.0009999114484328022, 0.0009999114484328022, 0.0009999114484328022, 0.0065014010755713005, 0.0009999114484328022], [0.9950003738133484, 0.0009999252373303342, 0.0009999252373303342, 0.0009999252373303342, 0.0009999252373303342, 0.0009999252373303342], [0.994700134120453, 0.0009999448229374064, 0.0009999448229374064, 0.0009999448229374064, 0.0013000865877973629, 0.0009999448229374064], [0.9950002232844783, 0.0009999553431043467, 0.0009999553431043467, 0.0009999553431043467, 0.0009999553431043467, 0.0009999553431043467], [0.9950002249572006, 0.000999955008559873, 0.000999955008559873, 0.000999955008559873, 0.000999955008559873, 0.000999955008559873], [0.9950002705371791, 0.0009999458925641987, 0.0009999458925641987, 0.0009999458925641987, 0.0009999458925641987, 0.0009999458925641987], [0.9950002512750467, 0.0009999497449906913, 0.0009999497449906913, 0.0009999497449906913, 0.0009999497449906913, 0.0009999497449906913], [0.9950002705371791, 0.0009999458925641987, 0.0009999458925641987, 0.0009999458925641987, 0.0009999458925641987, 0.0009999458925641987], [0.9950002493591394, 0.0009999501281721436, 0.0009999501281721436, 0.0009999501281721436, 0.0009999501281721436, 0.0009999501281721436], [0.9950002705371791, 0.0009999458925641987, 0.0009999458925641987, 0.0009999458925641987, 0.0009999458925641987, 0.0009999458925641987]], [[0.9950003428519442, 0.0009999314296111833, 0.0009999314296111833, 0.0009999314296111833, 0.0009999314296111833, 0.0009999314296111833], [0.9435636727628538, 0.012083367676442773, 0.020482718274205357, 0.0036539509874283474, 0.019182828359214397, 0.0010334619398553642], [0.8834851221135105, 0.02101363149573938, 0.05918672735326252, 0.005111938486397603, 0.030185413634198573, 0.0010171669168914249], [0.8660996830863621, 0.021508792378311978, 0.0533258673032844, 0.00544338784873866, 0.052615516202375784, 0.0010067531809272038], [0.8841821975802502, 0.01648675473908379, 0.052555652912847035, 0.00555444505908333, 0.04020621482002737, 0.0010147348887082643], [0.9170851530836, 0.024690432495633418, 0.02565922657008371, 0.005092649952656754, 0.026457374271931948, 0.0010151636260942076], [0.8899647931190782, 0.013898914569838553, 0.04552485525989447, 0.005583855623253666, 0.04400645671741578, 0.001021124710519391], [0.8631747459160125, 0.01921901406767746, 0.05374121161929814, 0.00548996638325468, 0.05737114051718282, 0.0010039214965744299], [0.0755151679413531, 0.016235434695538824, 0.054429144896105314, 0.007548363317019006, 0.8452719016650803, 0.0009999874849035625], [0.9323236302103571, 0.014648440218147268, 0.029447409814104042, 0.003489429086462676, 0.019067645840906592, 0.0010234448300224096], [0.047861234642294394, 0.01133099899165771, 0.02615253258875204, 0.0030286953751458576, 0.9106097173918188, 0.0010168210103311379], [0.019833534310113764, 0.008567345657362715, 0.011043364081090641, 0.0013539525772325077, 0.9581909244913661, 0.00101087888283426], [0.010070380025224115, 0.005214517455474807, 0.005753870909850098, 0.001368895989495478, 0.976580265292625, 0.0010120703273304658], [0.9846020410063825, 0.005068383531267744, 0.004020477947912545, 0.001459084057730364, 0.00384062327279736, 0.001009390183909767], [0.9909282370636863, 0.0026415412789360304, 0.001698529366617462, 0.0010425306486425403, 0.002689161988911188, 0.000999999653206466], [0.9904413891092301, 0.002633586557223738, 0.0016985223799132285, 0.0010425236665138043, 0.0031839786408876403, 0.0009999996462316113], [0.9845936596098124, 0.005080356954939191, 0.004020477947912544, 0.0014590840577303637, 0.003837031245695925, 0.0010093901839097667], [0.9817401253737668, 0.00526451404934903, 0.005327565844765537, 0.0014420087953565233, 0.0052154411484234674, 0.0010103447883386618], [0.02172213038287888, 0.006476850909269884, 0.009910077333797606, 0.0013531261364598344, 0.9595277627955321, 0.0010100524420615866], [0.9814829792802697, 0.005251817978262481, 0.005595444374790241, 0.0014417425810113883, 0.005217937211672607, 0.0010100785739935267], [0.9723837595265996, 0.005582597068915904, 0.008037119745147099, 0.0018913682542510452, 0.011092452648610423, 0.0010127027564757385], [0.9412911709913884, 0.01122566409594276, 0.02287821158683901, 0.0030488727288677537, 0.02053767468352717, 0.0010184059134349182], [0.9220093046650857, 0.019275124358956786, 0.03516981181843279, 0.0034700452182858353, 0.019059635729160453, 0.0010160782100783437], [0.8947451441891695, 0.01646329215639162, 0.045708047730512825, 0.0055476368356127, 0.03650942782924731, 0.001026451259066069], [0.8602505109373189, 0.024854277492758786, 0.05244692285639531, 0.005491182486479617, 0.05595292146027674, 0.0010041847667707747], [0.879829416740036, 0.026769924823553413, 0.045455005751382394, 0.006416062494548562, 0.04051049644114983, 0.0010190937493298], [0.8886063834250616, 0.02116678239624972, 0.04280284853532897, 0.006398933317185043, 0.040009065894483976, 0.0010159864316908174], [0.8753578789965475, 0.017274989713680605, 0.04371882650998071, 0.005522149575141123, 0.057115266474478135, 0.0010108887301720436], [0.8981372210626901, 0.013766060109242547, 0.04145871731384135, 0.005529324429248733, 0.04008626154906646, 0.0010224155359108472], [0.9272524551304439, 0.008109912954122452, 0.023572454664085474, 0.004292729117313703, 0.035760942073362854, 0.0010115060606716297], [0.9297286899536786, 0.008177516327072334, 0.02044947804477809, 0.004302408437125449, 0.03632766992983791, 0.0010142373075077106], [0.8973727643351915, 0.013628792408869333, 0.042975053585558504, 0.005524855018675381, 0.039477104093048734, 0.001021430558656489], [0.934109854512815, 0.013500820639226448, 0.026281907540117493, 0.003494356004916716, 0.02158774405324768, 0.0010253172496764845], [0.9390827019622905, 0.011534434529251611, 0.02554581531506862, 0.0029709381424246105, 0.01985009995719541, 0.0010160100937692098], [0.9723317116940278, 0.005602980257972694, 0.009120491619579745, 0.0017763894108191263, 0.01015579418635177, 0.0010126328312488444], [0.9832926390866472, 0.005254861069265072, 0.00560077053770941, 0.0014436361009401652, 0.0033961211115157704, 0.0010119720939223034], [0.007447998007241149, 0.004876941803607109, 0.0040006175961734905, 0.0013792672533082734, 0.9812876342382535, 0.001007541101416573], [0.9922885987650294, 0.0026268786972418615, 0.0016999314525602918, 0.0010439325070891782, 0.0013396038748296059, 0.0010010547032496759], [0.007800839910469671, 0.0022232468311712207, 0.0015943963405208202, 0.0010162326219524394, 0.9863653109032544, 0.0009999733926314965], [0.9950002493591394, 0.0009999501281721436, 0.0009999501281721436, 0.0009999501281721436, 0.0009999501281721436, 0.0009999501281721436]], [[0.9950003800450026, 0.0009999239909995125, 0.0009999239909995125, 0.0009999239909995125, 0.0009999239909995125, 0.0009999239909995125], [0.8838495463357201, 0.02088179767042431, 0.05890368900085624, 0.005113180990765738, 0.03023431686103601, 0.0010174691411977336], [0.8525957161995186, 0.086704093966395, 0.000999995262433524, 0.005619533376126948, 0.05308066593309244, 0.000999995262433524], [0.5887991633379184, 0.13038890084860852, 0.0010384033473125089, 0.011769257159733489, 0.26696587195911453, 0.0010384033473125089], [0.8382183696561968, 0.09957388641314462, 0.0009999820664824102, 0.00645963869243608, 0.05374814110525783, 0.0009999820664824102], [0.8558492645672964, 0.09487818016875901, 0.0010003933297961657, 0.007223378094517998, 0.040044557776477335, 0.0010042260631531867], [0.8469492849878478, 0.08713855613906774, 0.0009999985480921786, 0.006513279881171377, 0.05739888189572888, 0.0009999985480921786], [0.5864244667219718, 0.13180922310725257, 0.0010427804056368515, 0.012581371406173446, 0.26709937795332855, 0.0010427804056368515], [0.1367964567277736, 0.07985294797900638, 0.0009999713425546848, 0.00536745518057298, 0.7759831974275377, 0.0009999713425546848], [0.8725680738926728, 0.08356784362013138, 0.00100143607647118, 0.005617486695758552, 0.03623988436332134, 0.0010052753516446734], [0.9216387395908183, 0.052897965507592876, 0.0010105144357466923, 0.003263266175047339, 0.020175047384160854, 0.0010144669066339412], [0.9292745634394584, 0.046739503193384456, 0.0010035596368430373, 0.00299850437819837, 0.018976210360464766, 0.001007658991650815], [0.022854990451217083, 0.02369125269468593, 0.0009999987087776613, 0.001737877276073758, 0.9497129263785639, 0.001002954490681681], [0.9814330340440494, 0.01096913051340585, 0.0010064372448934749, 0.0016430152108214246, 0.003937529484965493, 0.0010108535018644373], [0.01659844730339401, 0.008172879946693946, 0.0009999979482462115, 0.0015985589669061085, 0.9716275683279655, 0.00100254750679422], [0.9851246560351435, 0.007806270272823085, 0.0010038912942586158, 0.0015957495961967582, 0.00346094106989786, 0.00100849173167994], [0.016610617404938473, 0.011433998497250498, 0.0010012851167639624, 0.0016739515917204581, 0.9682744452006358, 0.0010057021886908895], [0.9657857110857118, 0.022130644367172103, 0.0010032310936337705, 0.001681085820450567, 0.008391850283087431, 0.0010074773499443588], [0.9254557812439099, 0.05055624895311699, 0.0009999983448272364, 0.002783166224727391, 0.019202362713332175, 0.0010024425200862712], [0.9600844256974614, 0.018919812527634416, 0.0009999989800262392, 0.002770981505576679, 0.01622155603105591, 0.0010032252582451516], [0.9321457405901348, 0.04180961866361021, 0.0010015685212830486, 0.0029946347024740953, 0.02104276964640709, 0.0010056678760908264], [0.9220611964480245, 0.05279139783732183, 0.001010878257589406, 0.0032640677060613013, 0.019857629022526465, 0.0010148307284766549], [0.07420660373271878, 0.07260495782249027, 0.000999961246259635, 0.005275881326385219, 0.8459126346258866, 0.000999961246259635], [0.849477729605201, 0.08683892100197528, 0.0009999877650509192, 0.00565810324088308, 0.056025270621838895, 0.0009999877650509192], [0.586565789118382, 0.13468576887958614, 0.0010282410412605694, 0.012462742498601987, 0.26422921742090894, 0.0010282410412605694], [0.8206421219818802, 0.11982421032881076, 0.000999958200637396, 0.007136651652714582, 0.05039709963531963, 0.000999958200637396], [0.13223324041682516, 0.11965381820065973, 0.0009999732030214403, 0.00769929955595667, 0.7384136954205156, 0.0009999732030214403], [0.5916225596854902, 0.12166134285084379, 0.001035751923832346, 0.012470876067125568, 0.27217371754887565, 0.001035751923832346], [0.854842230954706, 0.07620195041643793, 0.0009999826897618951, 0.005644054762644352, 0.061311798486688066, 0.0009999826897618951], [0.09419483546934869, 0.07074997248096362, 0.000999953094944588, 0.006109862520455485, 0.8269454233393431, 0.000999953094944588], [0.8708604464804431, 0.07784779573923058, 0.000999998296821289, 0.00648789677643239, 0.04280210544481522, 0.0010017572622574831], [0.13611862320611645, 0.07443223212689419, 0.0009999675263480362, 0.005356240554140213, 0.7820929690601532, 0.0009999675263480362], [0.8811846712264779, 0.07256447545711547, 0.0010065726397343784, 0.005638848969697533, 0.03859501979206685, 0.0010104119149078718], [0.05357301354777062, 0.05218122967495425, 0.0009999901744481919, 0.003403160055327785, 0.888842616373051, 0.0009999901744481919], [0.050079418534983905, 0.04710416746295512, 0.0010025642088526377, 0.003233720752242563, 0.8975734653948, 0.0010066636461656658], [0.02684252534423524, 0.019195246017034033, 0.0009999977706337468, 0.0017369375005666101, 0.9502232779628916, 0.0010020154046387624], [0.981782920584515, 0.01099804027309132, 0.0010068071016271394, 0.001643385067555089, 0.0035576236146132832, 0.0010112233585981018], [0.9841566692855745, 0.007621669666399876, 0.0010009385825593177, 0.0015927968844974597, 0.004622386560988098, 0.0010055390199806419], [0.9919447293690828, 0.002552627371541585, 0.0016997207805310739, 0.00104372183505996, 0.001758356612564144, 0.001000844031220458], [0.9950002705371791, 0.0009999458925641987, 0.0009999458925641987, 0.0009999458925641987, 0.0009999458925641987, 0.0009999458925641987]], [[0.9950003428519442, 0.0009999314296111833, 0.0009999314296111833, 0.0009999314296111833, 0.0009999314296111833, 0.0009999314296111833], [0.9319339738463819, 0.010215861523019917, 0.03247585122657022, 0.00352077665496467, 0.020827702922266537, 0.0010258338267968652], [0.875415772527262, 0.08571357703741457, 0.0010048603342836606, 0.005241708320462709, 0.031615382171119914, 0.001008699609457154], [0.13288806113980237, 0.08373054391659542, 0.0009999671169438333, 0.005297150022358053, 0.7760843106873565, 0.0009999671169438333], [0.08836229858969112, 0.07699990511528043, 0.0009999537745754813, 0.005311679871353885, 0.8273262088745236, 0.0009999537745754813], [0.07870075447094244, 0.05395470148416426, 0.0009999676063287774, 0.005306515388015986, 0.8600380934442198, 0.0009999676063287774], [0.8631560290921715, 0.085429627321852, 0.000999999560178611, 0.006946246282793028, 0.04246469873073024, 0.001003399012274633], [0.8369068878801689, 0.09942060512020495, 0.00099999430042792, 0.007723459609551885, 0.053949058789218435, 0.00099999430042792], [0.8565336466481329, 0.09395276167454278, 0.0009999917667515184, 0.006910582820741546, 0.040603025323079814, 0.0009999917667515184], [0.9098586592994252, 0.051597309259011744, 0.0009999982403742285, 0.00451048852177857, 0.0320313536008749, 0.0010021910785353563], [0.06035930630907759, 0.04296600619912568, 0.0009999964549472044, 0.0043575815779921066, 0.8903165586339252, 0.0010005508249321846], [0.023036537977799074, 0.017684411637924908, 0.0010040585400033933, 0.0019486399546675983, 0.955318046339875, 0.0010083055497299078], [0.9799922398989549, 0.008111937809197731, 0.0010045733860264317, 0.002473079364512459, 0.007409179898311152, 0.0010089896429973941], [0.979304519740982, 0.007873958914286454, 0.0009999969028034715, 0.0021940115721595294, 0.00862601274032023, 0.001001500129448249], [0.016884863486003293, 0.0082863443685132, 0.0009999996301316815, 0.0019499538485967143, 0.9708746075848664, 0.0010042310818887217], [0.9804951785488654, 0.011082290186998725, 0.0010055792197406963, 0.0016421571856686458, 0.004764799382014997, 0.0010099954767116587], [0.9658984855700556, 0.022227198945191394, 0.0010034130243213328, 0.0017230680982361348, 0.00814017508156367, 0.001007659280631921], [0.9190860895584264, 0.05618731404678235, 0.0009999977986048358, 0.0032282520542967433, 0.019496450792665865, 0.001001895749223895], [0.9073103520628379, 0.06618751115927533, 0.001003007686769563, 0.0036970368826772754, 0.020795132050783118, 0.0010069601576568122], [0.9246746690166807, 0.05088218500070237, 0.0009999977782190312, 0.003119035638200027, 0.019322237223247697, 0.0010018753429500938], [0.03902769416265058, 0.019771177622412747, 0.0009999817213756088, 0.003075219096354488, 0.9361259456758312, 0.0009999817213756088], [0.05250145607807731, 0.03661668148373226, 0.0010015398189065566, 0.003608036244858172, 0.905266647118206, 0.0010056392562195846], [0.9273548072081764, 0.045841181815019706, 0.0010133279247323485, 0.0037248789611972395, 0.02104852369525478, 0.0010172803956195974], [0.8836353067492925, 0.07064541327531584, 0.001008644967158885, 0.0061018798618652816, 0.03759627090403519, 0.0010124842423323782], [0.8579538136265291, 0.076728272200521, 0.0009999970764257332, 0.006132132382560556, 0.05718578763753774, 0.0009999970764257332], [0.07351197822647045, 0.07909494228110209, 0.0009999599296686467, 0.00650157892959842, 0.8388915807034917, 0.0009999599296686467], [0.8756999158723279, 0.07271673348707575, 0.0010028892294683196, 0.006964987046085398, 0.04260874586040087, 0.0010067285046418128], [0.8592562793858161, 0.07107439495341641, 0.0009999905465672603, 0.006112961403585295, 0.061556383164047775, 0.0009999905465672603], [0.8765753582803347, 0.06701038192829539, 0.000999999515577193, 0.006945929573616743, 0.04746498793909672, 0.0010033427630793943], [0.8690856136230134, 0.07719458420671715, 0.0009999970549052402, 0.006927905483929259, 0.04479175799852083, 0.0010001416329142045], [0.8421043374008597, 0.09210166178868633, 0.0009999714114084758, 0.007628312660685041, 0.05616574532695214, 0.0009999714114084758], [0.5846484723823959, 0.13230197404494162, 0.001027767919746674, 0.012775221726927261, 0.2682187960062419, 0.001027767919746674], [0.8472781071415002, 0.08736759910325069, 0.000999987106443421, 0.006102331587349611, 0.0572519879550127, 0.000999987106443421], [0.8718983008476487, 0.08560715637331419, 0.0010010182016901832, 0.0059560847522072925, 0.03453258234827598, 0.0010048574768636764], [0.05397715401098794, 0.052159502873326165, 0.0009999895280213, 0.0034021208328842783, 0.8884612432267591, 0.0009999895280213], [0.9223116572917508, 0.0557099472154202, 0.0009999988121974412, 0.0027839695362999644, 0.01719151678475417, 0.0010029103595773725], [0.9672933188387056, 0.02072746067527478, 0.0010053142702067532, 0.0016831689970235502, 0.008281176692271916, 0.0010095605265173413], [0.9834989003517196, 0.005299950094579243, 0.0039802835841703825, 0.0014437935890657784, 0.004764942798417013, 0.0010121295820479167], [0.9950002705371791, 0.0009999458925641987, 0.0009999458925641987, 0.0009999458925641987, 0.0009999458925641987, 0.0009999458925641987], [0.9950002705371791, 0.0009999458925641987, 0.0009999458925641987, 0.0009999458925641987, 0.0009999458925641987, 0.0009999458925641987]], [[0.995000207217466, 0.0009999585565068315, 0.0009999585565068315, 0.0009999585565068315, 0.0009999585565068315, 0.0009999585565068315], [0.04758957349647119, 0.010919644410461343, 0.023428024470403597, 0.002785865452352024, 0.9142568416107993, 0.001020050559512493], [0.9288374679672889, 0.045747369719894376, 0.0010148131684686507, 0.0032727366553562814, 0.02010884684963584, 0.0010187656393558996], [0.07600189714540492, 0.07435848524179885, 0.000999965309546772, 0.005287586167793916, 0.8423521008259087, 0.000999965309546772], [0.08122237408822351, 0.04038340336678382, 0.0009999604925469692, 0.004530309117892733, 0.8718639924420061, 0.0009999604925469692], [0.08119964738542013, 0.040415870085074385, 0.0009999604925469692, 0.004530309117892733, 0.8718542524265188, 0.0009999604925469692], [0.08861406108024239, 0.08295532142604538, 0.000999953887292828, 0.006057220459768368, 0.8203734892593583, 0.000999953887292828], [0.8102531851293009, 0.1298773514808763, 0.000999971869711352, 0.007432719877941661, 0.05043679977245852, 0.000999971869711352], [0.8561883912444624, 0.09310885795133213, 0.0009999939860130852, 0.006516516989230693, 0.04218624584294865, 0.0009999939860130852], [0.9094446069502078, 0.0515852546510992, 0.0009999977984480443, 0.004314859962142555, 0.03265353192942394, 0.0010017487086782957], [0.054611258003722726, 0.052235418766620016, 0.0009999905557246638, 0.003784525103418473, 0.8873688170147895, 0.0009999905557246638], [0.9727959395644158, 0.0133803635161737, 0.0010051951741765779, 0.0020730145316569344, 0.00973604578308975, 0.0010094414304871661], [0.9777937228551186, 0.007993973446058122, 0.0009999984443812017, 0.0021950067236854525, 0.01001443945507272, 0.0010028590756839474], [0.9797454417275367, 0.007863699167215797, 0.0009999950579627154, 0.001868680946298128, 0.008522188043024062, 0.0009999950579627154], [0.020920574908465703, 0.008625201412891286, 0.0010005611483085062, 0.001987437788611956, 0.9664612465214871, 0.0010049782202354335], [0.024640986006427175, 0.023970292210329206, 0.00099999668182303, 0.0017358467962221814, 0.9476519528047113, 0.0010009255004871723], [0.9183770316396286, 0.057227546937287224, 0.0009999962467734326, 0.0028976570080620017, 0.01949742580862099, 0.00100034235962783], [0.9079690810595635, 0.06671464235404777, 0.0010055203388554608, 0.0035081285427402166, 0.019793154895050454, 0.00100947280974271], [0.8569092501657585, 0.10447370027596498, 0.0009999943535499347, 0.005281942155174349, 0.03133511869600246, 0.0009999943535499347], [0.9150435198029252, 0.056641116628315905, 0.0010081067618588878, 0.003514551706865217, 0.022780645867288556, 0.0010120592327461366], [0.04974900124936031, 0.04241691781962766, 0.00100454703795927, 0.0032536079146771825, 0.9025672795031033, 0.001008646475272298], [0.9627174173155458, 0.016599233717721443, 0.0009999997158733895, 0.002791292539024414, 0.01588809486746778, 0.0010039618443671012], [0.9360970944421232, 0.03625392582822392, 0.0010015656907885692, 0.003113424484186677, 0.022528324509081227, 0.001005665045596347], [0.06271248234200048, 0.03865953423085477, 0.000999984840126786, 0.0043070208658926535, 0.8923209928809986, 0.000999984840126786], [0.8875218430843769, 0.06620902868158446, 0.0010121632946281831, 0.0057418143598817134, 0.038499148009727084, 0.0010160025698016766], [0.9229697451865732, 0.03701684243029374, 0.0010043528288571756, 0.0043371283175277515, 0.03366362593700374, 0.0010083052997444243], [0.9220124136816654, 0.032948175929019385, 0.0010047858932164693, 0.004338599014813915, 0.038687287117181064, 0.0010087383641037182], [0.8809278556845522, 0.06271794759445709, 0.001000577566317246, 0.005751938367471919, 0.04859726394571072, 0.0010044168414907394], [0.9127192970129677, 0.04190598250804959, 0.001000486641101452, 0.005117787075249689, 0.03825200765064299, 0.0010044391119887008], [0.8745471992503552, 0.07128702146300943, 0.0010029372265339973, 0.006560365066552432, 0.04559570049184133, 0.0010067765017074907], [0.8418070684052458, 0.09277905952239493, 0.0009999708084061267, 0.0074284611417347705, 0.05598546931381233, 0.0009999708084061267], [0.12363729317086726, 0.1318301548382182, 0.0009999752057849283, 0.007849541077413365, 0.7346830605019314, 0.0009999752057849283], [0.8576684619865853, 0.09440113022347334, 0.0009999943751138874, 0.006517660037920798, 0.03941275900179276, 0.0009999943751138874], [0.9098289263793164, 0.0516397848591672, 0.0009999982403742285, 0.00451048852177857, 0.032018610920828264, 0.0010021910785353563], [0.9202026891669248, 0.0498029749921641, 0.0009999902886600463, 0.003534181016467154, 0.02446017424712383, 0.0009999902886600463], [0.9730333684410899, 0.014643425474973574, 0.001007830550135812, 0.0016856852769526088, 0.00861761345040188, 0.0010120768064464003], [0.9798697199854128, 0.010668416693912679, 0.0010047524913502604, 0.0016413304572782104, 0.00580661162372488, 0.001009168748321223], [0.010328797472323898, 0.004924860099363829, 0.0040014549261444005, 0.0013801045832791837, 0.9783564044875013, 0.0010083784313874833], [0.9950002512750467, 0.0009999497449906913, 0.0009999497449906913, 0.0009999497449906913, 0.0009999497449906913, 0.0009999497449906913], [0.9950002705371791, 0.0009999458925641987, 0.0009999458925641987, 0.0009999458925641987, 0.0009999458925641987, 0.0009999458925641987]], [[0.9950002249572006, 0.000999955008559873, 0.000999955008559873, 0.000999955008559873, 0.000999955008559873, 0.000999955008559873], [0.9753168591980135, 0.005535177893053343, 0.007224230369372566, 0.0018887527094976135, 0.009024008914861055, 0.001010970915201769], [0.9323123456041625, 0.03517272124989545, 0.0009999975725906109, 0.003750708451898738, 0.026762557613394338, 0.0010016695080583987], [0.07235620342229389, 0.04306378421337495, 0.0009999666157586996, 0.004344544145538452, 0.8782355349872755, 0.0009999666157586996], [0.9224633608649415, 0.03999554741348346, 0.001006946523827349, 0.004541929347555614, 0.030981316855477406, 0.001010898994714598], [0.8957178202154488, 0.05726532633948215, 0.0010193229281763693, 0.005146417195234411, 0.039827951118308245, 0.0010231622033498628], [0.1318411659405643, 0.07081671000207315, 0.0009999576942211754, 0.005509533401863253, 0.789832675267057, 0.0009999576942211754], [0.582154006949255, 0.1412879233001763, 0.0010417027026337993, 0.012756389979681518, 0.26171827436561956, 0.0010417027026337993], [0.854727293895425, 0.07859817752248766, 0.0009999963889824502, 0.0060657212720785746, 0.05860881453204393, 0.0009999963889824502], [0.8798822933768826, 0.07657414616538637, 0.0010073970669610467, 0.00582710444852817, 0.03569782260010709, 0.0010112363421345399], [0.051745589784296865, 0.04337717307349469, 0.0009999926223788259, 0.0035684363257993644, 0.8993088155716515, 0.0009999926223788259], [0.050136073681892795, 0.029499633941645217, 0.001007704044211701, 0.0033017940907137727, 0.9150429907600117, 0.0010118034815247293], [0.9752049341968576, 0.008261366582460012, 0.0010023469380872597, 0.0021659425194035906, 0.012358816568793722, 0.001006593194397848], [0.9772747137229191, 0.007992320365805954, 0.0009999993174618822, 0.0023291224984293398, 0.010400111062082471, 0.0010037330333012063], [0.038450738411645584, 0.010004498889201593, 0.0009999782505124128, 0.00271993384921692, 0.9468248723489112, 0.0009999782505124128], [0.9408261223778381, 0.03359670713761143, 0.0010089546052681404, 0.003263978698470328, 0.020291183220736073, 0.0010130539600759182], [0.9183346577485278, 0.05483141463026912, 0.001011200563828588, 0.0036278909998193553, 0.021179683022839187, 0.001015153034715837], [0.8678169655412309, 0.09343579289736438, 0.001001613960581136, 0.005413252785060864, 0.03132692158000789, 0.0010054532357546295], [0.8466712421561406, 0.09671321481109081, 0.0009999913023423421, 0.0056064546207109855, 0.049009105807372895, 0.0009999913023423421], [0.8801580898697997, 0.07843361373155844, 0.001008391282699859, 0.005439914669397647, 0.03394775988867106, 0.0010122305578733524], [0.9308971372148501, 0.03984187664652222, 0.0010175664258299552, 0.0036444324275888584, 0.023577468388491774, 0.001021518896717204], [0.9390917331176101, 0.0330263469864329, 0.0010082460437453261, 0.003262403675512055, 0.022598924778146675, 0.001012345398553104], [0.9655668150556811, 0.008826893929827368, 0.0009999983111518293, 0.003023918578244121, 0.020579818412975116, 0.001002555712120511], [0.06018401450067482, 0.024844681345456213, 0.0010013827531610792, 0.004054523584184103, 0.9089099156260496, 0.0010054821904741074], [0.9362047377370308, 0.027500746367771507, 0.0010158471348345646, 0.004422223182431434, 0.029836645972209846, 0.0010197996057218135], [0.9424197557272311, 0.018994445805225895, 0.000999997434500528, 0.00404214423317995, 0.032542125520543135, 0.0010015312793194404], [0.9415637748874014, 0.019891796844453666, 0.00099999859184236, 0.00404575375582817, 0.03249598613723638, 0.001002689783237902], [0.06805170609837416, 0.03138646862559771, 0.0009999773467534907, 0.0050935970127535795, 0.8934682735697675, 0.0009999773467534907], [0.8901388460453263, 0.05551114327459277, 0.0010129836542707774, 0.00595259523621852, 0.04636760886014739, 0.0010168229294442708], [0.8682799864826554, 0.06242928898181802, 0.0010064860151758211, 0.006157642727828655, 0.06111735140509843, 0.0010092443874237028], [0.5941154755854463, 0.1264246253171918, 0.0010401529888798885, 0.012700494429626046, 0.264679098689976, 0.0010401529888798885], [0.8104918251887178, 0.13186847067420338, 0.0009999662916328014, 0.0074985603149810495, 0.048141211238832325, 0.0009999662916328014], [0.07683504443771562, 0.08184670576171851, 0.0009999533087961155, 0.005676413241428519, 0.8336419299415453, 0.0009999533087961155], [0.0639661279052647, 0.051825930159442875, 0.0009999646670950863, 0.004158650008895251, 0.8780493625922071, 0.0009999646670950863], [0.931039341810596, 0.03806987168744307, 0.0010023848412068074, 0.0034848098520973182, 0.025397107612642102, 0.0010064841960145852], [0.9725047364247792, 0.015339470733555304, 0.0010062053658207047, 0.0016840600926375016, 0.008455075761075917, 0.001010451622131293], [0.9823111935005446, 0.005291875017217063, 0.003960280356081717, 0.0014414416163680882, 0.005985431900438186, 0.0010097776093502262], [0.98519080791251, 0.004970957724069657, 0.004021254808606454, 0.0014598609184242734, 0.003346951591785803, 0.0010101670446036768], [0.9950002705371791, 0.0009999458925641987, 0.0009999458925641987, 0.0009999458925641987, 0.0009999458925641987, 0.0009999458925641987], [0.9950002705371791, 0.0009999458925641987, 0.0009999458925641987, 0.0009999458925641987, 0.0009999458925641987, 0.0009999458925641987]], [[0.9950002699191868, 0.000999946016162662, 0.000999946016162662, 0.000999946016162662, 0.000999946016162662, 0.000999946016162662], [0.01920777962176317, 0.005132618431187365, 0.004656208125513609, 0.0015729070647578587, 0.968428363001333, 0.001002123755445102], [0.9731771471261659, 0.013568525325209064, 0.001005483590947703, 0.0019545703166383077, 0.009284543793780839, 0.0010097298472582913], [0.930885695710459, 0.031155003757105993, 0.0009999894555296008, 0.004180505456256306, 0.031778816165119524, 0.0009999894555296008], [0.9341512574528335, 0.032432371545765434, 0.0009999960306741674, 0.0038644677836276063, 0.027551781143721716, 0.0010001260433775607], [0.04838142182159645, 0.030619668778001853, 0.0010007746748616837, 0.003583817553744438, 0.9154135424969339, 0.0010007746748616837], [0.8968280758844054, 0.05907182260323447, 0.0010127834622184278, 0.0056994406612046414, 0.036371254651545136, 0.001016622737391921], [0.8649811851173745, 0.06859390440009829, 0.000999993991444948, 0.005910704550828449, 0.05851421794880877, 0.000999993991444948], [0.884545248682731, 0.0702695647209485, 0.001004701737110908, 0.005665525369531093, 0.037506418477394075, 0.0010085410122844013], [0.0546901017570898, 0.030431966783039305, 0.0009999971054413211, 0.003479941948107538, 0.9093979953008808, 0.0009999971054413211], [0.9511494708863831, 0.02382616974763977, 0.001006033211120943, 0.0031084405724740973, 0.019899753016453497, 0.0010101325659287207], [0.028312634354057124, 0.009099097846358744, 0.0009999953302872492, 0.0019035840653194316, 0.9586846930736903, 0.0009999953302872492], [0.9770020105610043, 0.008222958032486271, 0.0009999996561226375, 0.0020143683984062445, 0.010756761318370046, 0.0010039020336105326], [0.9691771640893689, 0.008381818907319327, 0.0009999792069014949, 0.002730988135900244, 0.017710070453608603, 0.0009999792069014949], [0.9426262781209505, 0.02641077475145621, 0.0010008644838366697, 0.0038644366540413052, 0.025092682151070897, 0.0010049638386444475], [0.9348504651877685, 0.029261092348582818, 0.0010089229010290053, 0.004228711047594828, 0.029637933143108485, 0.0010128753719162542], [0.8829043010113641, 0.0779365676484324, 0.0010034551513873442, 0.005251364667410392, 0.03189701709484493, 0.0010072944265608376], [0.8568412202644919, 0.08460288836879955, 0.0009999871697241509, 0.0054282277471453914, 0.051127689280114866, 0.0009999871697241509], [0.5976419189293725, 0.12353814837966005, 0.0010378341184568642, 0.011209724748113424, 0.26553453970594043, 0.0010378341184568642], [0.8661176721106194, 0.07559399024632904, 0.0010005523714402998, 0.005483948843261339, 0.05080230524408164, 0.001001531184268295], [0.8956438984892862, 0.06288617899590218, 0.0010093860162488284, 0.0052735983078868245, 0.03417371289925361, 0.0010132252914223216], [0.9341374177442893, 0.03199719540783612, 0.0010102741456224998, 0.004252715090840901, 0.027588170994901472, 0.0010142266165097487], [0.06015209510513109, 0.02821371782827114, 0.0010055374448774122, 0.0039711287060254456, 0.9056478840335046, 0.0010096368821904402], [0.940589874995788, 0.020466287843300485, 0.0010129356923724746, 0.00434619550845192, 0.03256781779682744, 0.0010168881632597235], [0.9491940271632502, 0.018161241470591033, 0.0009999991538558596, 0.0038594614643298287, 0.026782018386918596, 0.001003252361054575], [0.9694267638687727, 0.008450597630201815, 0.0009999677143483646, 0.00271831234811931, 0.01740439072420943, 0.0009999677143483646], [0.9647133661120662, 0.008481576633637064, 0.0009999584314944435, 0.002788878917838134, 0.02201626147346984, 0.0009999584314944435], [0.9387940201570971, 0.023955700836654926, 0.0009999915960582791, 0.003926380799403698, 0.031323915014727866, 0.0009999915960582791], [0.9408235808172005, 0.018327310719992846, 0.0010112978074785575, 0.0043210491045151695, 0.03450151127244714, 0.0010152502783658064], [0.8917657161999021, 0.062223664142940685, 0.0010077977493062622, 0.005678517911993666, 0.03831266697137757, 0.0010116370244797554], [0.8650156347163557, 0.0685446906872682, 0.0009999939914449483, 0.00591070455082845, 0.0585289820626578, 0.0009999939914449483], [0.08354926561902713, 0.06832655589758849, 0.00099995617569547, 0.005647374259666619, 0.8404768918723269, 0.00099995617569547], [0.9180152047652559, 0.04638260651321047, 0.0010003121134699766, 0.0037868540646002085, 0.029810757959106274, 0.0010042645843572255], [0.05506941040078478, 0.03320668260339576, 0.0010048350787624641, 0.0037493691081502537, 0.9059607682928313, 0.0010089345160754922], [0.977023224999221, 0.011714126381634497, 0.001009306968745985, 0.001687161695562782, 0.007552626729779225, 0.0010135532250565731], [0.018279057970651772, 0.005125274454687173, 0.0038698615111682193, 0.0013535950354884513, 0.9703722142542538, 0.0009999967737507813], [0.9950002564642013, 0.0009999487071597505, 0.0009999487071597505, 0.0009999487071597505, 0.0009999487071597505, 0.0009999487071597505], [0.9950002382406007, 0.0009999523518798876, 0.0009999523518798876, 0.0009999523518798876, 0.0009999523518798876, 0.0009999523518798876], [0.9914790914392625, 0.002424220653013182, 0.0016954348724016273, 0.001039438180968803, 0.00236181829039342, 0.0009999965639604983], [0.9950002705371791, 0.0009999458925641987, 0.0009999458925641987, 0.0009999458925641987, 0.0009999458925641987, 0.0009999458925641987]], [[0.9950002564642013, 0.0009999487071597505, 0.0009999487071597505, 0.0009999487071597505, 0.0009999487071597505, 0.0009999487071597505], [0.019159496955535392, 0.005139746396584225, 0.004659595507189322, 0.00181915402185118, 0.9682180754931446, 0.0010039316256953402], [0.03003801713111515, 0.012487210981258592, 0.000999999569525606, 0.0019280275435173044, 0.9535429286715533, 0.0010038161030299776], [0.9309729584553742, 0.035147807968648796, 0.0009999961772527899, 0.004192030729034621, 0.02768693390051033, 0.0010002727691795139], [0.9689762994632577, 0.008849533656108228, 0.0009999981430688476, 0.002787769104945899, 0.017384012172277436, 0.001002387460341927], [0.9425883118647596, 0.02331491754538261, 0.0010027770010638225, 0.00401850624323791, 0.028068610989684467, 0.0010068763558716003], [0.9447862009381638, 0.025984266095251972, 0.0010207927067346864, 0.0035007886179710714, 0.02368320646425654, 0.0010247451776219353], [0.07405824058617841, 0.052776218172718554, 0.000999965801697248, 0.005112754155584297, 0.8660528554821243, 0.000999965801697248], [0.944838059065531, 0.026009025456066107, 0.0010208655243153391, 0.0034295608484316157, 0.02367767111045334, 0.0010248179952025878], [0.9529905048683609, 0.01958588953319359, 0.001006104418669804, 0.003038583153409413, 0.02236871425288877, 0.0010102037734775818], [0.9754052592276596, 0.008372992167888308, 0.0009999916018547208, 0.0019182581736774634, 0.01230350722706517, 0.0009999916018547208], [0.9778047492699388, 0.008352451870343284, 0.0009999980465174709, 0.0019430344837320845, 0.009897475517464458, 0.001002290812004006], [0.06219077143328275, 0.0179777030927961, 0.0010062080673486021, 0.003903136149745589, 0.9139118737521654, 0.0010103075046616302], [0.9473216243150464, 0.020786165106735175, 0.0010004300739450578, 0.0037936065872929275, 0.02609364448822775, 0.0010045294287528356], [0.0658021234617031, 0.0287517691672354, 0.000999983698746514, 0.004150773101633735, 0.8992953668719347, 0.000999983698746514], [0.9364294172105229, 0.030480609750598315, 0.0009999981131672377, 0.003787043627400598, 0.02730072067083297, 0.0010022106274779482], [0.9391902166912737, 0.0251755140660524, 0.0010150152807408485, 0.004197321037682818, 0.029402965172622166, 0.0010189677516280972], [0.895520393153148, 0.06315863246683595, 0.00100945746719711, 0.00520313437054401, 0.03409508579990422, 0.0010132967423706033], [0.8706602574020958, 0.07039423621183809, 0.0010018238782994677, 0.005381773853405725, 0.05155872462731763, 0.0010031840270429352], [0.07711067759181557, 0.05873612146157214, 0.0009999587316101535, 0.005093301196603723, 0.8570599822867884, 0.0009999587316101535], [0.9272581187873087, 0.039707483981427316, 0.0010067291536282662, 0.00417