{"prediction": [[[0.9950224004417905, 0.0009955199116420117, 0.0009955199116420117, 0.0009955199116420117, 0.0009955199116420117, 0.0009955199116420117], [0.9950224004417905, 0.0009955199116420117, 0.0009955199116420117, 0.0009955199116420117, 0.0009955199116420117, 0.0009955199116420117], [0.9950224004417905, 0.0009955199116420117, 0.0009955199116420117, 0.0009955199116420117, 0.0009955199116420117, 0.0009955199116420117], [0.9950224004417905, 0.0009955199116420117, 0.0009955199116420117, 0.0009955199116420117, 0.0009955199116420117, 0.0009955199116420117], [0.9950224004417905, 0.0009955199116420117, 0.0009955199116420117, 0.0009955199116420117, 0.0009955199116420117, 0.0009955199116420117], [0.9950224004417905, 0.0009955199116420117, 0.0009955199116420117, 0.0009955199116420117, 0.0009955199116420117, 0.0009955199116420117], [0.9950224004417905, 0.0009955199116420117, 0.0009955199116420117, 0.0009955199116420117, 0.0009955199116420117, 0.0009955199116420117], [0.9950224004417905, 0.0009955199116420117, 0.0009955199116420117, 0.0009955199116420117, 0.0009955199116420117, 0.0009955199116420117], [0.9950224004417905, 0.0009955199116420117, 0.0009955199116420117, 0.0009955199116420117, 0.0009955199116420117, 0.0009955199116420117], [0.9950224004417905, 0.0009955199116420117, 0.0009955199116420117, 0.0009955199116420117, 0.0009955199116420117, 0.0009955199116420117], [0.9950224004417905, 0.0009955199116420117, 0.0009955199116420117, 0.0009955199116420117, 0.0009955199116420117, 0.0009955199116420117], [0.9950224004417905, 0.0009955199116420117, 0.0009955199116420117, 0.0009955199116420117, 0.0009955199116420117, 0.0009955199116420117], [0.9950224004417905, 0.0009955199116420117, 0.0009955199116420117, 0.0009955199116420117, 0.0009955199116420117, 0.0009955199116420117], [0.9950224004417905, 0.0009955199116420117, 0.0009955199116420117, 0.0009955199116420117, 0.0009955199116420117, 0.0009955199116420117], [0.9950224004417905, 0.0009955199116420117, 0.0009955199116420117, 0.0009955199116420117, 0.0009955199116420117, 0.0009955199116420117], [0.9950224004417905, 0.0009955199116420117, 0.0009955199116420117, 0.0009955199116420117, 0.0009955199116420117, 0.0009955199116420117], [0.9950224004417905, 0.0009955199116420117, 0.0009955199116420117, 0.0009955199116420117, 0.0009955199116420117, 0.0009955199116420117], [0.9950224004417905, 0.0009955199116420117, 0.0009955199116420117, 0.0009955199116420117, 0.0009955199116420117, 0.0009955199116420117], [0.9950224004417905, 0.0009955199116420117, 0.0009955199116420117, 0.0009955199116420117, 0.0009955199116420117, 0.0009955199116420117], [0.9950224004417905, 0.0009955199116420117, 0.0009955199116420117, 0.0009955199116420117, 0.0009955199116420117, 0.0009955199116420117], [0.9950224004417905, 0.0009955199116420117, 0.0009955199116420117, 0.0009955199116420117, 0.0009955199116420117, 0.0009955199116420117], [0.9950224004417905, 0.0009955199116420117, 0.0009955199116420117, 0.0009955199116420117, 0.0009955199116420117, 0.0009955199116420117], [0.9950224004417905, 0.0009955199116420117, 0.0009955199116420117, 0.0009955199116420117, 0.0009955199116420117, 0.0009955199116420117], [0.9950224004417905, 0.0009955199116420117, 0.0009955199116420117, 0.0009955199116420117, 0.0009955199116420117, 0.0009955199116420117], [0.9950224004417905, 0.0009955199116420117, 0.0009955199116420117, 0.0009955199116420117, 0.0009955199116420117, 0.0009955199116420117], [0.9950224004417905, 0.0009955199116420117, 0.0009955199116420117, 0.0009955199116420117, 0.0009955199116420117, 0.0009955199116420117], [0.9950224004417905, 0.0009955199116420117, 0.0009955199116420117, 0.0009955199116420117, 0.0009955199116420117, 0.0009955199116420117], [0.9950224004417905, 0.0009955199116420117, 0.0009955199116420117, 0.0009955199116420117, 0.0009955199116420117, 0.0009955199116420117], [0.9950224004417905, 0.0009955199116420117, 0.0009955199116420117, 0.0009955199116420117, 0.0009955199116420117, 0.0009955199116420117], [0.9950224004417905, 0.0009955199116420117, 0.0009955199116420117, 0.0009955199116420117, 0.0009955199116420117, 0.0009955199116420117], [0.9950224004417905, 0.0009955199116420117, 0.0009955199116420117, 0.0009955199116420117, 0.0009955199116420117, 0.0009955199116420117], [0.9950224004417905, 0.0009955199116420117, 0.0009955199116420117, 0.0009955199116420117, 0.0009955199116420117, 0.0009955199116420117], [0.9950224004417905, 0.0009955199116420117, 0.0009955199116420117, 0.0009955199116420117, 0.0009955199116420117, 0.0009955199116420117], [0.9950224004417905, 0.0009955199116420117, 0.0009955199116420117, 0.0009955199116420117, 0.0009955199116420117, 0.0009955199116420117], [0.9950224004417905, 0.0009955199116420117, 0.0009955199116420117, 0.0009955199116420117, 0.0009955199116420117, 0.0009955199116420117], [0.9950224004417905, 0.0009955199116420117, 0.0009955199116420117, 0.0009955199116420117, 0.0009955199116420117, 0.0009955199116420117], [0.9950224004417905, 0.0009955199116420117, 0.0009955199116420117, 0.0009955199116420117, 0.0009955199116420117, 0.0009955199116420117], [0.9950224004417905, 0.0009955199116420117, 0.0009955199116420117, 0.0009955199116420117, 0.0009955199116420117, 0.0009955199116420117], [0.9950224004417905, 0.0009955199116420117, 0.0009955199116420117, 0.0009955199116420117, 0.0009955199116420117, 0.0009955199116420117], [0.9950224004417905, 0.0009955199116420117, 0.0009955199116420117, 0.0009955199116420117, 0.0009955199116420117, 0.0009955199116420117]], [[0.9950224004417905, 0.0009955199116420117, 0.0009955199116420117, 0.0009955199116420117, 0.0009955199116420117, 0.0009955199116420117], [0.9226342865284184, 0.046562053755293764, 0.023955507541167376, 0.0045872248483086455, 0.0010692427471385856, 0.0011916845796733227], [0.0023866808910184374, 0.042973768736157436, 0.02177443695122544, 0.004611057236730092, 0.9270561803477972, 0.0011978758370713757], [0.9209288921069498, 0.04835126447436878, 0.02394414839293678, 0.004585049692264489, 0.0009995258231030558, 0.001191119510377197], [0.9153788595064659, 0.05395368871407663, 0.02390331246916495, 0.004577230047286904, 0.0009978211660966595, 0.0011890880969090422], [0.7785692540228362, 0.11410100388431417, 0.08406870380478493, 0.01513702423077845, 0.007035056517831024, 0.0010889575394553888], [0.7695095722852099, 0.10617758717247493, 0.0831878535887468, 0.016365508002782195, 0.023729153540214584, 0.0010303254105715346], [0.7426231155794651, 0.11313474860556547, 0.09608937700267864, 0.019637545360305198, 0.027501608280257807, 0.0010136051717277135], [0.6437825030672133, 0.14264123289760264, 0.1494730957002886, 0.025119749866333814, 0.037983467602593114, 0.000999950865968484], [0.62546922656442, 0.16169993018657977, 0.1421002045960266, 0.028229044159174283, 0.04150165485041024, 0.0009999396433891133], [0.49185941942887723, 0.20152897525436167, 0.2234723591675842, 0.03127751661968244, 0.050861879119355705, 0.000999850410138886], [0.4791284879738095, 0.21183906556805968, 0.22636519336252087, 0.028748922347765573, 0.052918488603728366, 0.0009998421441161935], [0.09113682098976676, 0.2033175814846424, 0.22663610322399322, 0.034712119484639016, 0.4431975563395881, 0.0009998184773705105], [0.617458277698669, 0.15915470687301744, 0.15297284921842844, 0.025826868877436973, 0.04358735815436488, 0.0009999391780833506], [0.10209454317616412, 0.16601535805109463, 0.1520139882656156, 0.02758113913628598, 0.551295091180207, 0.00099988019063276], [0.08553885284352615, 0.1966500728595144, 0.23923034162581303, 0.0342657216144337, 0.4433151962699899, 0.0009998147867229918], [0.6314739480927782, 0.16538444073938027, 0.14559787596335563, 0.020936693027611822, 0.03560709959655443, 0.0009999425803197569], [0.6467324952424739, 0.14877842888543613, 0.1397706853816194, 0.027090651268024173, 0.03662778668813249, 0.0009999525343140497], [0.06304494474278635, 0.12538677835892217, 0.08620088726774194, 0.020571649982073597, 0.7037954415676816, 0.0010002980807943056], [0.6466397260676163, 0.1535346508008457, 0.137444342917604, 0.02551372605741022, 0.03586759878757528, 0.0009999553689484914], [0.08460359877328796, 0.16317870848800195, 0.14776767877220232, 0.029508733089811435, 0.5739413951145245, 0.0009998857621719751], [0.48624139840343644, 0.20605268161985604, 0.2292695757134432, 0.03222834671076279, 0.045208147726179836, 0.0009998498263218292], [0.631792431182465, 0.16254164962115739, 0.14296018858338044, 0.024121230763827006, 0.03758455853413634, 0.000999941315033849], [0.6364925791020989, 0.1578821515557837, 0.14651679848393712, 0.024305180119787478, 0.03380333667672907, 0.0009999540616638725], [0.726076240005138, 0.11629771811304968, 0.09741893303517707, 0.016555455829740964, 0.042639773270521764, 0.0010118797463725929], [0.05840729935263936, 0.12596522249375958, 0.08860137808350367, 0.019773731640692765, 0.7062518268106235, 0.0010005416187810127], [0.6534105725795302, 0.14237787602657476, 0.14017027001015553, 0.025492326242451072, 0.037549002639567584, 0.000999952501720855], [0.6311260045179538, 0.1623677042726376, 0.143376499390756, 0.026110739632600657, 0.03601911168189854, 0.0009999405041535882], [0.08795848258624675, 0.2035649310775788, 0.23477108083180626, 0.03681357398481786, 0.43589211724378746, 0.0009998142757627411], [0.099180307276978, 0.2022654179863421, 0.23712900342637738, 0.04072034591540059, 0.41970511202787913, 0.0009998133670229802], [0.09237200617644366, 0.20044085750273308, 0.23339428353739938, 0.03964234380708759, 0.43315069228242714, 0.0009998166939091289], [0.6227019143955874, 0.1607340847368313, 0.1443991452368995, 0.02812908753396549, 0.043035825524311934, 0.0009999425724044242], [0.08310878517033304, 0.1533580558906848, 0.14883628744236246, 0.024939010817028505, 0.5887579153358756, 0.000999945343715543], [0.636708668398077, 0.15343170277931367, 0.13668651437147633, 0.031513040253096654, 0.04066012334417391, 0.0009999508538624806], [0.6290075496823511, 0.16149851647217522, 0.14020304333271985, 0.02931809285606438, 0.038972856082781046, 0.0009999415739084946], [0.09071573440211327, 0.200595371399708, 0.2352799690449273, 0.0376180808515099, 0.4347910296388528, 0.0009998146628889015], [0.6179995060723174, 0.16539989481058684, 0.15546220020337712, 0.027685086706060538, 0.03245336945466627, 0.0009999427529919088], [0.08234243151160539, 0.1577140118094118, 0.1447991784405652, 0.025695907557686533, 0.5884485237074231, 0.0009999469733081455], [0.7369244164270883, 0.103489839700762, 0.11564708543460668, 0.018413151155671995, 0.02451087190504935, 0.001014635376821802], [0.9950224004417905, 0.0009955199116420117, 0.0009955199116420117, 0.0009955199116420117, 0.0009955199116420117, 0.0009955199116420117]], [[0.9950224004417905, 0.0009955199116420117, 0.0009955199116420117, 0.0009955199116420117, 0.0009955199116420117, 0.0009955199116420117], [0.9204229255122287, 0.04886200733279827, 0.023940425601598342, 0.004584336817327342, 0.0009993704187004548, 0.001190934317347004], [0.001790312362094251, 0.07797013823032159, 0.0031633853383471067, 0.0063267706766942135, 0.9095660088803852, 0.0011833845121576136], [0.9191501231453849, 0.07114657420692513, 0.0031840717218367598, 0.004330337541697993, 0.0009977703440550434, 0.0011911230401002763], [0.01844125220499434, 0.19682227023016138, 0.0029043753592344827, 0.019052702356578206, 0.76169290786339, 0.001086491985641606], [0.7763251729862277, 0.18262564441877188, 0.0019127633683537464, 0.019343066762208184, 0.018763587275764847, 0.0010297651886735982], [0.7472792190753488, 0.19957921887969118, 0.0018649743371984243, 0.02280864381323504, 0.027455957329872747, 0.0010119865646538485], [0.6380751411295589, 0.2883961851621989, 0.001709481514941011, 0.02956232284098084, 0.041256916854836914, 0.0009999524974837052], [0.08239893888922548, 0.3255496402397328, 0.0015168172996687752, 0.03358642218687309, 0.5559483034084334, 0.0009998779760665409], [0.47021523733543086, 0.43864099004276197, 0.0014422466628035069, 0.032826234316185456, 0.05587543957242774, 0.0009998520703904988], [0.11143972926396671, 0.4270200998268707, 0.0013579956934539397, 0.02913293567003126, 0.43004941531274266, 0.0009998242329347408], [0.32255092964360826, 0.4861004326893335, 0.0011429129856169627, 0.03130092972575612, 0.15790496091405168, 0.0009998340416334135], [0.4662606875259079, 0.43781596877674955, 0.001420961032753089, 0.037776976847698325, 0.05572556146762903, 0.0009998443492621888], [0.46199317929393313, 0.4405099067444594, 0.0014411626672260313, 0.03720266503277819, 0.05785323529861825, 0.0009998509629850904], [0.4725463863736412, 0.44029388223998145, 0.0014406230303425631, 0.03599820170659102, 0.0487210562252388, 0.0009998504242051023], [0.46665328912793924, 0.43964994150032705, 0.0014209610142028877, 0.03258816482954232, 0.058687799202016826, 0.000999844325971825], [0.12622721414370877, 0.4221467373104062, 0.000998986954556461, 0.014716100866727271, 0.434911973770045, 0.000998986954556461], [0.5913888926740689, 0.37454581137923354, 0.0009991788782066837, 0.01358052245512807, 0.018486415735156293, 0.0009991788782066837], [0.6778542221378826, 0.28690559657787595, 0.000999198353375676, 0.013681836398253273, 0.019559948179236904, 0.000999198353375676], [0.5909715815084726, 0.29516381739472813, 0.0009991779750554992, 0.09208265756440395, 0.01978358758228436, 0.0009991779750554992], [0.5278378187144316, 0.42863209041259936, 0.0009990350601261104, 0.017479815810236995, 0.02405220494247993, 0.0009990350601261104], [0.28827103390024483, 0.5914106561040555, 0.0009990210672755713, 0.015616689742307422, 0.10270357811884105, 0.0009990210672755713], [0.29393797748209066, 0.5870526916560765, 0.000999034405492412, 0.01675772314402161, 0.10025353890682628, 0.000999034405492412], [0.5864990970048019, 0.37418793496774866, 0.0009991779800763764, 0.01590922602973425, 0.0214053860375625, 0.0009991779800763764], [0.6797669132496685, 0.204868644775608, 0.0009991959657977573, 0.09128263827117915, 0.022083411771948884, 0.0009991959657977573], [0.675921092516705, 0.2840106093312289, 0.0009991957692838166, 0.014747993157572914, 0.023321913455925568, 0.0009991957692838166], [0.5932029782735965, 0.28896193660330866, 0.0009991761931956438, 0.09243233748504563, 0.0234043952516582, 0.0009991761931956438], [0.1195251191620708, 0.3448536159330015, 0.0009989872516253072, 0.01514745244581375, 0.5184758379558634, 0.0009989872516253072], [0.4471032487901576, 0.5117820243762812, 0.000999023238824222, 0.015452386787328496, 0.023664293568584356, 0.000999023238824222], [0.4537003015508779, 0.4610762698886535, 0.0009988866267812487, 0.014566132252410517, 0.06865952305449573, 0.0009988866267812487], [0.1248111644436752, 0.5881070081558396, 0.0009989865451966145, 0.015340180653574247, 0.26974367365651797, 0.0009989865451966145], [0.4801385054446164, 0.42303150047822097, 0.001443964488448096, 0.039514293962250736, 0.054871881863317526, 0.0009998537631463922], [0.09505151403261414, 0.3163699393076091, 0.0015168172982563013, 0.03558218634097019, 0.5504796650454149, 0.0009998779751354456], [0.6141043156255305, 0.30457137460196454, 0.0016742174872651189, 0.031395930782373925, 0.04725422205387242, 0.0009999394489935865], [0.48103966989245106, 0.42527464938289194, 0.001442953477439256, 0.03990065060326831, 0.05134222389578696, 0.0009998527481625355], [0.47490660573352705, 0.4389514706802629, 0.0014225095960360514, 0.03354684627384508, 0.05017272184142433, 0.0009998458749047132], [0.4653608526319126, 0.4428463563136533, 0.0014430609321127753, 0.04429257992569505, 0.04505729732255646, 0.0009998528740697717], [0.5937966295623841, 0.32861269183748765, 0.001674386239262376, 0.034591098641399934, 0.040325254129001765, 0.000999939590464325], [0.6377394140357764, 0.15134620435059357, 0.15022482064818746, 0.023551664109877014, 0.036137944123576696, 0.000999952731988954], [0.9950224004417905, 0.0009955199116420117, 0.0009955199116420117, 0.0009955199116420117, 0.0009955199116420117, 0.0009955199116420117]], [[0.9950224004417905, 0.0009955199116420117, 0.0009955199116420117, 0.0009955199116420117, 0.0009955199116420117, 0.0009955199116420117], [0.9207556251294229, 0.04852616707129289, 0.023942873532481753, 0.004584805570049697, 0.0009994726052593996, 0.0011910560914935484], [0.9227480777837955, 0.06753788560376518, 0.003187593998206158, 0.004335127837560375, 0.00099887409523026, 0.0011924406814424666], [0.9159666254473702, 0.07433956939879507, 0.003180955184848204, 0.004326099051393557, 0.0009967937365992483, 0.0011899571809938577], [0.7790859594887619, 0.19080491586129567, 0.002924364094006228, 0.018949879329160358, 0.007140911695209086, 0.0010939695315667793], [0.05696645424466826, 0.18984917745839971, 0.0018927133587609683, 0.017247674817120306, 0.7330284403869676, 0.0010155397340831554], [0.04755149335485522, 0.21183275588347883, 0.0018486257635719405, 0.01972827934714579, 0.7180377710636268, 0.0010010745873215046], [0.0871832274372292, 0.283791870116832, 0.0016985494967582686, 0.02855390567077474, 0.5977725028707375, 0.0009999444076683483], [0.09271117256316912, 0.32229446909168397, 0.0015182744224348328, 0.030931724506991682, 0.5515444799821263, 0.00099987943359399], [0.47648145765794353, 0.43749318012348315, 0.0014419727524708212, 0.03257155537406034, 0.0510119823295553, 0.0009998517624869327], [0.4690397535122792, 0.4345703754863187, 0.0014425460478609906, 0.039763878314978726, 0.05418359428227816, 0.0009998523562842767], [0.46475160187409903, 0.43367663778152116, 0.0014214406498462143, 0.038331179878677804, 0.06081929499891715, 0.000999844816938587], [0.09830709435223212, 0.42665794578580557, 0.0013701150145023191, 0.032600335908247624, 0.4400646841921121, 0.0009998247471004178], [0.4789821284404557, 0.4253342738710559, 0.0014403521308536291, 0.036541041200507045, 0.056702354180120366, 0.000999850177007441], [0.10954437059074991, 0.4231202529187515, 0.0013557797967131498, 0.034816451373361375, 0.4301633233251239, 0.0009998219953002718], [0.330482282899752, 0.4831912251578739, 0.0011405982527806387, 0.029418074027867853, 0.15476798793086896, 0.0009998317308567543], [0.21237047592480543, 0.6641922959163892, 0.0009990219630626972, 0.01490057300549758, 0.10653861122718261, 0.0009990219630626972], [0.1270919205410353, 0.4144974031905402, 0.0009989845245194833, 0.09505026532505002, 0.3613624418943356, 0.0009989845245194833], [0.5126429028582649, 0.4510114317049606, 0.0009991759486658461, 0.012063062294554795, 0.02228425124488812, 0.0009991759486658461], [0.4547913521775959, 0.5034884182614873, 0.000999032836461337, 0.014956908312424558, 0.024765255575569693, 0.000999032836461337], [0.21210155804287711, 0.6664131040512196, 0.0009990208860072812, 0.01614934461656101, 0.10333795151732776, 0.0009990208860072812], [0.3044529338913859, 0.5314953854185888, 0.000998888373833285, 0.013472809669284425, 0.1485810942730744, 0.000998888373833285], [0.37049999626101227, 0.4284752852378215, 0.0009990206781692551, 0.09302719930616077, 0.10599947783866698, 0.0009990206781692551], [0.375591731710489, 0.5021743964517073, 0.0009990334413700432, 0.09345644457354921, 0.026779360381514437, 0.0009990334413700432], [0.5934268124132575, 0.36919870719090603, 0.0009991749298046144, 0.013276254974593312, 0.022099875561634022, 0.0009991749298046144], [0.4380081857132534, 0.4460397477661985, 0.0009991746866428938, 0.013813402372252384, 0.10014031477500993, 0.0009991746866428938], [0.6762842490990966, 0.28554434947627716, 0.0009991955151882057, 0.014633507697121033, 0.021539502697128843, 0.0009991955151882057], [0.5156424776953352, 0.3682948497482193, 0.0009991768663223126, 0.09250277364082606, 0.021561545182974876, 0.0009991768663223126], [0.3728370444323647, 0.5094373643359879, 0.0009990344339835477, 0.01567654299967672, 0.10005097936400378, 0.0009990344339835477], [0.5241480157787357, 0.3531000432414347, 0.0009990204858558217, 0.09285521627311574, 0.027898683735002257, 0.0009990204858558217], [0.044935998144862876, 0.5831999944947588, 0.0009989867671507042, 0.09344163889077688, 0.2764243949353003, 0.0009989867671507042], [0.61117763964188, 0.30504180737330533, 0.001673820132089956, 0.032338681199215256, 0.04876811261794584, 0.0009999390355637735], [0.617976776550453, 0.3016829095414373, 0.0016734734699089876, 0.03033903519247131, 0.04732786655155017, 0.0009999386941792864], [0.4939129586222026, 0.4142355482010152, 0.0014429140076114152, 0.036855507727000726, 0.052553218734344424, 0.0009998527078256755], [0.4723477893659967, 0.4336067417677279, 0.0014221976882129988, 0.03684813295495424, 0.054775292654971684, 0.0009998455681365197], [0.3249931237935708, 0.4850743449089955, 0.0011429479523106302, 0.029733631904967806, 0.15805611736174097, 0.0009998340784142937], [0.09822742301712045, 0.4304831799697381, 0.0013578500120170114, 0.04230227304817892, 0.42662944988781176, 0.000999824065133808], [0.459980330534041, 0.45171006463394636, 0.001439153307639101, 0.03637817504945478, 0.04949242752368079, 0.0009998489512379684], [0.6165290911849924, 0.16110194883631887, 0.15127899006466594, 0.029788522312830207, 0.04030151176211267, 0.000999935839079807], [0.9950224004417905, 0.0009955199116420117, 0.0009955199116420117, 0.0009955199116420117, 0.0009955199116420117, 0.0009955199116420117]], [[0.9950224004417905, 0.0009955199116420117, 0.0009955199116420117, 0.0009955199116420117, 0.0009955199116420117, 0.0009955199116420117], [0.9209288921069498, 0.04835126447436878, 0.02394414839293678, 0.004585049692264489, 0.0009995258231030558, 0.001191119510377197], [0.9161683032141862, 0.07413728995623349, 0.003181152620587028, 0.004326367563998358, 0.0009968556056594534, 0.0011900310393356279], [0.78212296425058, 0.18646633763012688, 0.002924364094006228, 0.018949879329160358, 0.008442485164559727, 0.0010939695315667793], [0.7927811164001846, 0.16495229608442585, 0.0019113869201095514, 0.018595487634382738, 0.020731324212244637, 0.0010283887486529641], [0.762323153835899, 0.1869565957386568, 0.0018639909121312723, 0.020942722468042362, 0.02690253390409515, 0.0010110031411755102], [0.6453540249555642, 0.28000959990534763, 0.0017086676671836873, 0.026272301773315136, 0.045655454016314746, 0.0009999516822744926], [0.6240559012072998, 0.3037874105333913, 0.0016738357215479033, 0.028065078647330315, 0.04141783481975275, 0.0009999390706779965], [0.4869387405716861, 0.4206225520228107, 0.0014430353139439633, 0.03345107024701971, 0.05654474901838934, 0.0009998528261502633], [0.10624457138456389, 0.4292397329941655, 0.0013561459467117884, 0.033286545322191025, 0.42887318198404073, 0.0009998223683272826], [0.48178784106360073, 0.4209189579576766, 0.0014416465381859743, 0.03553598047785644, 0.059315722524030244, 0.0009998514386500615], [0.48053464962107384, 0.4176808966427316, 0.0014419095020854259, 0.037136261572364784, 0.06220643094192487, 0.0009998517198195657], [0.10446352834487801, 0.30545512237432815, 0.0015145499108470664, 0.029123927158132102, 0.5584429964947782, 0.0009998757170363967], [0.6264463693285203, 0.2976812932117063, 0.0016741593709216993, 0.02659937070590871, 0.04659886799754309, 0.0009999393853999733], [0.11308892197746077, 0.4008839473231878, 0.0013673774903816436, 0.03301737282724537, 0.4506425584051413, 0.000999821976583146], [0.48599032025695516, 0.41783916222966205, 0.001421883111399882, 0.03455676513058701, 0.05919202399499893, 0.0009998452763971255], [0.457735826388091, 0.499120683685526, 0.0009990336295004072, 0.016902854825423277, 0.024242567841958988, 0.0009990336295004072], [0.4389818517552638, 0.5231038852039199, 0.0009991767267243622, 0.012848718678052078, 0.02306719090931562, 0.0009991767267243622], [0.4477747484580731, 0.4351881218228282, 0.0009991968286463516, 0.012785134610844556, 0.10225360145096136, 0.0009991968286463516], [0.5160201506875274, 0.44457267031832987, 0.0009991756095208467, 0.014098666988868634, 0.023310160786232652, 0.0009991756095208467], [0.37889807362556954, 0.5776717200720803, 0.0009990333908292714, 0.0138502122804241, 0.027581927240267538, 0.0009990333908292714], [0.13197098934627477, 0.42113381885293044, 0.0009989812284602953, 0.013879025807371919, 0.4310182035365025, 0.0009989812284602953], [0.2070806007780935, 0.49436783337336376, 0.0009989856548389897, 0.013413564853834513, 0.28314002968503027, 0.0009989856548389897], [0.4371586895295668, 0.5234251825328056, 0.000999174061158801, 0.013393205229800165, 0.024024574585509943, 0.000999174061158801], [0.43645716545542834, 0.5266385534085323, 0.0009991738072732403, 0.013737983613246948, 0.021167949908245918, 0.0009991738072732403], [0.4562499891882113, 0.4978938363655792, 0.00099903286050935, 0.015211202613988924, 0.028646906111202016, 0.00099903286050935], [0.050409259491983785, 0.37090678910750485, 0.0009990764310589817, 0.01291513448338064, 0.5637706640550129, 0.0009990764310589817], [0.04551185112540789, 0.3666641632198557, 0.0009991839393400214, 0.09340498007074344, 0.49242063770531297, 0.0009991839393400214], [0.6677908749847398, 0.29159833185509737, 0.0009991736058907513, 0.016070139761227314, 0.022542306187154006, 0.0009991736058907513], [0.4537276606360788, 0.4233933005536517, 0.000999030160117029, 0.09337698638250916, 0.0275039921075264, 0.000999030160117029], [0.3524847324140865, 0.6072788445094771, 0.0009991742379233648, 0.014278972812319045, 0.02395910178827048, 0.0009991742379233648], [0.6143933465675875, 0.3034902073440932, 0.0017053383876753012, 0.029209813340485988, 0.05020134597805355, 0.0009999483821045796], [0.6307652420159556, 0.28938410704261003, 0.0017083353101840148, 0.030037318686188252, 0.047105045589913526, 0.0009999513551486624], [0.6152912030995675, 0.3014123879048412, 0.0016762374712450624, 0.03128548691237774, 0.04933474317068937, 0.0009999414412791318], [0.49012479061085085, 0.41736964434259904, 0.0014429253053828957, 0.03605736944216514, 0.054005417585474766, 0.0009998527135272664], [0.47527191041090616, 0.42692373368580216, 0.0014202342294068475, 0.0359195027762722, 0.05946477528984386, 0.0009998436077689645], [0.46466924070979676, 0.4379995364882891, 0.001439021558686108, 0.03757388224764643, 0.05731847017030532, 0.0009998488252764407], [0.10151308901359016, 0.42936488102664394, 0.0013681297757944506, 0.036440896664284454, 0.4303131807808228, 0.0009998227388642092], [0.09322750612804909, 0.16774577579529934, 0.15268933716805158, 0.02838162940841149, 0.5569558711807266, 0.000999880319462016], [0.9950224004417905, 0.0009955199116420117, 0.0009955199116420117, 0.0009955199116420117, 0.0009955199116420117, 0.0009955199116420117]], [[0.9950224004417905, 0.0009955199116420117, 0.0009955199116420117, 0.0009955199116420117, 0.0009955199116420117, 0.0009955199116420117], [0.00099916630338909, 0.04610825798047426, 0.021756283676934732, 0.004607213013939119, 0.9253322018532171, 0.0011968771720457184], [0.0188983248789676, 0.19616930926734244, 0.0029043753592344827, 0.019052702356578206, 0.7618887961522357, 0.001086491985641606], [0.7900609039358344, 0.16807575786397483, 0.0019114046239195736, 0.019051263927841143, 0.019872263222308267, 0.0010284064261218912], [0.7838463650518221, 0.17860452437092111, 0.0018643973023405114, 0.01894883926491151, 0.015724464478644687, 0.0010114095313599242], [0.6659851521399973, 0.26987086741571403, 0.0017130000732874463, 0.02537539404315507, 0.03605563030214251, 0.000999956025703621], [0.6372697421465606, 0.28893295418258685, 0.0016784458799801922, 0.03453880342133073, 0.036580110728326946, 0.0009999436412148532], [0.09747554373535393, 0.40176110624609773, 0.0013687645279270417, 0.03359652165547486, 0.46479824045879087, 0.000999823376355626], [0.4745677907386478, 0.4293410102464694, 0.0014217166092135353, 0.03498805213649055, 0.05868158517764496, 0.0009998450915337754], [0.3206676182706021, 0.4886052581951525, 0.00113746197323305, 0.03179244312146033, 0.1567973863469798, 0.0009998320925723875], [0.11481278781135755, 0.4147662740862709, 0.0013565893848452555, 0.032498308212842365, 0.4355662177001059, 0.0009998228045780826], [0.4883774692074191, 0.41456531609211833, 0.0014430744400005563, 0.0331958327709943, 0.06141845462425363, 0.0009998528652141912], [0.6327060122637879, 0.2868185092068594, 0.0016754769685894812, 0.031453004778302776, 0.04634705611338205, 0.0009999406690784233], [0.6523396099971621, 0.26428530249684634, 0.0017097218665289226, 0.030507892084515636, 0.050157520816603816, 0.000999952738343365], [0.6281566048255697, 0.2909491403032197, 0.0016780320843766394, 0.031449848665184514, 0.046766430888865305, 0.0009999432327841853], [0.10165764340869676, 0.3953085468626009, 0.0013687896224029643, 0.032399490768196496, 0.4682657059115601, 0.0009998234265428977], [0.3648139621772528, 0.5999089537338081, 0.000999177805888749, 0.012511678844295649, 0.020767049632865953, 0.000999177805888749], [0.5276843337063668, 0.4355111098815316, 0.0009991983193251134, 0.012812362620404163, 0.021993797153047095, 0.0009991983193251134], [0.5993998893693934, 0.36230330305271113, 0.0009991778579137444, 0.012697415052873999, 0.023601036809193968, 0.0009991778579137444], [0.5258330968395624, 0.35853396960685563, 0.0009991981358583684, 0.013170446466699954, 0.10046409081516532, 0.0009991981358583684], [0.3612117699189445, 0.6022359382382735, 0.000999177658153408, 0.012157761861982258, 0.022396174664492913, 0.000999177658153408], [0.051273562391469955, 0.5674546455205666, 0.00099898574335245, 0.09370802475277244, 0.28556579584848635, 0.00099898574335245], [0.5143007626426246, 0.44441062574090395, 0.0009991760987060805, 0.013785757322809173, 0.025504502096250246, 0.0009991760987060805], [0.052604514030393824, 0.6499674621342265, 0.000998985344482195, 0.014149454631048974, 0.28128059851536646, 0.000998985344482195], [0.37717580112349086, 0.423254746760134, 0.0009990335676329425, 0.09411364611751105, 0.10345773886359833, 0.0009990335676329425], [0.2968665344371766, 0.5800232338348082, 0.0009990229619928454, 0.09346509317810717, 0.027647092625922368, 0.0009990229619928454], [0.20862590317863855, 0.40948491798561965, 0.0009989841024645335, 0.0940679291675812, 0.28582328146323166, 0.0009989841024645335], [0.5930734479593147, 0.2882912465301942, 0.000999177289621874, 0.09282511744897913, 0.0238118334822683, 0.000999177289621874], [0.5942418471663394, 0.3676454985317655, 0.0009991768611072342, 0.01126448964766923, 0.024849810932011534, 0.0009991768611072342], [0.0009952475808918434, 0.0009952475808918434, 0.0009952475808918434, 0.0009952475808918434, 0.0009952475808918434, 0.9950237620955409], [0.36351977748871483, 0.5208613297138405, 0.000999176262945196, 0.09245406859583348, 0.02116647167572084, 0.000999176262945196], [0.08687287209287696, 0.2885808708855968, 0.001697164411825687, 0.02760890611557732, 0.5942402435007511, 0.0009999429933721653], [0.7292773310815188, 0.2140531852035099, 0.0018618672824008355, 0.022285008830993318, 0.03151372808139362, 0.001008879520183548], [0.10015066503018275, 0.28547194241989604, 0.0016971000254267683, 0.029604160962656, 0.5820761886103996, 0.0009999429514388973], [0.6200939892217944, 0.2985094626129061, 0.0016767930162602045, 0.02968573008308877, 0.04903408304774789, 0.0009999420182027915], [0.10212885295629975, 0.4136686445847539, 0.0013693649318412976, 0.035783099018138045, 0.4460502145387124, 0.0009998239702546218], [0.46153253762509977, 0.44485998054464404, 0.0014377837295360414, 0.04126023859653657, 0.049909611908233814, 0.0009998475959498206], [0.45856290080198864, 0.44696918479820597, 0.0014163194213841267, 0.038512745545999205, 0.05353900973236804, 0.0009998397000540852], [0.4768835543011287, 0.21163079280267155, 0.23320146751074278, 0.03203816998109299, 0.04524616807499773, 0.0009998473293663668], [0.9950224004417905, 0.0009955199116420117, 0.0009955199116420117, 0.0009955199116420117, 0.0009955199116420117, 0.0009955199116420117]], [[0.9950224004417905, 0.0009955199116420117, 0.0009955199116420117, 0.0009955199116420117, 0.0009955199116420117, 0.0009955199116420117], [0.0009981862766541944, 0.04746423932471313, 0.02173494414658523, 0.004602694054570989, 0.9240042329757762, 0.0011957032217003029], [0.7788747114319678, 0.1911066987995729, 0.002924364094006228, 0.018949879329160358, 0.00705037681372592, 0.0010939695315667793], [0.7754086525174738, 0.1833700293450555, 0.001911038728678722, 0.01709016402608548, 0.02119207483288547, 0.00102804054982093], [0.7799223488746297, 0.17493834095486704, 0.0019097926376202261, 0.019627759883528106, 0.02257496317990182, 0.0010267944694530636], [0.7593158058586953, 0.19021838709773564, 0.0018663324389112162, 0.018877134710601994, 0.028708995219347933, 0.001013344674707912], [0.074752040148756, 0.270056008847685, 0.0017040330882442628, 0.028268144326927563, 0.6242198237448747, 0.0009999498435126495], [0.08140453027271555, 0.29662035912973883, 0.0015253632170471835, 0.03228700697511986, 0.5871628539066758, 0.0009998864987027982], [0.09555802147984353, 0.4049594010589204, 0.0013702088526053526, 0.031590043775095084, 0.46552250000203915, 0.0009998248314964805], [0.4713007510559243, 0.4314011276319061, 0.0014204518982199657, 0.03292462690700612, 0.061953198689286074, 0.000999843817657393], [0.48944982162690265, 0.4115597606061212, 0.0014434754314898268, 0.03623645479282431, 0.06031063427988231, 0.0009998532627798172], [0.6338209953973343, 0.2892017945297705, 0.0016740830969051556, 0.02817411857401852, 0.04612906909178376, 0.000999939310187707], [0.6579869570572741, 0.2582503189110409, 0.001709083084816672, 0.030033481047516984, 0.05102020778190686, 0.0009999521174447192], [0.7485711896360188, 0.19040484555527487, 0.0018606286534432698, 0.022620204988530238, 0.03553549029459743, 0.0010076408721353947], [0.6477777845132395, 0.27409009314660926, 0.001711674887748085, 0.027561416630435584, 0.04785907610611028, 0.0009999547158574748], [0.6477873795545372, 0.2787177439886957, 0.0016767355578778656, 0.027393226675704315, 0.04342497229118938, 0.0009999419319955424], [0.5250742139958952, 0.4355182625814202, 0.0009991965018756876, 0.013496590701332543, 0.023912539717600854, 0.0009991965018756876], [0.5188134078786408, 0.44471789513307314, 0.000999176193819246, 0.013913128140236883, 0.020557216460410494, 0.000999176193819246], [0.5378463050656423, 0.4179588628723993, 0.000999036919201349, 0.015124980674527916, 0.02707177754902779, 0.000999036919201349], [0.04393764373485243, 0.5265349325261334, 0.000999079982730715, 0.013645052398554201, 0.4138842113749987, 0.000999079982730715], [0.5288355323495093, 0.4344807289251601, 0.0009991971291410352, 0.013694340641249103, 0.020991003825799333, 0.0009991971291410352], [0.44013339202661506, 0.5213705982063888, 0.0009991743625464653, 0.013939249311379149, 0.022558411730524034, 0.0009991743625464653], [0.5362007574882584, 0.4182923000598192, 0.0009990328943679794, 0.015774283651221382, 0.027734593011965097, 0.0009990328943679794], [0.3868480087026194, 0.56471450863603, 0.000999046423520566, 0.015924744275255427, 0.03051464553905424, 0.000999046423520566], [0.3072965910401381, 0.6481642460569204, 0.0009990436688747035, 0.015004689895593365, 0.02753638566959878, 0.0009990436688747035], [0.3957465637441949, 0.4362360326422181, 0.0009988975735858534, 0.09149225572542447, 0.07452735274099097, 0.0009988975735858534], [0.30238163038805127, 0.6496099441227614, 0.0009990448759915832, 0.0159135733998185, 0.030096762337385684, 0.0009990448759915832], [0.37472945825974086, 0.5803120730928503, 0.000999030696480337, 0.01596534869162174, 0.026995058562826517, 0.000999030696480337], [0.3049851481036061, 0.6512511009812919, 0.0009990311432580246, 0.014356201221556477, 0.027409487407029656, 0.0009990311432580246], [0.0009952475808918434, 0.0009952475808918434, 0.0009952475808918434, 0.0009952475808918434, 0.0009952475808918434, 0.9950237620955409], [0.0009952475808918434, 0.0009952475808918434, 0.0009952475808918434, 0.0009952475808918434, 0.0009952475808918434, 0.9950237620955409], [0.6515869692193708, 0.26595363103383857, 0.0016762479069078466, 0.0300733066556856, 0.04970990373064126, 0.0009999414535560318], [0.000995519911642011, 0.000995519911642011, 0.000995519911642011, 0.000995519911642011, 0.000995519911642011, 0.99502240044179], [0.09434593469558493, 0.28242202851935355, 0.0016974237456594255, 0.029204135545202892, 0.5913305342242553, 0.0009999432699440442], [0.09897156604423629, 0.30745476523924664, 0.0015172910059748283, 0.029958181509418733, 0.5610983177614227, 0.0009998784397008374], [0.47655274420239596, 0.42332285812662135, 0.0014416465328162204, 0.034737694743709545, 0.0629452049595312, 0.000999851434925878], [0.46363326947788946, 0.43288239702377024, 0.001420270975743445, 0.040310545943097624, 0.06075367292853371, 0.0009998436509654242], [0.3258160467372885, 0.4809952717206395, 0.0011461413255007932, 0.032577449074183015, 0.15846525743303977, 0.0009998337093485392], [0.4745754764203534, 0.21498564420431568, 0.2287489838673124, 0.027563448059783717, 0.053126604346477715, 0.000999843101757051], [0.9950224004417905, 0.0009955199116420117, 0.0009955199116420117, 0.0009955199116420117, 0.0009955199116420117, 0.0009955199116420117]], [[0.9950224004417905, 0.0009955199116420117, 0.0009955199116420117, 0.0009955199116420117, 0.0009955199116420117, 0.0009955199116420117], [0.012358018563551206, 0.10985843562358125, 0.08399967854032302, 0.013103013922724479, 0.7795867282726628, 0.0010941250771571466], [0.03565623257350679, 0.20130172773354182, 0.0018939131551865432, 0.02264920547819811, 0.7374821815212717, 0.0010167395382951097], [0.7606645881450754, 0.18903855349184548, 0.0018650894180676264, 0.021082642536050945, 0.026337024753904568, 0.0010121016550559323], [0.778265471538836, 0.1701490901497842, 0.0019102162256952866, 0.022823941280950624, 0.02582406274473877, 0.0010272180599951925], [0.05277924451832718, 0.18922576545504613, 0.0018923818054717028, 0.02059568004987437, 0.7344917199974307, 0.001015208173849971], [0.7600578509885311, 0.185056772717573, 0.0018649076205138075, 0.021213842945059597, 0.030794705887527852, 0.0010119198407947457], [0.6624456346230556, 0.2661450316789885, 0.001712547925957321, 0.029877304757343202, 0.03881952546729484, 0.000999955547360508], [0.08020903038951759, 0.30620104029460316, 0.001525382007797331, 0.030273005123125113, 0.5807916556526191, 0.0009998865323378892], [0.09612248123893068, 0.40199226296626805, 0.001369303308204295, 0.029563385231435823, 0.4699527433427163, 0.0009998239124449737], [0.6367338081949184, 0.2933114376608251, 0.0016752044320102477, 0.02844669382887432, 0.03883291547520223, 0.0009999404081697022], [0.6564405917334349, 0.27103699868822395, 0.0017092019760550743, 0.02559801523251076, 0.04421524012621069, 0.0009999522435645831], [0.7557616548352122, 0.19089090663306216, 0.001862908743940714, 0.02168408177938313, 0.028790527035441632, 0.0010099209729601273], [0.7606051231487732, 0.18244610254836782, 0.0019108101970233776, 0.01800656243075343, 0.036003589652393794, 0.001027812022688544], [0.05867431978302294, 0.20506782391042708, 0.0018434458202997127, 0.021712973533820422, 0.7117014410434059, 0.0009999959090239896], [0.08796564136066616, 0.2748407170229845, 0.0016996555477728009, 0.027158326770459117, 0.60733571382262, 0.0009999454754974328], [0.5995421106250748, 0.36575566239301216, 0.0009991791706408814, 0.01265606213369374, 0.0200478065069376, 0.0009991791706408814], [0.30236357681500287, 0.5786499960943575, 0.0009990348239280957, 0.09394400634699396, 0.023044351095789624, 0.0009990348239280957], [0.1305292219966291, 0.34049618980197793, 0.0009989830457849738, 0.01457027077950973, 0.5124063513303135, 0.0009989830457849738], [0.37800641702853205, 0.5770880762752257, 0.0009990338586739877, 0.01555872575374326, 0.027348713225151176, 0.0009990338586739877], [0.04077269693191792, 0.2946018312188976, 0.0009990802882664845, 0.1720734256595177, 0.49055388561313396, 0.0009990802882664845], [0.46219272458149946, 0.49209402374187283, 0.000999033434532257, 0.015388685194651693, 0.02832649961291149, 0.000999033434532257], [0.5376914208408018, 0.420160294364392, 0.000999018313663615, 0.013815857269145318, 0.02633439089833375, 0.000999018313663615], [0.39126131219345744, 0.5169035485872683, 0.0009