{"prediction": [[[0.9950224004417905, 0.0009955199116420117, 0.0009955199116420117, 0.0009955199116420117, 0.0009955199116420117, 0.0009955199116420117], [0.9950224004417905, 0.0009955199116420117, 0.0009955199116420117, 0.0009955199116420117, 0.0009955199116420117, 0.0009955199116420117], [0.9950224004417905, 0.0009955199116420117, 0.0009955199116420117, 0.0009955199116420117, 0.0009955199116420117, 0.0009955199116420117], [0.9950224004417905, 0.0009955199116420117, 0.0009955199116420117, 0.0009955199116420117, 0.0009955199116420117, 0.0009955199116420117], [0.9950224004417905, 0.0009955199116420117, 0.0009955199116420117, 0.0009955199116420117, 0.0009955199116420117, 0.0009955199116420117], [0.9950224004417905, 0.0009955199116420117, 0.0009955199116420117, 0.0009955199116420117, 0.0009955199116420117, 0.0009955199116420117], [0.9950224004417905, 0.0009955199116420117, 0.0009955199116420117, 0.0009955199116420117, 0.0009955199116420117, 0.0009955199116420117], [0.9950224004417905, 0.0009955199116420117, 0.0009955199116420117, 0.0009955199116420117, 0.0009955199116420117, 0.0009955199116420117], [0.9950224004417905, 0.0009955199116420117, 0.0009955199116420117, 0.0009955199116420117, 0.0009955199116420117, 0.0009955199116420117], [0.9950224004417905, 0.0009955199116420117, 0.0009955199116420117, 0.0009955199116420117, 0.0009955199116420117, 0.0009955199116420117], [0.9950224004417905, 0.0009955199116420117, 0.0009955199116420117, 0.0009955199116420117, 0.0009955199116420117, 0.0009955199116420117], [0.9950224004417905, 0.0009955199116420117, 0.0009955199116420117, 0.0009955199116420117, 0.0009955199116420117, 0.0009955199116420117], [0.9950224004417905, 0.0009955199116420117, 0.0009955199116420117, 0.0009955199116420117, 0.0009955199116420117, 0.0009955199116420117], [0.9950224004417905, 0.0009955199116420117, 0.0009955199116420117, 0.0009955199116420117, 0.0009955199116420117, 0.0009955199116420117], [0.9950224004417905, 0.0009955199116420117, 0.0009955199116420117, 0.0009955199116420117, 0.0009955199116420117, 0.0009955199116420117], [0.9950224004417905, 0.0009955199116420117, 0.0009955199116420117, 0.0009955199116420117, 0.0009955199116420117, 0.0009955199116420117], [0.9950224004417905, 0.0009955199116420117, 0.0009955199116420117, 0.0009955199116420117, 0.0009955199116420117, 0.0009955199116420117], [0.9950224004417905, 0.0009955199116420117, 0.0009955199116420117, 0.0009955199116420117, 0.0009955199116420117, 0.0009955199116420117], [0.9950224004417905, 0.0009955199116420117, 0.0009955199116420117, 0.0009955199116420117, 0.0009955199116420117, 0.0009955199116420117], [0.9950224004417905, 0.0009955199116420117, 0.0009955199116420117, 0.0009955199116420117, 0.0009955199116420117, 0.0009955199116420117], [0.9950224004417905, 0.0009955199116420117, 0.0009955199116420117, 0.0009955199116420117, 0.0009955199116420117, 0.0009955199116420117], [0.9950224004417905, 0.0009955199116420117, 0.0009955199116420117, 0.0009955199116420117, 0.0009955199116420117, 0.0009955199116420117], [0.9950224004417905, 0.0009955199116420117, 0.0009955199116420117, 0.0009955199116420117, 0.0009955199116420117, 0.0009955199116420117], [0.9950224004417905, 0.0009955199116420117, 0.0009955199116420117, 0.0009955199116420117, 0.0009955199116420117, 0.0009955199116420117], [0.9950224004417905, 0.0009955199116420117, 0.0009955199116420117, 0.0009955199116420117, 0.0009955199116420117, 0.0009955199116420117], [0.9950224004417905, 0.0009955199116420117, 0.0009955199116420117, 0.0009955199116420117, 0.0009955199116420117, 0.0009955199116420117], [0.9950224004417905, 0.0009955199116420117, 0.0009955199116420117, 0.0009955199116420117, 0.0009955199116420117, 0.0009955199116420117], [0.9950224004417905, 0.0009955199116420117, 0.0009955199116420117, 0.0009955199116420117, 0.0009955199116420117, 0.0009955199116420117], [0.9950224004417905, 0.0009955199116420117, 0.0009955199116420117, 0.0009955199116420117, 0.0009955199116420117, 0.0009955199116420117], [0.9950224004417905, 0.0009955199116420117, 0.0009955199116420117, 0.0009955199116420117, 0.0009955199116420117, 0.0009955199116420117], [0.9950224004417905, 0.0009955199116420117, 0.0009955199116420117, 0.0009955199116420117, 0.0009955199116420117, 0.0009955199116420117], [0.9950224004417905, 0.0009955199116420117, 0.0009955199116420117, 0.0009955199116420117, 0.0009955199116420117, 0.0009955199116420117], [0.9950224004417905, 0.0009955199116420117, 0.0009955199116420117, 0.0009955199116420117, 0.0009955199116420117, 0.0009955199116420117], [0.9950224004417905, 0.0009955199116420117, 0.0009955199116420117, 0.0009955199116420117, 0.0009955199116420117, 0.0009955199116420117], [0.9950224004417905, 0.0009955199116420117, 0.0009955199116420117, 0.0009955199116420117, 0.0009955199116420117, 0.0009955199116420117], [0.9950224004417905, 0.0009955199116420117, 0.0009955199116420117, 0.0009955199116420117, 0.0009955199116420117, 0.0009955199116420117], [0.9950224004417905, 0.0009955199116420117, 0.0009955199116420117, 0.0009955199116420117, 0.0009955199116420117, 0.0009955199116420117], [0.9950224004417905, 0.0009955199116420117, 0.0009955199116420117, 0.0009955199116420117, 0.0009955199116420117, 0.0009955199116420117], [0.9950224004417905, 0.0009955199116420117, 0.0009955199116420117, 0.0009955199116420117, 0.0009955199116420117, 0.0009955199116420117], [0.9950224004417905, 0.0009955199116420117, 0.0009955199116420117, 0.0009955199116420117, 0.0009955199116420117, 0.0009955199116420117]], [[0.9950224004417905, 0.0009955199116420117, 0.0009955199116420117, 0.0009955199116420117, 0.0009955199116420117, 0.0009955199116420117], [0.9080932515484621, 0.04691512023283833, 0.025882576276695803, 0.006239219491556659, 0.011792319092759327, 0.0010775133576876933], [0.8747204737394739, 0.05804433268006155, 0.0398143858429224, 0.009762211631372445, 0.016596557527677618, 0.001062038578491983], [0.8149712312397086, 0.08768990946094798, 0.058793789218911825, 0.009171715419400822, 0.028319516865666187, 0.001053837795364651], [0.06451819397123444, 0.09610288412709958, 0.06962067465662361, 0.01793481373135848, 0.7508234481887317, 0.0009999853249521833], [0.6953153255460678, 0.12391880680944263, 0.10854378799670766, 0.01732969252741457, 0.053842813176089355, 0.0010495739442780148], [0.8023723235955919, 0.0952072776496003, 0.05283230360569061, 0.013816719901845197, 0.03473320853292333, 0.0010381667143487142], [0.8247428879149339, 0.07508869336825154, 0.05929556489912855, 0.012678228420113506, 0.02713932170529009, 0.0010553036922822847], [0.8665423600202465, 0.05841551002627573, 0.03632799868453206, 0.010980989882079403, 0.026672681523746078, 0.0010604598631202165], [0.06508467362255764, 0.08841562588269569, 0.04901237069798087, 0.011404906583989538, 0.7850238108272316, 0.0010586123855446836], [0.7915609611193012, 0.09117376291252542, 0.0665527036612408, 0.01728601014109479, 0.03238706066345284, 0.0010395015023849468], [0.6571363170495409, 0.13170424221855012, 0.11686124840273295, 0.0234884105315337, 0.06976110136546657, 0.001048680432175903], [0.1383769917578329, 0.1407515930646476, 0.126985361021164, 0.022668074002941383, 0.5702179924694697, 0.0009999876839445743], [0.6804344619812592, 0.12704396600256887, 0.11843287672832968, 0.025359529529328708, 0.04767990890416112, 0.001049256854352455], [0.7951434464668282, 0.09129182091472571, 0.059713784843885655, 0.019178911406120967, 0.03363150027689026, 0.0010405360915490506], [0.8146021041606513, 0.07624520533616802, 0.05670916833996607, 0.01271195901927526, 0.03867849323336374, 0.0010530699105757834], [0.9950224004417905, 0.0009955199116420117, 0.0009955199116420117, 0.0009955199116420117, 0.0009955199116420117, 0.0009955199116420117], [0.9950224004417905, 0.0009955199116420117, 0.0009955199116420117, 0.0009955199116420117, 0.0009955199116420117, 0.0009955199116420117], [0.6983498494820053, 0.11301340789813441, 0.1060799041941652, 0.022888815071583846, 0.058610854108392195, 0.001057169245719135], [0.7882530794275309, 0.10006216170849662, 0.06444741166635296, 0.012218880956918183, 0.0339784736560698, 0.001039992584631588], [0.05259605939304023, 0.08092408342047472, 0.06629402916654656, 0.013394377613251412, 0.7857314027822357, 0.0010600476244514423], [0.025333218747504358, 0.06337415188241725, 0.03531017436134977, 0.008815960848781548, 0.866112417920883, 0.0010540762390640562], [0.9075427817165785, 0.04711546788716552, 0.023825024651073588, 0.009532071635337766, 0.010899280951780811, 0.0010853731580638037], [0.9419719562830721, 0.025940903877616103, 0.017243306433310807, 0.003104750465831586, 0.010427968824170866, 0.001311114115998638], [0.9222449752431143, 0.04407625569964037, 0.019322459641713537, 0.005530667476480881, 0.007741622054820624, 0.001084019884230376], [0.9426748058953306, 0.02493683300296083, 0.017243306433310804, 0.003104750465831585, 0.010729190086567444, 0.0013111141159986377], [0.004423996302689401, 0.009226499687628096, 0.0039186413940938275, 0.0009998299999423364, 0.9801655862437383, 0.0012654463719080503], [0.9425613586004353, 0.02509890056709692, 0.017243306433310804, 0.003104750465831585, 0.010680569817326617, 0.0013111141159986377], [0.903721064809942, 0.05040885916055765, 0.02461144156519775, 0.007730371817801935, 0.01244632608563238, 0.0010819365608681296], [0.8735805793959935, 0.0614090294520943, 0.03206068476348252, 0.008516706134036996, 0.023373290489146263, 0.0010597097652465285], [0.8256505227226172, 0.08011748095633855, 0.056045266812733016, 0.011708684955704882, 0.025423433820632873, 0.0010546107319733791], [0.7795879198596541, 0.10320856998278342, 0.06091778821823016, 0.01664322913331645, 0.0386016519726418, 0.0010408408333740806], [0.12452745242830177, 0.11909192307872166, 0.12049601529728106, 0.020078719719609, 0.6148059011646742, 0.00099998831141247], [0.12885990363372943, 0.1324760838885602, 0.1360296369680506, 0.024376189520731898, 0.5772582034333525, 0.0009999825555754703], [0.12472465523657458, 0.12070129666277382, 0.12687506954738925, 0.01862977264805714, 0.6080692106400298, 0.00099999526517542], [0.7868786097942007, 0.09736198524862207, 0.06537992798155433, 0.015507033365581542, 0.03382971300284868, 0.0010427306071926917], [0.8397104692358235, 0.07299297517308954, 0.05331512362260056, 0.010886431949412361, 0.02203881300525574, 0.0010561870138182938], [0.8959219847704796, 0.05277963756774998, 0.03035665925121943, 0.006748504604681216, 0.013127834005713435, 0.0010653798001563149], [0.017555078419085077, 0.04191557572755261, 0.02473647392731557, 0.004046672360376921, 0.9106694333161975, 0.0010767662494723504], [0.9950224004417905, 0.0009955199116420117, 0.0009955199116420117, 0.0009955199116420117, 0.0009955199116420117, 0.0009955199116420117]], [[0.9950224004417905, 0.0009955199116420117, 0.0009955199116420117, 0.0009955199116420117, 0.0009955199116420117, 0.0009955199116420117], [0.8667284635894364, 0.07003234540257774, 0.03661758351530077, 0.010561412718164687, 0.01499815616529374, 0.0010620386092264728], [0.8130269029937361, 0.14051773208362908, 0.0010661272330718134, 0.015560816055285203, 0.02876579186364409, 0.00106262977063392], [0.760509581968412, 0.17884766387605944, 0.0011843678572051228, 0.02064655420205258, 0.03776725249653127, 0.0010445795997396552], [0.6624049610917381, 0.240053470984293, 0.0009998681935900458, 0.022458724631585027, 0.07301635378381088, 0.00106662131498285], [0.12659008867747906, 0.2516733282698976, 0.0009998445944209011, 0.02063906295148114, 0.5990960384854098, 0.0010016370213115884], [0.6629982094123913, 0.24199653423798825, 0.0009998653420926528, 0.02520897331266992, 0.0677326596758064, 0.001063758019051497], [0.7872241431517432, 0.15297207063526908, 0.000999856248130044, 0.021253283682003316, 0.03650655843171631, 0.0010440878511382501], [0.806240358233166, 0.13152798003933577, 0.0009998645234788198, 0.02019103940178206, 0.03998091942130963, 0.0010598383809275955], [0.787995295105548, 0.14689194858771043, 0.0009998567717724035, 0.022234021831053087, 0.040834262794758394, 0.0010446149091578245], [0.6537016312007402, 0.24609631640356594, 0.0011113692349575162, 0.02036269838524041, 0.07766656075529754, 0.001061424020198276], [0.6214398818922747, 0.25721719792685743, 0.0013834972034051786, 0.030881897747101993, 0.08803740000006313, 0.0010401252302975387], [0.42072674740025295, 0.3264517476139194, 0.0011224870194486043, 0.03342717583125169, 0.21727188126891933, 0.0009999608662079843], [0.6439658729929679, 0.14501968765232884, 0.1153806745388929, 0.028517289562984875, 0.06608590232850478, 0.00103057292432056], [0.9950224004417905, 0.0009955199116420117, 0.0009955199116420117, 0.0009955199116420117, 0.0009955199116420117, 0.0009955199116420117], [0.9950224004417905, 0.0009955199116420117, 0.0009955199116420117, 0.0009955199116420117, 0.0009955199116420117, 0.0009955199116420117], [0.8137840790516758, 0.07421584369478798, 0.05863279811311855, 0.014638919576653179, 0.03769267571837804, 0.001035683845386455], [0.9950224004417905, 0.0009955199116420117, 0.0009955199116420117, 0.0009955199116420117, 0.0009955199116420117, 0.0009955199116420117], [0.655474276278648, 0.13555510059297207, 0.11471335628143023, 0.0214396307635834, 0.07177716613413751, 0.0010404699492288535], [0.6606460886210233, 0.2404955427219549, 0.0011950875194575107, 0.02297885187447865, 0.07361900767938068, 0.001065421583705125], [0.7841949489537947, 0.161933631536605, 0.0010171327142137103, 0.016876879008464244, 0.034931789141106145, 0.0010456186458161977], [0.05590786993343859, 0.131617020074706, 0.0009998737794675396, 0.012632342665235972, 0.7977734667480306, 0.001069426799121179], [0.8877262676612608, 0.08973443170023722, 0.0009998718820412428, 0.009665751729662449, 0.01080563634016639, 0.0010680406866319003], [0.023236081212385802, 0.07122761962321582, 0.0009998750258790904, 0.00581958344341359, 0.8976369514889766, 0.0010798892061291106], [0.9018451652918795, 0.078870393255146, 0.0009998710277314099, 0.005615916876095495, 0.01160144485610781, 0.0010672086930398276], [0.01937799266302378, 0.07165396123257925, 0.0009998729127638402, 0.006365798084325565, 0.9005245922507198, 0.0010777828565876404], [0.9396442504794471, 0.04151257426204307, 0.0009995950468087934, 0.003853279224301917, 0.012684513174496523, 0.0013057878129026526], [0.9045900006887093, 0.0719041517418154, 0.000999875807537476, 0.006551546879457494, 0.014874274905664625, 0.0010801499768156803], [0.8810776329298852, 0.08434410064796814, 0.0009998653877326719, 0.009185335442931892, 0.023331519765861508, 0.0010615458256206564], [0.8138093767625577, 0.13475626659788278, 0.000999863601849354, 0.012398024208395725, 0.03697754433328139, 0.001058924496032787], [0.7731932756613481, 0.16468071796034464, 0.0009998560742065198, 0.018503162134350628, 0.04157912106638472, 0.0010438671033652213], [0.6628518951347175, 0.22699883492607487, 0.0009998606687552896, 0.02507379999639307, 0.08302167352828434, 0.0010539357457749591], [0.6329500852005575, 0.2571661003217445, 0.000999853328441091, 0.018679179833620708, 0.08916080163875512, 0.0010439796768810874], [0.42264844760204884, 0.33573443487040877, 0.000999824948626803, 0.031206195006773126, 0.20841127262351558, 0.000999824948626803], [0.6504193889389773, 0.2517953191358581, 0.0009998608653664187, 0.02227081315821568, 0.07346305920865677, 0.0010515586929257042], [0.10720514779560456, 0.21947186006926525, 0.0011981346447815558, 0.021153617526035454, 0.6499616253175347, 0.0010096146467784017], [0.049847847423189005, 0.14285675115117033, 0.0013357991094575215, 0.014557695581205097, 0.7904019084577145, 0.0009999982772636393], [0.8557910354996296, 0.10573542731570122, 0.0009999723021347192, 0.011619747129045396, 0.02479150975989522, 0.0010623079935938814], [0.9052957600086262, 0.047219345632400433, 0.02870302119475619, 0.007553650154529125, 0.010162789622640566, 0.0010654333870473772], [0.9950224004417905, 0.0009955199116420117, 0.0009955199116420117, 0.0009955199116420117, 0.0009955199116420117, 0.0009955199116420117]], [[0.9950224004417905, 0.0009955199116420117, 0.0009955199116420117, 0.0009955199116420117, 0.0009955199116420117, 0.0009955199116420117], [0.8068177773860252, 0.08792054894436763, 0.058793788760330465, 0.015565321534005926, 0.029848725588126096, 0.001053837787144899], [0.76531463488884, 0.174617155457249, 0.0009999078013288435, 0.019094916557457955, 0.038927860895207576, 0.0010455243999166548], [0.6026186221983336, 0.2783857639853251, 0.000999864168730304, 0.02302379820854963, 0.09391449611835039, 0.001057455320710913], [0.6357284637685869, 0.25518467937121997, 0.0009998531581892226, 0.02905120093106038, 0.07799197021082661, 0.001043832560116888], [0.41593049612801736, 0.3397891130895595, 0.000999828002450997, 0.02762644967976472, 0.21465428509775636, 0.000999828002450997], [0.6699267825714111, 0.23029428251803474, 0.0009998606750607113, 0.022582701092893644, 0.0751450166219188, 0.0010513565206808385], [0.12800362852281652, 0.22274352038743736, 0.0009998509816319294, 0.019015398483670298, 0.6282243576819696, 0.0010132439424741816], [0.08617397676002377, 0.15883665019694765, 0.0009998450838524864, 0.02134931453509733, 0.7316373784578009, 0.0010028349662779808], [0.7704893807530204, 0.1624533803474277, 0.0009998564567861258, 0.017445311023362258, 0.04756779375367, 0.0010442776657334312], [0.14395668490145722, 0.22823234129181832, 0.0009998490135060616, 0.020324102725390425, 0.605475767628271, 0.001011254439556861], [0.6192655004327943, 0.2518636379196573, 0.0009998509764422372, 0.029235402995149793, 0.09759868090767593, 0.0010369267682804719], [0.6403700209877426, 0.1672499241382943, 0.09950969858125308, 0.029620157239739382, 0.06223759210304575, 0.0010126069499247516], [0.13648621210707274, 0.1167683659678636, 0.10706600938696598, 0.024877783992304357, 0.6138016289968171, 0.000999999548976225], [0.9950224004417905, 0.0009955199116420117, 0.0009955199116420117, 0.0009955199116420117, 0.0009955199116420117, 0.0009955199116420117], [0.7657189925739606, 0.10054848536595702, 0.06404311362297131, 0.019367313687824836, 0.04928357501534961, 0.0010385197339367353], [0.13867246965864266, 0.10674376586248753, 0.099715682698506, 0.016454946500177096, 0.6374131382253706, 0.0009999970548160758], [0.9950224004417905, 0.0009955199116420117, 0.0009955199116420117, 0.0009955199116420117, 0.0009955199116420117, 0.0009955199116420117], [0.4427607662704948, 0.13895124013755436, 0.15313884844592052, 0.04228218944527819, 0.2218670054760391, 0.0009999502247130913], [0.6276567430077769, 0.264611111154469, 0.0009998622317380587, 0.020477169823407443, 0.0852022071697637, 0.001052906612845006], [0.6634711359262017, 0.2370238121444626, 0.0009998655625658712, 0.02445191781554407, 0.07298931127044114, 0.0010639572807847127], [0.8072622549894132, 0.15362964413472113, 0.0009998571399896623, 0.015308398216810001, 0.02175489734040439, 0.0010449481786616553], [0.8519290157723355, 0.11095477218905475, 0.0009998671679017279, 0.009330688857489855, 0.025723179534624708, 0.0010624764785935126], [0.8792885884107985, 0.0966893683600367, 0.0009998718325189993, 0.007266416162968245, 0.014687764244933644, 0.0010679909887440168], [0.04867002145940133, 0.10936826897266301, 0.0009998739344307798, 0.010467990505333997, 0.8294243163173999, 0.001069528810771009], [0.8925155371494161, 0.08668826473125844, 0.0009998680785952571, 0.00694131885382104, 0.011790794443165824, 0.0010642167437434535], [0.9036773387479727, 0.07420497202300265, 0.0009998718575681088, 0.011415651306019152, 0.00862596697448188, 0.0010761990909553313], [0.039326669164695925, 0.08749355592396012, 0.0009998578349238638, 0.01142015905491717, 0.8597053035389468, 0.0010544544825562305], [0.06583247658539945, 0.1205263413847426, 0.0009998685023668943, 0.011808343733430721, 0.7997688408395344, 0.0010641289545260558], [0.7938301859685731, 0.153190095278856, 0.0009998568662441022, 0.014538037442572772, 0.03639713404004409, 0.0010446904037100316], [0.6789939835017822, 0.22271750660740255, 0.0009998624828161204, 0.021188534074840448, 0.07503920125620255, 0.0010609120769560483], [0.6567291230323433, 0.2366987285515958, 0.0009998589506507183, 0.022586769424773022, 0.08193590860728281, 0.0010496114333543587], [0.6322724800308017, 0.25138725525303734, 0.0009998609012844522, 0.025022707538070524, 0.08926354262344861, 0.0010541536533572643], [0.632897946526653, 0.26197739241320717, 0.0009998515727695594, 0.024878749866597816, 0.07820383863730657, 0.001042220983466021], [0.1165130939917888, 0.2381223639210827, 0.0009998468056667295, 0.024394772725962265, 0.6189608463377985, 0.0010090762177011289], [0.7954972740065195, 0.14687117217560905, 0.0009998592545009553, 0.018920997036680688, 0.03666366404345274, 0.0010470334832370972], [0.832298885859004, 0.1273465808484283, 0.0009998678226676298, 0.01415612923336009, 0.024135394722698458, 0.0010631415138414484], [0.8871407685392788, 0.08762685892675312, 0.0009998669534555433, 0.008265014885444507, 0.014904336242530692, 0.0010631544525374706], [0.9206719798583912, 0.04444998876036468, 0.019679253023252283, 0.005167245768995979, 0.008948681360218685, 0.0010828512287772484], [0.9950224004417905, 0.0009955199116420117, 0.0009955199116420117, 0.0009955199116420117, 0.0009955199116420117, 0.0009955199116420117]], [[0.9950224004417905, 0.0009955199116420117, 0.0009955199116420117, 0.0009955199116420117, 0.0009955199116420117, 0.0009955199116420117], [0.06244624588664532, 0.09555554950812827, 0.061218235539419366, 0.014734226058732479, 0.765045756621618, 0.0009999863854565747], [0.11797885760485184, 0.23623723037536598, 0.001482372054985963, 0.027160403898965818, 0.6161238936311548, 0.0010172424346756486], [0.13873167847203247, 0.25522305345889074, 0.0009998393589501751, 0.028784879508144835, 0.5752607098430318, 0.0009998393589501751], [0.15696368613854286, 0.2627363796562853, 0.0009998333229527504, 0.027650690638010202, 0.5506495769212563, 0.0009998333229527504], [0.13954799676800808, 0.2551190584443091, 0.0009998465456902178, 0.023633907454106193, 0.5796955750973544, 0.0010036156905320513], [0.14916001191707617, 0.22000232920036028, 0.0009998478123102584, 0.02737686672877608, 0.6014509097208589, 0.0010100346206182447], [0.7698034230399712, 0.152887932152545, 0.0009998574732078094, 0.017845187331193578, 0.05741833689241396, 0.0010452631106684497], [0.12575277086418726, 0.2247326863495308, 0.0009998513736572227, 0.02903433638637392, 0.618466693402608, 0.0010136616236427946], [0.6801320092927536, 0.22439731572274632, 0.0009998633857818257, 0.025579209548369355, 0.06782978406300778, 0.001061817987341235], [0.6554201998158331, 0.2293688850673521, 0.0009998542169522636, 0.02703977207307193, 0.08612640375049943, 0.0010448850762913248], [0.4657644446826175, 0.13396425191997066, 0.13176908605420434, 0.0394701086693778, 0.22803216702565865, 0.0009999416481710512], [0.9950224004417905, 0.0009955199116420117, 0.0009955199116420117, 0.0009955199116420117, 0.0009955199116420117, 0.0009955199116420117], [0.9950224004417905, 0.0009955199116420117, 0.0009955199116420117, 0.0009955199116420117, 0.0009955199116420117, 0.0009955199116420117], [0.0940973523222342, 0.09890725951441363, 0.050396795426915796, 0.019495511589469296, 0.7361030853708307, 0.000999995776136563], [0.6941078644229782, 0.11441176746159049, 0.1042289372191876, 0.023748396537451717, 0.06245057859753522, 0.0010524557612568283], [0.9950224004417905, 0.0009955199116420117, 0.0009955199116420117, 0.0009955199116420117, 0.0009955199116420117, 0.0009955199116420117], [0.6807826693786458, 0.12438674958210537, 0.09016161313047362, 0.02167832661132842, 0.08193112351711244, 0.0010595177803342727], [0.6710650435917984, 0.23178308549673246, 0.0009998602638917426, 0.017183006543653838, 0.07791802595172127, 0.0010509781522021599], [0.6666715721928813, 0.23145166705959305, 0.000999865796507609, 0.02431293373845644, 0.07549977715922776, 0.0010641840533338672], [0.7957409848191975, 0.15304148132926282, 0.0009998577503183685, 0.01688124333881335, 0.032290899661505106, 0.0010455331009027937], [0.8365451190420998, 0.12129127145367188, 0.0009998670328672627, 0.011084157656786142, 0.029017235267486962, 0.0010623495470879537], [0.03285355903471135, 0.09955668526565083, 0.0009998639817212, 0.008745819193205058, 0.8567834447988795, 0.0010606277258320598], [0.8426201728269404, 0.11620887922026123, 0.0009998646324485448, 0.013595369538103932, 0.025515789639434933, 0.0010599241428110035], [0.918695699349891, 0.05927280271216523, 0.0009988542401234489, 0.00540507121816309, 0.014628718239533958, 0.0009988542401234489], [0.9274387017107655, 0.051432446084816626, 0.0009988649980619015, 0.006438371624780021, 0.012692750583514137, 0.0009988649980619015], [0.9416751505338068, 0.043641177789970204, 0.0009988644957039739, 0.004241647732179476, 0.008444294952635588, 0.0009988644957039739], [0.9201514277691095, 0.057434306372092854, 0.000998862186975844, 0.005882499575037504, 0.014534041909808537, 0.000998862186975844], [0.9041573542453949, 0.06649155364111105, 0.0009988549094108107, 0.009738219961217608, 0.017615162333454927, 0.0009988549094108107], [0.861508646872883, 0.09448883265235004, 0.0009988628913401168, 0.010131844993278379, 0.03187294969880851, 0.0009988628913401168], [0.7701500485569402, 0.10320184877410433, 0.0009988609405592404, 0.010678539444637116, 0.11397184134319986, 0.0009988609405592404], [0.5161392131042107, 0.12808578047481575, 0.000998825358526625, 0.013393006463865752, 0.3403843492400546, 0.000998825358526625], [0.763672465992896, 0.18515440730809954, 0.0009988584382666353, 0.010614231387240996, 0.038561178435230395, 0.0009988584382666353], [0.8550799759443344, 0.09326689690298491, 0.0009988632746179206, 0.00980282058641861, 0.03985258001702626, 0.0009988632746179206], [0.035366264077519804, 0.146036268017973, 0.000998834680053081, 0.007494305833355012, 0.8091054927110461, 0.000998834680053081], [0.9193490023603689, 0.05565386485337122, 0.0009988658671418842, 0.0058587879452794344, 0.017140613106696692, 0.0009988658671418842], [0.9402047940394322, 0.04310690593527111, 0.0009988666712056134, 0.005185727568922119, 0.009504839113963416, 0.0009988666712056134], [0.9332421624017088, 0.04993981613048464, 0.0009988696636961298, 0.004939040913933792, 0.009881241226480594, 0.0009988696636961298], [0.011904918115044358, 0.023575219945575685, 0.012546775835971786, 0.0027352868000666704, 0.9482383246272942, 0.0009994746760473771], [0.9950224004417905, 0.0009955199116420117, 0.0009955199116420117, 0.0009955199116420117, 0.0009955199116420117, 0.0009955199116420117]], [[0.9950224004417905, 0.0009955199116420117, 0.0009955199116420117, 0.0009955199116420117, 0.0009955199116420117, 0.0009955199116420117], [0.6843836077535306, 0.11560510766851535, 0.11713071607517228, 0.022122389994165957, 0.05970926411190504, 0.0010489143967107781], [0.6640205378026525, 0.24553621843561835, 0.0009998644404821417, 0.024044427070425426, 0.06434386871789893, 0.0010550835329226006], [0.41601132628852694, 0.3424308310978358, 0.0009998419033613237, 0.03279404958842676, 0.20676410921848815, 0.0009998419033613237], [0.15334989981920866, 0.24795045962540235, 0.0009998467067662057, 0.02764346612363058, 0.5690525656709443, 0.0010037620540477269], [0.6475970712207628, 0.23966308935597277, 0.0009998609462464048, 0.020287219161051848, 0.0903985839268251, 0.0010541753891411473], [0.08301094556121631, 0.17922882784799182, 0.0009998401716724628, 0.016726747141917762, 0.7190337991055293, 0.0009998401716724628], [0.679994501910334, 0.21831849161971695, 0.0009998642190989276, 0.02000441454017224, 0.07962007447622763, 0.001062653234450165], [0.6623227556964695, 0.2274573360545167, 0.0009998639833670988, 0.027488303651826303, 0.08067706160390914, 0.0010546790099112018], [0.1470321794380325, 0.2244612221570964, 0.0009998509826373723, 0.026106008971302948, 0.6003875093319693, 0.0010132291189614239], [0.6827184088419682, 0.22606807744537338, 0.0009998617924160114, 0.021250044553241552, 0.06790334926990917, 0.0010602580970917508], [0.6881512216469663, 0.130412690810044, 0.0913609644772153, 0.021467529758205928, 0.06756650404048298, 0.0010410892670854443], [0.9950224004417905, 0.0009955199116420117, 0.0009955199116420117, 0.0009955199116420117, 0.0009955199116420117, 0.0009955199116420117], [0.09736621683777669, 0.0963919357503352, 0.0582413739617852, 0.020313759078246483, 0.7266867151461387, 0.0009999992257178005], [0.6861068396736625, 0.11689280443658825, 0.10605491933576294, 0.019491225010883947, 0.07040679950223412, 0.0010474120408682148], [0.9950224004417905, 0.0009955199116420117, 0.0009955199116420117, 0.0009955199116420117, 0.0009955199116420117, 0.0009955199116420117], [0.6792949255127848, 0.13309115347372524, 0.08954619185364476, 0.02223884110154315, 0.0747716279281523, 0.001057260130149905], [0.7560045414921076, 0.17567220266984274, 0.0009998560984305254, 0.015501351643509515, 0.050778176294921505, 0.0010438718011881475], [0.12612923496437595, 0.23029475327224688, 0.0009998445643311156, 0.02399929949146453, 0.6175700279815093, 0.0010068397260723529], [0.7845498498494049, 0.14502494837580937, 0.0009998602709288633, 0.018720887409336646, 0.04965634611497524, 0.0010481079795451249], [0.8323543922220256, 0.11830129096646541, 0.0009998650387290525, 0.01508470248595104, 0.032199368034989184, 0.0010603812518396498], [0.8672060284205775, 0.1023163725566874, 0.0009998649027420739, 0.010100980902308118, 0.01831568178850501, 0.0010610714291800975], [0.8407383879364686, 0.11718779551427705, 0.0009998645357615968, 0.011978441068977762, 0.028035650022966145, 0.001059860921548904], [0.8017066025864235, 0.14187300912097658, 0.00099985287922377, 0.015084060073639511, 0.03929581539531528, 0.001040659944421297], [0.8654780097165882, 0.09247031369948283, 0.0009988648340338738, 0.009942254328721397, 0.030111692587139995, 0.0009988648340338738], [0.9108841353005465, 0.061783951231673614, 0.0009988529766963327, 0.008060688683168168, 0.017273518831219338, 0.0009988529766963327], [0.9175635625182452, 0.05737268943009115, 0.0009988637532411654, 0.0044790683485031145, 0.018586952196678445, 0.0009988637532411654], [0.9086952922201219, 0.0631796036996947, 0.0009988523030293383, 0.008842704933307608, 0.01728469454081739, 0.0009988523030293383], [0.7894041501899665, 0.08925671960240018, 0.0009988622567911251, 0.0861538253822569, 0.03318758031179436, 0.0009988622567911251], [0.6991197046511016, 0.25726663610438044, 0.0009988573272926248, 0.010228575911252572, 0.03138736867868016, 0.0009988573272926248], [0.07053735472342149, 0.09553912054981893, 0.000998827427420549, 0.08941365791808184, 0.7425122119538368, 0.000998827427420549], [0.8479800705553336, 0.10005828823641168, 0.000998861849224077, 0.012098458743742718, 0.03786545876606382, 0.000998861849224077], [0.056477267076551055, 0.09626388817969848, 0.000998835881257743, 0.008123484996440016, 0.8371376879847949, 0.000998835881257743], [0.9006756854877846, 0.06658318607757725, 0.0009988532712285375, 0.009389138869720549, 0.02135428302246061, 0.0009988532712285375], [0.9177361453984804, 0.05656639440790541, 0.0009988622324210966, 0.005861421949883826, 0.017838313778888292, 0.0009988622324210966], [0.9216818989813457, 0.054139250028482466, 0.0009988635643747392, 0.005514528500425572, 0.016666595360996905, 0.0009988635643747392], [0.9297169832348284, 0.05024889958875703, 0.0009988641518959588, 0.005022151359490379, 0.01301423751313227, 0.0009988641518959588], [0.9211508342642967, 0.05867129712466426, 0.00099885661542528, 0.006888700357372472, 0.011291455022816055, 0.00099885661542528], [0.931220507299626, 0.03152343023819626, 0.022445452870755885, 0.0034985591127646306, 0.010312575780571558, 0.0009994746980857764], [0.9950224004417905, 0.0009955199116420117, 0.0009955199116420117, 0.0009955199116420117, 0.0009955199116420117, 0.0009955199116420117]], [[0.9950224004417905, 0.0009955199116420117, 0.0009955199116420117, 0.0009955199116420117, 0.0009955199116420117, 0.0009955199116420117], [0.7902895170896089, 0.09956715434206875, 0.061372624399667335, 0.009872428696896744, 0.037858009484463134, 0.0010402659872951671], [0.11935706926374447, 0.23123081685720948, 0.0009998537110398143, 0.02455992652266496, 0.6228363626511403, 0.0010159709942009763], [0.6576575612887394, 0.23900388298796443, 0.00099986090518591, 0.02663477837770161, 0.0746523351076433, 0.001051581332765186], [0.6610220192955673, 0.2380930180450201, 0.0009998682349779482, 0.021449685078540583, 0.07736872703820509, 0.0010666823076891738], [0.7574948159116798, 0.17036942041720662, 0.0009998520865594428, 0.021970575786279024, 0.0481254806340489, 0.0010398551642262764], [0.683360296486334, 0.2057622808359515, 0.0009998647036054003, 0.025065318249496597, 0.08374914615859705, 0.0010630935660154743], [0.000995519911642011, 0.000995519911642011, 0.000995519911642011, 0.000995519911642011, 0.000995519911642011, 0.99502240044179], [0.46485918574367013, 0.2825947618819971, 0.0009998164246231161, 0.03707793450483552, 0.2134684850202511, 0.0009998164246231161], [0.6639854776898692, 0.22829641926922203, 0.0009998526509078427, 0.01849809902292966, 0.0871768546861896, 0.0010432966808818253], [0.6744221428160685, 0.22516302139806704, 0.0009998592635941676, 0.024122119065052565, 0.07423516752956326, 0.001057689927654498], [0.6903142559634786, 0.21600168625305444, 0.000999857638108787, 0.019346621274923186, 0.07228151451407963, 0.0010560643563552118], [0.7893149211042533, 0.09777350605708181, 0.04929541990471549, 0.014240320791149367, 0.04833710771657583, 0.0010387244262242894], [0.1334200118369732, 0.12490893319685657, 0.0927225791914183, 0.02038318731222434, 0.6275600187353986, 0.0010052697271290688], [0.9950224004417905, 0.0009955199116420117, 0.0009955199116420117, 0.0009955199116420117, 0.0009955199116420117, 0.0009955199116420117], [0.46450638278689516, 0.13880342481009936, 0.13699742602599058, 0.039690871504588554, 0.21900194717250948, 0.0009999476999168618], [0.68215786640848, 0.21993726575958944, 0.000999853885717486, 0.025729920315806294, 0.07013057743080074, 0.0010445161996060321], [0.6674563093182716, 0.2383877264131891, 0.0009998633492085084, 0.022355718914132378, 0.06973863142265571, 0.0010617505825427313], [0.7713769202744862, 0.16665455938642776, 0.0009998528410539074, 0.019178814933636466, 0.04074917956177811, 0.0010406730026174917], [0.8240426094157751, 0.12486278504521231, 0.0009998616110222654, 0.0147273989962662, 0.034310402002864296, 0.0010569429288598915], [0.8627123373573109, 0.09394885285780649, 0.0009998648441676271, 0.01411676544710309, 0.027161167814748307, 0.0010610116788633557], [0.8409696478196862, 0.11039510817897767, 0.0009998636424016609, 0.014208429873430826, 0.03236799336204609, 0.0010589571234573942], [0.8143851995361944, 0.13632547002872045, 0.0009998517081947669, 0.014246316598581958, 0.03300362100271479, 0.0010395411255935951], [0.6956322788929719, 0.21696937164814437, 0.0009998608470214662, 0.01813742341399589, 0.0672018468059965, 0.0010592183918699109], [0.8536342623671879, 0.10321170507785536, 0.0009988590594197586, 0.012015155746685515, 0.029141158689431842, 0.0009988590594197586], [0.8614068325287183, 0.0942882795913173, 0.0009988649714371097, 0.00939796740681345, 0.03290919053027682, 0.0009988649714371097], [0.9027752398421021, 0.06362992524447639, 0.000998853091273999, 0.007625435718245366, 0.02397169301262818, 0.000998853091273999], [0.0559431948958604, 0.08932485380585331, 0.0009988360466185629, 0.00964343041317451, 0.8430908487918747, 0.0009988360466185629], [0.6963465022428617, 0.25530561323481016, 0.0009988616989082242, 0.010652905807097119, 0.035697255317414626, 0.0009988616989082242], [0.28671749304559657, 0.1998304782485648, 0.0009988244410240508, 0.09299058221321321, 0.4184637976105776, 0.0009988244410240508], [0.6158213322734101, 0.10096676205633379, 0.0009988587510680299, 0.08805571480664762, 0.19315847336147265, 0.0009988587510680299], [0.8561831460357088, 0.09544597931175124, 0.0009988571018414623, 0.010506407223280905, 0.03586675322557626, 0.0009988571018414623], [0.865347235893184, 0.09681716464996251, 0.000998864589382923, 0.007102468364429, 0.02873540191365883, 0.000998864589382923], [0.9088328781706744, 0.06253447046108974, 0.0009988512457914647, 0.008174805218077077, 0.018460143658575907, 0.0009988512457914647], [0.9152140341097532, 0.05616423030584991, 0.000998861209821189, 0.005978821628221523, 0.02064519153653317, 0.000998861209821189], [0.03436653519611975, 0.05967190095941215, 0.000998822198864353, 0.007065785210043394, 0.8968981342366961, 0.000998822198864353], [0.9130092448758622, 0.06476331800615677, 0.0009988543463501877, 0.006654997081793917, 0.013574731343486975, 0.0009988543463501877], [0.8688836570143039, 0.09093679764229498, 0.000998863552766661, 0.008752596463044575, 0.02942922177482325, 0.000998863552766661], [0.9198919582598624, 0.03739546986308428, 0.02522220825106801, 0.00427708569584985, 0.012213809181393987, 0.0009994687487415526], [0.9950224004417905, 0.0009955199116420117, 0.0009955199116420117, 0.0009955199116420117, 0.0009955199116420117, 0.0009955199116420117]], [[0.9950224004417905, 0.0009955199116420117, 0.0009955199116420117, 0.0009955199116420117, 0.0009955199116420117, 0.0009955199116420117], [0.8215629990103042, 0.0802342513176761, 0.05415536692300684, 0.01094914526586535, 0.03204262798266159, 0.001055609500485922], [0.7923119260866512, 0.15331711087696598, 0.000999856876552165, 0.018533468453742326, 0.033792984996516555, 0.0010446527095717055], [0.6849478149432678, 0.22168173320727488, 0.0009998649759754834, 0.02037715481177694, 0.07093003827065048, 0.0010633937910543866], [0.7923407117023217, 0.14745116761283059, 0.00099985816425169, 0.014928584828770889, 0.04323366073397779, 0.0010460169578473753], [0.07608598332515469, 0.1487380851234497, 0.0009998698784049048, 0.013561189695002902, 0.7595493630120034, 0.001065508965984394], [0.7883875746613616, 0.15406904277253708, 0.0009998526962919784, 0.015563604936915604, 0.0399394252653378, 0.0010404996675559856], [0.1342360899683182, 0.19810388325741862, 0.0009998455605932542, 0.017969521423034922, 0.6476828268346176, 0.0010078329560175305], [0.6737913290799017, 0.22178608837194116, 0.000999852425251711, 0.026521955455542038, 0.07585764891320727, 0.0010431257541562292], [0.6890606257424758, 0.21426500904006965, 0.000999862129778959, 0.022319420306231148, 0.07229456053957031, 0.001060522241874086], [0.10443872360681072, 0.16263016851378873, 0.000999820338500204, 0.020846310788097067, 0.7100851564143031, 0.000999820338500204], [0.7665327740793496, 0.16359287859025023, 0.0009998545516538867, 0.020561436232447494, 0.04727073894635627, 0.0010423175999424964], [0.7191474858228784, 0.1013501792424474, 0.08433315150655957, 0.021799393377809964, 0.0723134227787398, 0.0010563672715647374], [0.9950224004417905, 0.0009955199116420117, 0.0009955199116420117, 0.0009955199116420117, 0.0009955199116420117, 0.0009955199116420117], [0.1400144820442549, 0.1267851154074758, 0.10246906083961546, 0.019903657291398775, 0.6098258253178034, 0.0010018590994516432], [0.6776484108648086, 0.22162012314476495, 0.0009998520637529652, 0.020960916716094808, 0.07772793198889111, 0.0010427652216874561], [0.6797115192390091, 0.22001205936568252, 0.0009998647849280525, 0.027799170049212927, 0.07041417147537479, 0.0010632150857926097], [0.7842878926802787, 0.15651322700046585, 0.0009998580535592679, 0.020932028876523213, 0.03622110355108455, 0.0010458898380884582], [0.8212481264548417, 0.12802724759877773, 0.0009998638413128774, 0.013702248358135197, 0.034963383547946196, 0.0010591301989862727], [0.8666662083670784, 0.09298606240101515, 0.0009998650799535555, 0.012544534515633511, 0.025742085206839703, 0.0010612444294797858], [0.8457285201543954, 0.10864200620615444, 0.0009998645431055317, 0.012663207571893376, 0.03090653930296443, 0.001059862221486796], [0.8250361944206034, 0.12861438261300154, 0.0009998527374354615, 0.013585699905181662, 0.030723353500085156, 0.0010405168236927507], [0.7125404473584638, 0.20277290247153992, 0.0009998606441557834, 0.01989311870013522, 0.06