{"prediction": [[[0.9950224004417905, 0.0009955199116420117, 0.0009955199116420117, 0.0009955199116420117, 0.0009955199116420117, 0.0009955199116420117], [0.9950224004417905, 0.0009955199116420117, 0.0009955199116420117, 0.0009955199116420117, 0.0009955199116420117, 0.0009955199116420117], [0.9950224004417905, 0.0009955199116420117, 0.0009955199116420117, 0.0009955199116420117, 0.0009955199116420117, 0.0009955199116420117], [0.9950224004417905, 0.0009955199116420117, 0.0009955199116420117, 0.0009955199116420117, 0.0009955199116420117, 0.0009955199116420117], [0.9950224004417905, 0.0009955199116420117, 0.0009955199116420117, 0.0009955199116420117, 0.0009955199116420117, 0.0009955199116420117], [0.9950224004417905, 0.0009955199116420117, 0.0009955199116420117, 0.0009955199116420117, 0.0009955199116420117, 0.0009955199116420117], [0.9950224004417905, 0.0009955199116420117, 0.0009955199116420117, 0.0009955199116420117, 0.0009955199116420117, 0.0009955199116420117], [0.9950224004417905, 0.0009955199116420117, 0.0009955199116420117, 0.0009955199116420117, 0.0009955199116420117, 0.0009955199116420117], [0.9950224004417905, 0.0009955199116420117, 0.0009955199116420117, 0.0009955199116420117, 0.0009955199116420117, 0.0009955199116420117], [0.9950224004417905, 0.0009955199116420117, 0.0009955199116420117, 0.0009955199116420117, 0.0009955199116420117, 0.0009955199116420117], [0.9950224004417905, 0.0009955199116420117, 0.0009955199116420117, 0.0009955199116420117, 0.0009955199116420117, 0.0009955199116420117], [0.9950224004417905, 0.0009955199116420117, 0.0009955199116420117, 0.0009955199116420117, 0.0009955199116420117, 0.0009955199116420117], [0.9950224004417905, 0.0009955199116420117, 0.0009955199116420117, 0.0009955199116420117, 0.0009955199116420117, 0.0009955199116420117], [0.9950224004417905, 0.0009955199116420117, 0.0009955199116420117, 0.0009955199116420117, 0.0009955199116420117, 0.0009955199116420117], [0.9950224004417905, 0.0009955199116420117, 0.0009955199116420117, 0.0009955199116420117, 0.0009955199116420117, 0.0009955199116420117], [0.9950224004417905, 0.0009955199116420117, 0.0009955199116420117, 0.0009955199116420117, 0.0009955199116420117, 0.0009955199116420117], [0.9950224004417905, 0.0009955199116420117, 0.0009955199116420117, 0.0009955199116420117, 0.0009955199116420117, 0.0009955199116420117], [0.9950224004417905, 0.0009955199116420117, 0.0009955199116420117, 0.0009955199116420117, 0.0009955199116420117, 0.0009955199116420117], [0.9950224004417905, 0.0009955199116420117, 0.0009955199116420117, 0.0009955199116420117, 0.0009955199116420117, 0.0009955199116420117], [0.9950224004417905, 0.0009955199116420117, 0.0009955199116420117, 0.0009955199116420117, 0.0009955199116420117, 0.0009955199116420117], [0.9950224004417905, 0.0009955199116420117, 0.0009955199116420117, 0.0009955199116420117, 0.0009955199116420117, 0.0009955199116420117], [0.9950224004417905, 0.0009955199116420117, 0.0009955199116420117, 0.0009955199116420117, 0.0009955199116420117, 0.0009955199116420117], [0.9950224004417905, 0.0009955199116420117, 0.0009955199116420117, 0.0009955199116420117, 0.0009955199116420117, 0.0009955199116420117], [0.9950224004417905, 0.0009955199116420117, 0.0009955199116420117, 0.0009955199116420117, 0.0009955199116420117, 0.0009955199116420117], [0.9950224004417905, 0.0009955199116420117, 0.0009955199116420117, 0.0009955199116420117, 0.0009955199116420117, 0.0009955199116420117], [0.9950224004417905, 0.0009955199116420117, 0.0009955199116420117, 0.0009955199116420117, 0.0009955199116420117, 0.0009955199116420117], [0.9950224004417905, 0.0009955199116420117, 0.0009955199116420117, 0.0009955199116420117, 0.0009955199116420117, 0.0009955199116420117], [0.9950224004417905, 0.0009955199116420117, 0.0009955199116420117, 0.0009955199116420117, 0.0009955199116420117, 0.0009955199116420117], [0.9950224004417905, 0.0009955199116420117, 0.0009955199116420117, 0.0009955199116420117, 0.0009955199116420117, 0.0009955199116420117], [0.9950224004417905, 0.0009955199116420117, 0.0009955199116420117, 0.0009955199116420117, 0.0009955199116420117, 0.0009955199116420117], [0.9950224004417905, 0.0009955199116420117, 0.0009955199116420117, 0.0009955199116420117, 0.0009955199116420117, 0.0009955199116420117], [0.9950224004417905, 0.0009955199116420117, 0.0009955199116420117, 0.0009955199116420117, 0.0009955199116420117, 0.0009955199116420117], [0.9950224004417905, 0.0009955199116420117, 0.0009955199116420117, 0.0009955199116420117, 0.0009955199116420117, 0.0009955199116420117], [0.9950224004417905, 0.0009955199116420117, 0.0009955199116420117, 0.0009955199116420117, 0.0009955199116420117, 0.0009955199116420117], [0.9950224004417905, 0.0009955199116420117, 0.0009955199116420117, 0.0009955199116420117, 0.0009955199116420117, 0.0009955199116420117], [0.9950224004417905, 0.0009955199116420117, 0.0009955199116420117, 0.0009955199116420117, 0.0009955199116420117, 0.0009955199116420117], [0.9950224004417905, 0.0009955199116420117, 0.0009955199116420117, 0.0009955199116420117, 0.0009955199116420117, 0.0009955199116420117], [0.9950224004417905, 0.0009955199116420117, 0.0009955199116420117, 0.0009955199116420117, 0.0009955199116420117, 0.0009955199116420117], [0.9950224004417905, 0.0009955199116420117, 0.0009955199116420117, 0.0009955199116420117, 0.0009955199116420117, 0.0009955199116420117], [0.9950224004417905, 0.0009955199116420117, 0.0009955199116420117, 0.0009955199116420117, 0.0009955199116420117, 0.0009955199116420117]], [[0.9950224004417905, 0.0009955199116420117, 0.0009955199116420117, 0.0009955199116420117, 0.0009955199116420117, 0.0009955199116420117], [0.9557849071323473, 0.019992576428719825, 0.015054878072832525, 0.0027845713358877603, 0.005297369893754863, 0.0010856971364577351], [0.9256923792505403, 0.03212846559290676, 0.023827174307755956, 0.003772666091910435, 0.0135097472148755, 0.0010695675420111343], [0.8725471767426878, 0.04800666490721567, 0.04408049293769613, 0.0088907511972422, 0.02540029468392941, 0.00107461953122885], [0.05428999390523046, 0.07097855864571358, 0.048405496377825485, 0.01156553739200273, 0.8137604178855867, 0.0009999957936412185], [0.0935301124565729, 0.10178231512127311, 0.108465293508144, 0.014969385788680269, 0.6802511423501677, 0.0010017507751619264], [0.8260930860494551, 0.0650546121589032, 0.06527361342200422, 0.009827033166448552, 0.032690921794073194, 0.0010607334091158349], [0.8170710771174718, 0.07070463628406708, 0.05703269363732995, 0.012245314769751143, 0.04188586304117321, 0.0010604151502068234], [0.7171205152131118, 0.10110126160619108, 0.11587797297098826, 0.013653710675014195, 0.05118371490085041, 0.0010628246338441308], [0.1303578931163733, 0.12108179994202523, 0.10659311266224455, 0.011101873361048174, 0.6298653353883512, 0.000999985529957525], [0.10239666310963606, 0.09840910389957028, 0.11950978313021628, 0.012537382410275109, 0.6661470743173985, 0.000999993132903773], [0.8435868755265602, 0.06260716842060515, 0.05264428404407592, 0.011340159034991616, 0.028756017437028845, 0.001065495536738348], [0.04461769552519216, 0.04136984554728648, 0.03692629341607789, 0.00699668510074997, 0.8690271570086302, 0.0010623234020632952], [0.9382361488390277, 0.02869152202660904, 0.02077775899555197, 0.002977843942714645, 0.008244775228585398, 0.001071950967511241], [0.01806229378853247, 0.015410559439525767, 0.01472536850742742, 0.003438333636463479, 0.9472957512026849, 0.0010676934253659232], [0.9950224004417905, 0.0009955199116420117, 0.0009955199116420117, 0.0009955199116420117, 0.0009955199116420117, 0.0009955199116420117], [0.9950224004417905, 0.0009955199116420117, 0.0009955199116420117, 0.0009955199116420117, 0.0009955199116420117, 0.0009955199116420117], [0.9950224004417905, 0.0009955199116420117, 0.0009955199116420117, 0.0009955199116420117, 0.0009955199116420117, 0.0009955199116420117], [0.9950224004417905, 0.0009955199116420117, 0.0009955199116420117, 0.0009955199116420117, 0.0009955199116420117, 0.0009955199116420117], [0.9039244805086059, 0.036630022153715976, 0.033261522051478046, 0.004777913551402698, 0.02033103959475936, 0.001075022140038058], [0.8466235068589164, 0.06826282528570102, 0.04972000121521839, 0.012916791302523316, 0.021413700784671977, 0.0010631745529689862], [0.6992513175593321, 0.10479055528997099, 0.12180455872537378, 0.014011379320753348, 0.059069248335725966, 0.0010729407688437743], [0.13095702596955902, 0.12786566269544253, 0.11433129558655207, 0.01468309610411906, 0.6111629211547789, 0.0009999984895485974], [0.11347838857114097, 0.10583293543157764, 0.12180734632786407, 0.015006550640061421, 0.6428747796366377, 0.0009999993927183248], [0.8319204232975075, 0.07450855278189894, 0.05587071189992211, 0.008220501331128956, 0.02841732837512068, 0.00106248231442169], [0.8616660507129967, 0.04629246719603273, 0.044246739771249786, 0.012385174460561827, 0.03433622614642319, 0.0010733417127357255], [0.8459858046620251, 0.05961588506089142, 0.052940118037937904, 0.008335306165355768, 0.032062946674042525, 0.0010599393997473147], [0.7178601013844027, 0.10020781207746376, 0.1071987244053574, 0.013521860249826585, 0.060149336854502716, 0.0010621650284467123], [0.7280346630942445, 0.09620066631651779, 0.09809149170789314, 0.016521097916317624, 0.06010516538833049, 0.0010469155766963988], [0.7352513391486242, 0.0964825874305973, 0.10507888190866108, 0.011194650388319344, 0.05093686772746662, 0.0010556733963314894], [0.060081933611080815, 0.060041381676616684, 0.05085163035966526, 0.010828046604851125, 0.8171970111878969, 0.0009999965598893666], [0.06423361731295286, 0.04106939995497291, 0.039611491426132996, 0.006506997878272186, 0.8475111129555993, 0.0010673804720697983], [0.05781992667195335, 0.04763870397986614, 0.035707989902643, 0.006368850276478497, 0.8514010262424792, 0.0010635029265798385], [0.9950224004417905, 0.0009955199116420117, 0.0009955199116420117, 0.0009955199116420117, 0.0009955199116420117, 0.0009955199116420117], [0.9950224004417905, 0.0009955199116420117, 0.0009955199116420117, 0.0009955199116420117, 0.0009955199116420117, 0.0009955199116420117], [0.9469028853921292, 0.0210419386455492, 0.01701983065939734, 0.0047275462001661805, 0.009235015146609151, 0.0010727839561490509], [0.9546538353317103, 0.019599406666274657, 0.01671346151964258, 0.0020559159607225655, 0.0058952598929588075, 0.0010821206286910658], [0.9464174500928696, 0.021996991401921163, 0.016136179601818814, 0.002905406299496462, 0.011229177918585654, 0.0013147946853084799], [0.983433624290898, 0.008678375286606687, 0.004055098430089601, 0.0009997767314785387, 0.0015641943714988016, 0.0012689308894285108], [0.9950224004417905, 0.0009955199116420117, 0.0009955199116420117, 0.0009955199116420117, 0.0009955199116420117, 0.0009955199116420117]], [[0.9950224004417905, 0.0009955199116420117, 0.0009955199116420117, 0.0009955199116420117, 0.0009955199116420117, 0.0009955199116420117], [0.9410589131112848, 0.022181601524909247, 0.023896288634452072, 0.0029733289748847783, 0.008820373381993894, 0.0010694943724752586], [0.8774356225148624, 0.09293493144559152, 0.0009998550028012328, 0.008182673323865469, 0.01938479840670755, 0.0010621193061719], [0.8363823940973923, 0.11934934824110452, 0.0009998602104595014, 0.012249812264013756, 0.029959164630114755, 0.0010594205569150238], [0.7216926154421494, 0.20874400053360304, 0.0009998536422249971, 0.020327374134166333, 0.04717095321611405, 0.0010652030317423987], [0.13133665987750442, 0.23599882222446256, 0.0009998497751656235, 0.018157763944174586, 0.6125070544035273, 0.0009998497751656235], [0.6888430301879456, 0.21442096647276507, 0.0009998528932995186, 0.02257787550465223, 0.07209376953798394, 0.0010645054033536635], [0.6958141638591708, 0.22052172147543792, 0.0009998562580596341, 0.016983188089463395, 0.06461321376960061, 0.0010678565482676217], [0.6703381578515987, 0.2293356495611868, 0.0009998490928419899, 0.01811623208428004, 0.08015775140065935, 0.0010523600094332261], [0.41885391516724524, 0.3126721253068295, 0.0009998162093439568, 0.02742853042453288, 0.2390457966827045, 0.0009998162093439568], [0.6857968518622267, 0.22230115362503022, 0.000999850651412679, 0.019706571085898295, 0.07014162438414483, 0.001053948391287027], [0.7233913789836408, 0.20900299338912784, 0.0009998553634370376, 0.014886150721874242, 0.050652649991667645, 0.001066971550252413], [0.04944783420583914, 0.11323236912603814, 0.0009998133423450666, 0.008094700922825056, 0.8272254690606075, 0.0009998133423450666], [0.88404356423514, 0.08848342375054327, 0.0009998558377633461, 0.0057250634751638526, 0.01968512671639612, 0.0010629659849935712], [0.9395891259999659, 0.04544909096923623, 0.0009998594656793179, 0.0022317000988702276, 0.010663139585070229, 0.0010670838811781065], [0.012465273603288968, 0.022509879821365594, 0.014325285416550159, 0.0019652110765931907, 0.9476645336441007, 0.0010698164381014207], [0.9666890784515111, 0.010236708637899572, 0.014224009346530484, 0.0021644404678788655, 0.005597379149208348, 0.001088383946971751], [0.9950224004417905, 0.0009955199116420117, 0.0009955199116420117, 0.0009955199116420117, 0.0009955199116420117, 0.0009955199116420117], [0.9950224004417905, 0.0009955199116420117, 0.0009955199116420117, 0.0009955199116420117, 0.0009955199116420117, 0.0009955199116420117], [0.8660329090776315, 0.05115833141184681, 0.04566489610931278, 0.009473529246339171, 0.026603208054340088, 0.0010671261005295613], [0.739275375839287, 0.19494896558749664, 0.0009998575314233743, 0.012262956095431085, 0.05144372937975433, 0.0010691155666076192], [0.678414555738686, 0.2359147371398477, 0.0009998475881104042, 0.01943777162827725, 0.06418226615643854, 0.001050821748640035], [0.40545561888662146, 0.3391567031554, 0.0015017946096441837, 0.027654025663478052, 0.22523187142384782, 0.0009999862610085754], [0.1318712175151553, 0.25068635801342554, 0.0009998236361166053, 0.019188106638024713, 0.5962546705611614, 0.0009998236361166053], [0.7105106265472525, 0.20142539922790642, 0.0009998560074206044, 0.021341726862777074, 0.06465476805654188, 0.0010676232981014296], [0.7994735933422172, 0.1453473084988198, 0.0009998528953383207, 0.010068805059476434, 0.043058431131650664, 0.0010520090724975195], [0.7117303723942056, 0.2006530883334806, 0.0009998529900792595, 0.01863966823036562, 0.06691245491949473, 0.0010645631323743473], [0.6889131522775628, 0.212449862635587, 0.0009998426420973834, 0.015622918344480399, 0.08097372235008185, 0.0010405017501906053], [0.46261737730872204, 0.27195189838450906, 0.000999807587967622, 0.026373914727813027, 0.23705719440302075, 0.000999807587967622], [0.7082230466440308, 0.20589611987061207, 0.0009998507574323619, 0.017709398450643732, 0.06611753532582028, 0.0010540489514606684], [0.7366228285687814, 0.19143249189267433, 0.0009998591629791546, 0.01714496999066158, 0.052729082603438934, 0.001070767781464496], [0.07379575608202592, 0.1277087018681764, 0.0009998161030472048, 0.014005333257219255, 0.782490576586484, 0.0009998161030472048], [0.8261991526843074, 0.1219390704211124, 0.0009998561993449335, 0.01413839056225599, 0.035668182362180806, 0.0010553477707984562], [0.7469757235576339, 0.09545106377281871, 0.09614245843595963, 0.012950451200732679, 0.04741245991476186, 0.0010678431180932311], [0.8594340707995084, 0.056701278882405864, 0.04576457063310332, 0.009474337559937575, 0.02755850193997401, 0.001067240185070949], [0.9950224004417905, 0.0009955199116420117, 0.0009955199116420117, 0.0009955199116420117, 0.0009955199116420117, 0.0009955199116420117], [0.9387828085416201, 0.023897929947713895, 0.02142393899696105, 0.005022532369407467, 0.009800432976300958, 0.0010723571679967282], [0.9511693723151713, 0.03871050401011798, 0.0009998625480453463, 0.0017390549025203656, 0.006302344109251749, 0.001078862114893262], [0.9464782300973889, 0.021910162824036586, 0.016136179601818814, 0.002905406299496462, 0.011255226491951027, 0.0013147946853084799], [0.9950224004417905, 0.0009955199116420117, 0.0009955199116420117, 0.0009955199116420117, 0.0009955199116420117, 0.0009955199116420117]], [[0.9950224004417905, 0.0009955199116420117, 0.0009955199116420117, 0.0009955199116420117, 0.0009955199116420117, 0.0009955199116420117], [0.8994861925924917, 0.03473010777378346, 0.040272745845019046, 0.007222679838140341, 0.017216469507826303, 0.0010718044427389971], [0.04535170684570778, 0.11722613043765534, 0.000999815575102662, 0.008795137955913203, 0.8266273936105183, 0.000999815575102662], [0.709561221023934, 0.22249859534260708, 0.0015266446157959543, 0.010970103641575227, 0.054376956858244486, 0.0010664785178432121], [0.6828774196632802, 0.22819099361257017, 0.0009998473144226033, 0.021875097574865315, 0.06500608199803828, 0.0010505598368233736], [0.42578088464189406, 0.3041706370148695, 0.000999819376574032, 0.03228945716658134, 0.23575938242350708, 0.000999819376574032], [0.6910389840271857, 0.21733557896966665, 0.0009998501994832032, 0.022727751486699886, 0.06684437199044722, 0.0010534633265173682], [0.1402911703117437, 0.22356816094017107, 0.0009998162878480626, 0.02177525824207227, 0.612365777930317, 0.0009998162878480626], [0.16712902583454334, 0.23197447465041846, 0.0009998269831086402, 0.019856223744104763, 0.5790406218047162, 0.0009998269831086402], [0.6673384895227732, 0.23616998956358995, 0.000999848628091742, 0.02142516674614908, 0.07301462672779988, 0.001051878811596147], [0.7136513097231836, 0.19663635101540872, 0.0009998587697821555, 0.014163323540704657, 0.07347875956314592, 0.0010703973877749504], [0.8347505912940921, 0.12025354037486191, 0.0009998590875964278, 0.011047428754541832, 0.03189031300873504, 0.001058267480172628], [0.05256805610027264, 0.09225545500935378, 0.0009998462660736334, 0.010127103066389295, 0.8429958347699393, 0.0010537047879713092], [0.9294094390532501, 0.05281770379763112, 0.0009998581556387495, 0.004226846549095274, 0.011480354229091895, 0.0010657982152928599], [0.950972280276601, 0.03730999206715416, 0.0009998632388436846, 0.0021805931926509523, 0.007457643586655744, 0.0010796276380944565], [0.03130498580348158, 0.038407017935162914, 0.0009995583876841018, 0.003660126230915032, 0.924315366339375, 0.0013129453033812928], [0.02105883639196229, 0.021589960910374562, 0.01601313585814805, 0.0024978707745300574, 0.9375281582193165, 0.001312037845668609], [0.9950224004417905, 0.0009955199116420117, 0.0009955199116420117, 0.0009955199116420117, 0.0009955199116420117, 0.0009955199116420117], [0.9950224004417905, 0.0009955199116420117, 0.0009955199116420117, 0.0009955199116420117, 0.0009955199116420117, 0.0009955199116420117], [0.9950224004417905, 0.0009955199116420117, 0.0009955199116420117, 0.0009955199116420117, 0.0009955199116420117, 0.0009955199116420117], [0.8299960397527799, 0.07140629759073087, 0.05566632328580205, 0.009074032675334243, 0.032793453065437544, 0.0010638536299153835], [0.7103496050660157, 0.20080405148937766, 0.000999852804609849, 0.01872332940511803, 0.06805878845258516, 0.0010643727822937004], [0.6675535369573589, 0.23865748016029234, 0.0009998471823502088, 0.022785749940911718, 0.068952940402974, 0.0010504453561128518], [0.7078879319310099, 0.21294756352643923, 0.000999853737065362, 0.01651173873017989, 0.06058757212669145, 0.0010653399486142794], [0.8104573592535359, 0.12779104214121484, 0.0009998538345395533, 0.013471826685939029, 0.046226964959919965, 0.001052953124850707], [0.802042676944141, 0.13065662368893222, 0.0009998542531632864, 0.015918760849583734, 0.04932863839158383, 0.0010534458725960766], [0.7171858219910408, 0.19823576110316335, 0.0009998543575267312, 0.014008850948342262, 0.06850377656951394, 0.001065935030413004], [0.17368300694839647, 0.2332127720568851, 0.0009998088617521534, 0.015413909423332508, 0.5756906938478816, 0.0009998088617521534], [0.668173979427004, 0.22799959609632203, 0.00099984514986814, 0.018232685407245708, 0.08355081755026667, 0.0010430763692936293], [0.7086465269313219, 0.19452104484423624, 0.000999853499371204, 0.019430251315036663, 0.07533721958123833, 0.0010651038287957213], [0.823206490105296, 0.12289883304540136, 0.0009998575567776228, 0.012047491814398256, 0.039790619715451746, 0.0010567077626749322], [0.08353344956810974, 0.12104560323363002, 0.0009998120706093442, 0.009219515353247564, 0.7842018077037941, 0.0009998120706093442], [0.7190653098301142, 0.20332902587480767, 0.000999853843782514, 0.014863275698156209, 0.060677124332526325, 0.0010654104206130768], [0.6964652313782561, 0.21982263829420443, 0.0009998474938105223, 0.017847529990235228, 0.06381397470067955, 0.0010507781428142845], [0.7340554858610587, 0.19750421704383894, 0.0009998498920490242, 0.011647052826036458, 0.054731933960102674, 0.001061460416914419], [0.8567949469259037, 0.06682153606355815, 0.037024043881627215, 0.008009674346548212, 0.030285261239295876, 0.0010645375430667185], [0.9950224004417905, 0.0009955199116420117, 0.0009955199116420117, 0.0009955199116420117, 0.0009955199116420117, 0.0009955199116420117], [0.022697164195101188, 0.029730744713329555, 0.023366464013679908, 0.001991638211006086, 0.9211560814080019, 0.0010579074588814084], [0.9568349078095091, 0.016987410256292832, 0.01829274294980682, 0.0020518787665443363, 0.004749202384363194, 0.0010838578334837945], [0.9950224004417905, 0.0009955199116420117, 0.0009955199116420117, 0.0009955199116420117, 0.0009955199116420117, 0.0009955199116420117]], [[0.9950224004417905, 0.0009955199116420117, 0.0009955199116420117, 0.0009955199116420117, 0.0009955199116420117, 0.0009955199116420117], [0.01817726420041689, 0.024965937540906463, 0.021974977385691593, 0.0028359398585459717, 0.9309884573408078, 0.001057423673631182], [0.04802719384883782, 0.08841404699662139, 0.0009998456692238106, 0.00750241209838161, 0.8540033862545372, 0.001053115132398068], [0.8441449021246221, 0.11013397418835909, 0.000999857978310325, 0.009300721305547642, 0.034363423914133356, 0.0010571204890274235], [0.7193569433529092, 0.19845679919373746, 0.000999852919771495, 0.019749434022022495, 0.060372431154665784, 0.001064539356893424], [0.7104558119274121, 0.20756469949060574, 0.0009998494344888894, 0.021159650174103335, 0.058767271075802645, 0.001052717897587256], [0.7077231434447818, 0.20474824415079304, 0.0009998530663113546, 0.018836813109128193, 0.0666273067721413, 0.001064639456844129], [0.7051273918571743, 0.20433565202247703, 0.000999853405775896, 0.02047726193553728, 0.06799482227829068, 0.0010650185007448903], [0.6927926932084107, 0.22111903618866938, 0.0009998493253380151, 0.015838525977237235, 0.06819728016671521, 0.0010526151336294842], [0.6700620761131546, 0.23259285102300614, 0.0009998489251031085, 0.021795636727105275, 0.0734949194264897, 0.0010546677851412571], [0.8227568205908068, 0.12886330924859357, 0.0009998561213003722, 0.012018152211543266, 0.034306536265605245, 0.0010553255621506684], [0.86724248450489, 0.09963751485703831, 0.0009998579682165974, 0.010867955144571553, 0.02018710806993384, 0.0010650794553498045], [0.02612206955456639, 0.06136725189364652, 0.0009998458201629988, 0.006095356634870076, 0.9043615034151745, 0.0010539726815795391], [0.9379543247039561, 0.04554526473388588, 0.0009998627712191985, 0.004065502080012235, 0.010355964079172175, 0.0010790816317543465], [0.9435177376019349, 0.03725028334056424, 0.0009995568082765065, 0.003605245749393849, 0.013317951537114672, 0.001309224962715708], [0.9434150794948377, 0.03739693777927463, 0.0009995568082765065, 0.003605245749393849, 0.013273955205501557, 0.001309224962715708], [0.9423919174760519, 0.04085567409140914, 0.0009998632011527229, 0.004052206452229626, 0.01062078915206818, 0.0010795496270884315], [0.939141353121147, 0.02236923565604976, 0.02315176577220926, 0.004009310757669935, 0.010257216450736174, 0.0010711182421878711], [0.9301832727918212, 0.028488904667111976, 0.023776107313347516, 0.005718028595520608, 0.010760786294960361, 0.0010729003372383793], [0.061866835701411285, 0.047916478550969664, 0.03483702776668358, 0.009082356976356058, 0.8452337610580801, 0.0010635399464993475], [0.8345732712047614, 0.11986322644932187, 0.000999855276034315, 0.009485668707525641, 0.034023505132776376, 0.0010544732295802424], [0.8193657028440092, 0.12777057233804617, 0.0009998573527908005, 0.011913279064014988, 0.038894078758999195, 0.001056509642139565], [0.7378294596506224, 0.18781374087605482, 0.0009998593698142466, 0.01582950758937623, 0.05645642784880722, 0.0010710046653252718], [0.0693615104516836, 0.11712105006662708, 0.0009998173879650928, 0.01259154324817881, 0.7989262614575803, 0.0009998173879650928], [0.08099724217270143, 0.10385393034151516, 0.0009998133944046758, 0.01592688015292811, 0.7972223205440461, 0.0009998133944046758], [0.7338740171974253, 0.181880354730893, 0.000999860833478958, 0.020823530720672716, 0.06134981861882201, 0.001072417898707805], [0.14779167071786758, 0.2078498713734322, 0.0009998226292402925, 0.021423824877540874, 0.6209349877726787, 0.0009998226292402925], [0.45500522575666763, 0.26970583417103294, 0.00099981563908659, 0.03185081225400447, 0.2414384965401218, 0.00099981563908659], [0.6695027126999348, 0.22893359814919922, 0.0009998421596604942, 0.015435998996972275, 0.0840890583899693, 0.0010387896042637862], [0.7175788910250346, 0.19372046853998315, 0.0009998521665415875, 0.01481157372514748, 0.0718254246731456, 0.0010637898701476869], [0.8081976671546987, 0.1319459400744168, 0.000999856496893193, 0.014522932865333996, 0.043277975425333536, 0.0010556279833239576], [0.11166178074368492, 0.18418828328044534, 0.0009998278043914603, 0.013387511038339623, 0.6887622091225927, 0.0010003880105459407], [0.7078214439614356, 0.2136993043760177, 0.0009998501654986491, 0.018027487852471335, 0.05839851606193394, 0.0010533975826427214], [0.4453468581419601, 0.3002413171062462, 0.000999790518733904, 0.024847544050077816, 0.22756469966424817, 0.000999790518733904], [0.6893788427311275, 0.20987327371186626, 0.0009998506785792861, 0.021952968205137535, 0.0767411487366449, 0.0010539159366446263], [0.7342485813594463, 0.1829313807530509, 0.0009998562655666962, 0.0147279328782517, 0.06602436465870044, 0.0010678840849838833], [0.8232452709135706, 0.07558015937186804, 0.05728740750250699, 0.006464886435469349, 0.036367449997661415, 0.0010548257789236481], [0.9950224004417905, 0.0009955199116420117, 0.0009955199116420117, 0.0009955199116420117, 0.0009955199116420117, 0.0009955199116420117], [0.942168404841338, 0.024445128466427293, 0.01947552092381269, 0.004193622969938332, 0.008646562326721126, 0.001070760471762645], [0.9950224004417905, 0.0009955199116420117, 0.0009955199116420117, 0.0009955199116420117, 0.0009955199116420117, 0.0009955199116420117]], [[0.9950224004417905, 0.0009955199116420117, 0.0009955199116420117, 0.0009955199116420117, 0.0009955199116420117, 0.0009955199116420117], [0.9497691919544499, 0.020541869708923695, 0.01687005015195504, 0.0038530439748213925, 0.007880936837153407, 0.0010849073726965724], [0.9260328089522608, 0.055433822616182016, 0.0009998595384838214, 0.005804701345098931, 0.01066160363277767, 0.0010672039151967574], [0.06112521138006217, 0.0824549718244087, 0.0009998487150426705, 0.01032780041376097, 0.8440359750435891, 0.001056192623136403], [0.8367267880242267, 0.11048920737042059, 0.000999854849421162, 0.011173219610195247, 0.03955694555754357, 0.0010539845881927367], [0.7313613939077781, 0.184247417124854, 0.0009998529067377427, 0.017859005169423386, 0.06446782320757184, 0.0010645076836350363], [0.7280204271973427, 0.19830561331610028, 0.0009998532652975615, 0.016468801402981712, 0.05514043441558485, 0.0010648704026929143], [0.7108055089791921, 0.1981489986042277, 0.0009998504381300399, 0.0211442332858394, 0.06784773256338945, 0.001053676129221153], [0.445386073296934, 0.2978137846367213, 0.0009998263190203098, 0.030110759337436524, 0.2246897300908675, 0.0009998263190203098], [0.13718503310795632, 0.22028085162849192, 0.0009998127997019708, 0.020759439365622252, 0.6197750502985256, 0.0009998127997019708], [0.7315516362312906, 0.1936831249681015, 0.0009998533726135058, 0.014277137558200726, 0.058423263502810865, 0.0010649843669828206], [0.8530197520471697, 0.10768999804199189, 0.00099985643826981, 0.009595080363086343, 0.027639754062925865, 0.001055559046556291], [0.8976071031436405, 0.07399000681326111, 0.0009998595300371236, 0.005499476053325297, 0.020836911414700173, 0.0010666430450358658], [0.9414700605326666, 0.042119237619500025, 0.0009998584927836047, 0.0040964990069811014, 0.010248199501601862, 0.0010661448464666585], [0.020747139988831802, 0.035913921160849786, 0.0009998481357645606, 0.0038389010814813703, 0.9374351591608046, 0.0010650304722680342], [0.9470778714542726, 0.04150211683403862, 0.0009998631696090596, 0.0021483973712718364, 0.007192259868516668, 0.0010794913022912633], [0.027422049394021368, 0.05212653795898985, 0.0009998431441486158, 0.0050100090847132114, 0.9133902266528808, 0.0010513337652461377], [0.05727037096787393, 0.07758859446417987, 0.0009998497394979999, 0.007076528101964748, 0.8560074573254708, 0.0010571994010126898], [0.053769173035340616, 0.09093927032887536, 0.0009998494297887507, 0.007919717695558805, 0.8453151446566475, 0.0010568448537889596], [0.8400190497182608, 0.11294725215880215, 0.0009998615094833805, 0.013130844558573022, 0.03184230350784209, 0.0010606885470385353], [0.10453484421648863, 0.18972927861808683, 0.000999828976560102, 0.016434367772894396, 0.6873001421411621, 0.0010015382748078698], [0.8360288717856518, 0.11752080977684473, 0.0009998540958974546, 0.011162294201902427, 0.03323488544630565, 0.0010532846933979584], [0.829452622799832, 0.11751756305666061, 0.0009998549177824198, 0.011976791232336527, 0.038999100528545876, 0.001054067464842443], [0.8635564718867335, 0.0939297609185268, 0.0009998572429113343, 0.009096889630668254, 0.0313526540100673, 0.0010643663110929348], [0.000995519911642011, 0.000995519911642011, 0.000995519911642011, 0.000995519911642011, 0.000995519911642011, 0.99502240044179], [0.8425777627899443, 0.10381959732933231, 0.0009998535488288467, 0.011994655129872814, 0.03955538911184174, 0.0010527420901799592], [0.7300696351796345, 0.19233802646637194, 0.0009998560423825895, 0.017314912192417244, 0.0582099472601031, 0.0010676228590906264], [0.6639364412393758, 0.23078566393565172, 0.0009998461429569462, 0.027601075299734563, 0.07563292089234579, 0.0010440524899352308], [0.6715397369838522, 0.2269879120775573, 0.0009998452206255164, 0.019655487310648076, 0.07977394435157689, 0.0010430740557401297], [0.7105900841479383, 0.20482009012077504, 0.0009998546936011282, 0.014939363900274468, 0.06758430204442126, 0.0010663050929896859], [0.0765218879850921, 0.1216154946470755, 0.0009998158529770766, 0.010316621304488113, 0.7895463643573901, 0.0009998158529770766], [0.07617881646587014, 0.11654203335825973, 0.000999814496213554, 0.013473701904594078, 0.791805819278849, 0.000999814496213554], [0.11883255573247886, 0.18859785680764718, 0.0009998311182562044, 0.01744473701802984, 0.6731213340474813, 0.001003685276106527], [0.6977742214018389, 0.20933470154811037, 0.0009998497581368004, 0.02351297863739045, 0.06732520206361332, 0.0010530465909103475], [0.7038092637891747, 0.21135197162716718, 0.0009998509732462326, 0.0171829982264475, 0.06559335942312744, 0.0010625559608368016], [0.7918705666495021, 0.15599502961915004, 0.000999849814480597, 0.010082361469844937, 0.04000324557870608, 0.0010489468683163917], [0.7275610041168384, 0.20129772047784722, 0.0009998513681282058, 0.012356504723461023, 0.056721981960173674, 0.0010629373535515053], [0.8493295785632128, 0.06274208365532222, 0.04947029325857273, 0.006425565851620496, 0.030968867865236525, 0.001063610806035249], [0.9950224004417905, 0.0009955199116420117, 0.0009955199116420117, 0.0009955199116420117, 0.0009955199116420117, 0.0009955199116420117], [0.9950224004417905, 0.0009955199116420117, 0.0009955199116420117, 0.0009955199116420117, 0.0009955199116420117, 0.0009955199116420117]], [[0.9950224004417905, 0.0009955199116420117, 0.0009955199116420117, 0.0009955199116420117, 0.0009955199116420117, 0.0009955199116420117], [0.9460965221288792, 0.02245545992190746, 0.016136179601818814, 0.002905406299496462, 0.011091637362589763, 0.0013147946853084799], [0.9299655264037356, 0.04799995191057069, 0.0009998627179289437, 0.005673948979875827, 0.014281691488760339, 0.0010790184991286073], [0.9088076190566025, 0.06447695059198098, 0.0009998568100813118, 0.005565508032455549, 0.019085636882947742, 0.0010644286259318871], [0.8616577929510039, 0.09701684573845733, 0.0009998581415678871, 0.00802030021213772, 0.03123996018400434, 0.0010652427728287573], [0.8280155069689779, 0.1136323311992005, 0.0009998553934917058, 0.014392634795688196, 0.041905155833620804, 0.0010545158090210236], [0.08266653559800162, 0.10675277458847825, 0.0009998143495471093, 0.013347093132184329, 0.7952339679822417, 0.0009998143495471093], [0.7294422463094261, 0.1899297174027487, 0.0009998592925338635, 0.018968811646467732, 0.059588515404626445, 0.0010708499441970747], [0.7716242618530301, 0.16277637455257485, 0.0009995248935383088, 0.0150251433010783, 0.048575170506240085, 0.0009995248935383088], [0.07845772378592493, 0.14464595291235147, 0.000999466792771015, 0.013237132077914132, 0.7616602576382675, 0.000999466792771015], [0.05442284719637655, 0.08456226184699331, 0.000999460106497173, 0.006890220894997388, 0.8521257498486385, 0.000999460106497173], [0.03805461624805298, 0.06548312401751762, 0.0009995231224806229, 0.005584712143903404, 0.8888785013455647, 0.0009995231224806229], [0.936697684107821, 0.04592580626155842, 0.000999538364923497, 0.007392624177478437, 0.007984808723295347, 0.000999538364923497], [0.016967225761184482, 0.03518227064152331, 0.0009995328222425894, 0.0023684438441367557, 0.9434829941086702, 0.0009995328222425894], [0.9527071565098159, 0.03272578417778452, 0.000999556303199037, 0.004352090263852314, 0.008215856442149429, 0.000999556303199037], [0.9408288421079131, 0.037074358722727775, 0.0009995399567898358, 0.004947956736459923, 0.015149762519319626, 0.0009995399567898358], [0.9020187814857007, 0.07229431209870514, 0.0009995377720600095, 0.006337145227341136, 0.017350685644133054, 0.0009995377720600095], [0.041802182118971645, 0.09606052960251861, 0.0009994517500948022, 0.010407801060323093, 0.8497305837179971, 0.0009994517500948022], [0.05504952082044421, 0.11270626625467296, 0.0009994585807087412, 0.0065987632724154345, 0.82364653249105, 0.0009994585807087412], [0.7888170807507263, 0.16255765111209422, 0.0009995380569127602, 0.008639534833803563, 0.03798665718955044, 0.0009995380569127602], [0.09532879365685923, 0.1859500798536463, 0.0009994612023982853, 0.014833329839552893, 0.7018888742451451, 0.0009994612023982853], [0.7882338014849646, 0.15426674197678114, 0.0009995402142254032, 0.009994573581203125, 0.045505802528600356, 0.0009995402142254032], [0.8719381865999561, 0.09139508634208243, 0.0009995255185997335, 0.007569094910305729, 0.02709858111045606, 0.0009995255185997335], [0.8740723486373534, 0.08363780782597915, 0.0009998587647056568, 0.008967642857701357, 0.03125647059541001, 0.001065871318850494], [0.000995519911642011, 0.000995519911642011, 0.000995519911642011, 0.000995519911642011, 0.000995519911642011, 0.99502240044179], [0.8629609530306301, 0.09459338781005079, 0.0009998532154434552, 0.010272694703179049, 0.030120776092050577, 0.0010523351486460975], [0.11107861745172555, 0.17347038512902876, 0.0009998292193044301, 0.01864264698115361, 0.6948067147735553, 0.0010018064452322875], [0.6995700677411436, 0.21485436664092594, 0.0009998428650542352, 0.018376601854415364, 0.06515838096728716, 0.0010407399311736145], [0.4608831083719832, 0.28435409232338665, 0.0009998231188130596, 0.029150341134717567, 0.22361281193228655, 0.0009998231188130596], [0.12287743349760559, 0.20073300628570726, 0.0009998277162275567, 0.019776502538065344, 0.6546134022461668, 0.0009998277162275567], [0.1040575779498978, 0.17301020218156643, 0.000999831223012385, 0.016552413140124858, 0.7043761806944302, 0.0010037948109683375], [0.8413102605880727, 0.11006180865702533, 0.0009998555883426435, 0.012751267935478343, 0.03382202550894517, 0.0010547817221358378], [0.06932962004671035, 0.10717254674963708, 0.0009998167130836123, 0.011837704434648983, 0.8096604953428364, 0.0009998167130836123], [0.7463524794589387, 0.1735062453618954, 0.0009998576378225353, 0.015739591232995103, 0.062332565045470564, 0.001069261262877674], [0.8058516126736522, 0.1318951466779291, 0.0009998554267282996, 0.012470681244702662, 0.047728102221195355, 0.0010546017557924565], [0.7066955673913333, 0.211105246145823, 0.0009998558329368183, 0.014966320497587067, 0.06516560814705705, 0.001067401985262659], [0.6808709187929969, 0.22928977695389285, 0.00099985078443383, 0.018131686038305714, 0.06965374458061119, 0.0010540228497595114], [0.7096470944841047, 0.22024909198421527, 0.0017103461817549333, 0.014816591980910199, 0.052514093491947265, 0.0010627818770675554], [0.04883138781260392, 0.06129949760425262, 0.051749103624151443, 0.008197387863054465, 0.8289226328997987, 0.0009999901961390246], [0.9950224004417905, 0.0009955199116420117, 0.0009955199116420117, 0.0009955199116420117, 0.0009955199116420117, 0.0009955199116420117]], [[0.9950224004417905, 0.0009955199116420117, 0.0009955199116420117, 0.0009955199116420117, 0.0009955199116420117, 0.0009955199116420117], [0.9508438703110184, 0.018465244635910615, 0.019471208185756678, 0.0036291998231171066, 0.00650513859703576, 0.001085338447161528], [0.030883898722106288, 0.05432972885717584, 0.00099984261318225, 0.00418026747870358, 0.9085554687849384, 0.0010507935438935844], [0.8683427430667752, 0.09242684260851619, 0.000999860398446045, 0.010717558988833756, 0.026445486974619965, 0.0010675079628087371], [0.837734175656075, 0.11969950016453745, 0.0009998592086697333, 0.011739850405779038, 0.028768224469463942, 0.0010583900954747466], [0.11935499793374775, 0.18179885292482972, 0.0009998276425668931, 0.017233614158732764, 0.6796124832062538, 0.0010002241338691374], [0.8291241962861822, 0.12488570673804861, 0.0009998573004456493, 0.008851835211490194, 0.03508195799650476, 0.0010564464673285749], [0.8409785048567403, 0.10653962452862295, 0.000999853828452937, 0.008721977864103118, 0.04170701221650571, 0.0010530267055750022], [0.7999915129992099, 0.13943042164480354, 0.0009995390299069084, 0.01190116841515942, 0.04667781888101339, 0.0009995390299069084], [0.879831157376634, 0.084902166853599, 0.0009995305139156396, 0.010212405164998306, 0.023055209576937494, 0.0009995305139156396], [0.04954293712444578, 0.06617384143800502, 0.0009995251660279835, 0.005657187388863499, 0.8766269837166298, 0.0009995251660279835], [0.9286722629878552, 0.052232882856511835, 0.0009995369701557792, 0.0048989893117367305, 0.01219679090358478, 0.0009995369701557792], [0.9179802813681409, 0.05785934424898909, 0.0009995377490224727, 0.0043724691721957485, 0.017788829712629257, 0.0009995377490224727], [0.9491143151912711, 0.0359884424505779, 0.0009995389059247292, 0.0031815948026172043, 0.009716569743684353, 0.0009995389059247292], [0.9435206212134712, 0.03992415351003179, 0.0009995398726876709, 0.005737493680000194, 0.008818651851121377, 0.0009995398726876709], [0.04850278730557093, 0.059379448091569906, 0.0009995275643868338, 0.00906486886039875, 0.8810538406136867, 0.0009995275643868338], [0.05037581129539683, 0.09538062677797643, 0.000999455816261794, 0.00805960759140224, 0.8441850427027009, 0.000999455816261794], [0.09308806117070076, 0.16900895435264052, 0.000999463267419406, 0.01351766484301483, 0.722386393098805, 0.000999463267419406], [0.08685955657007517, 0.2703635341609278, 0.0009994681937531649, 0.012920269651247838, 0.6278577032302429, 0.0009994681937531649], [0.7431386113991868, 0.17604740228303142, 0.0009995236012238014, 0.013699324128361098, 0.06511561498697323, 0.0009995236012238014], [0.3315032603798525, 0.2561230417849191, 0.000999463714928002, 0.024340664131016265, 0.38603410627435636, 0.000999463714928002], [0.10914160195974389, 0.16784671254363331, 0.0009994627038252006, 0.01402782522023