{"prediction": [[[0.9950224004417905, 0.0009955199116420117, 0.0009955199116420117, 0.0009955199116420117, 0.0009955199116420117, 0.0009955199116420117], [0.9950224004417905, 0.0009955199116420117, 0.0009955199116420117, 0.0009955199116420117, 0.0009955199116420117, 0.0009955199116420117], [0.9950224004417905, 0.0009955199116420117, 0.0009955199116420117, 0.0009955199116420117, 0.0009955199116420117, 0.0009955199116420117], [0.9950224004417905, 0.0009955199116420117, 0.0009955199116420117, 0.0009955199116420117, 0.0009955199116420117, 0.0009955199116420117], [0.9950224004417905, 0.0009955199116420117, 0.0009955199116420117, 0.0009955199116420117, 0.0009955199116420117, 0.0009955199116420117], [0.9950224004417905, 0.0009955199116420117, 0.0009955199116420117, 0.0009955199116420117, 0.0009955199116420117, 0.0009955199116420117], [0.9950224004417905, 0.0009955199116420117, 0.0009955199116420117, 0.0009955199116420117, 0.0009955199116420117, 0.0009955199116420117], [0.9950224004417905, 0.0009955199116420117, 0.0009955199116420117, 0.0009955199116420117, 0.0009955199116420117, 0.0009955199116420117], [0.9950224004417905, 0.0009955199116420117, 0.0009955199116420117, 0.0009955199116420117, 0.0009955199116420117, 0.0009955199116420117], [0.9950224004417905, 0.0009955199116420117, 0.0009955199116420117, 0.0009955199116420117, 0.0009955199116420117, 0.0009955199116420117], [0.9950224004417905, 0.0009955199116420117, 0.0009955199116420117, 0.0009955199116420117, 0.0009955199116420117, 0.0009955199116420117], [0.9950224004417905, 0.0009955199116420117, 0.0009955199116420117, 0.0009955199116420117, 0.0009955199116420117, 0.0009955199116420117], [0.9950224004417905, 0.0009955199116420117, 0.0009955199116420117, 0.0009955199116420117, 0.0009955199116420117, 0.0009955199116420117], [0.9950224004417905, 0.0009955199116420117, 0.0009955199116420117, 0.0009955199116420117, 0.0009955199116420117, 0.0009955199116420117], [0.9950224004417905, 0.0009955199116420117, 0.0009955199116420117, 0.0009955199116420117, 0.0009955199116420117, 0.0009955199116420117], [0.9950224004417905, 0.0009955199116420117, 0.0009955199116420117, 0.0009955199116420117, 0.0009955199116420117, 0.0009955199116420117], [0.9950224004417905, 0.0009955199116420117, 0.0009955199116420117, 0.0009955199116420117, 0.0009955199116420117, 0.0009955199116420117], [0.9950224004417905, 0.0009955199116420117, 0.0009955199116420117, 0.0009955199116420117, 0.0009955199116420117, 0.0009955199116420117], [0.9950224004417905, 0.0009955199116420117, 0.0009955199116420117, 0.0009955199116420117, 0.0009955199116420117, 0.0009955199116420117], [0.9950224004417905, 0.0009955199116420117, 0.0009955199116420117, 0.0009955199116420117, 0.0009955199116420117, 0.0009955199116420117], [0.9950224004417905, 0.0009955199116420117, 0.0009955199116420117, 0.0009955199116420117, 0.0009955199116420117, 0.0009955199116420117], [0.9950224004417905, 0.0009955199116420117, 0.0009955199116420117, 0.0009955199116420117, 0.0009955199116420117, 0.0009955199116420117], [0.9950224004417905, 0.0009955199116420117, 0.0009955199116420117, 0.0009955199116420117, 0.0009955199116420117, 0.0009955199116420117], [0.9950224004417905, 0.0009955199116420117, 0.0009955199116420117, 0.0009955199116420117, 0.0009955199116420117, 0.0009955199116420117], [0.9950224004417905, 0.0009955199116420117, 0.0009955199116420117, 0.0009955199116420117, 0.0009955199116420117, 0.0009955199116420117], [0.9950224004417905, 0.0009955199116420117, 0.0009955199116420117, 0.0009955199116420117, 0.0009955199116420117, 0.0009955199116420117], [0.9950224004417905, 0.0009955199116420117, 0.0009955199116420117, 0.0009955199116420117, 0.0009955199116420117, 0.0009955199116420117], [0.9950224004417905, 0.0009955199116420117, 0.0009955199116420117, 0.0009955199116420117, 0.0009955199116420117, 0.0009955199116420117], [0.9950224004417905, 0.0009955199116420117, 0.0009955199116420117, 0.0009955199116420117, 0.0009955199116420117, 0.0009955199116420117], [0.9950224004417905, 0.0009955199116420117, 0.0009955199116420117, 0.0009955199116420117, 0.0009955199116420117, 0.0009955199116420117], [0.9950224004417905, 0.0009955199116420117, 0.0009955199116420117, 0.0009955199116420117, 0.0009955199116420117, 0.0009955199116420117], [0.9950224004417905, 0.0009955199116420117, 0.0009955199116420117, 0.0009955199116420117, 0.0009955199116420117, 0.0009955199116420117], [0.9950224004417905, 0.0009955199116420117, 0.0009955199116420117, 0.0009955199116420117, 0.0009955199116420117, 0.0009955199116420117], [0.9950224004417905, 0.0009955199116420117, 0.0009955199116420117, 0.0009955199116420117, 0.0009955199116420117, 0.0009955199116420117], [0.9950224004417905, 0.0009955199116420117, 0.0009955199116420117, 0.0009955199116420117, 0.0009955199116420117, 0.0009955199116420117], [0.9950224004417905, 0.0009955199116420117, 0.0009955199116420117, 0.0009955199116420117, 0.0009955199116420117, 0.0009955199116420117], [0.9950224004417905, 0.0009955199116420117, 0.0009955199116420117, 0.0009955199116420117, 0.0009955199116420117, 0.0009955199116420117], [0.9950224004417905, 0.0009955199116420117, 0.0009955199116420117, 0.0009955199116420117, 0.0009955199116420117, 0.0009955199116420117], [0.9950224004417905, 0.0009955199116420117, 0.0009955199116420117, 0.0009955199116420117, 0.0009955199116420117, 0.0009955199116420117], [0.9950224004417905, 0.0009955199116420117, 0.0009955199116420117, 0.0009955199116420117, 0.0009955199116420117, 0.0009955199116420117]], [[0.9950224004417905, 0.0009955199116420117, 0.0009955199116420117, 0.0009955199116420117, 0.0009955199116420117, 0.0009955199116420117], [0.9950224004417905, 0.0009955199116420117, 0.0009955199116420117, 0.0009955199116420117, 0.0009955199116420117, 0.0009955199116420117], [0.45367518648947086, 0.2082515398743283, 0.2451504106376772, 0.027310710343982473, 0.06461221618731355, 0.0009999364672275426], [0.4367353192312221, 0.21925156426302356, 0.24965520655895643, 0.035703318375351144, 0.05765465538557441, 0.0009999361858722868], [0.5514826986573217, 0.19864759120419156, 0.1621070213792599, 0.034522413547073125, 0.05224029015967414, 0.0009999850524796282], [0.5927266029802012, 0.17354734158182689, 0.1544173336763569, 0.03097551095609282, 0.04733321608468566, 0.000999994720836694], [0.6682663060828403, 0.1491676876868846, 0.11527872438643291, 0.02223644170897076, 0.04402762605410365, 0.0010232140807677698], [0.6652172208662566, 0.13797792095994588, 0.12972581300675445, 0.020583519574352352, 0.04547280372541197, 0.0010227218672788346], [0.9950224004417905, 0.0009955199116420117, 0.0009955199116420117, 0.0009955199116420117, 0.0009955199116420117, 0.0009955199116420117], [0.5931500327210029, 0.16681643276157085, 0.15691484768977174, 0.03205482598874563, 0.05006387910296845, 0.000999981735940554], [0.5956918488916679, 0.16693443050378154, 0.16072888902958937, 0.027669573262534986, 0.04797526494177941, 0.0009999933706468336], [0.5609377133600634, 0.18452430933745761, 0.16205997858747642, 0.03295267415858751, 0.0585253391358606, 0.0009999854205545386], [0.47357888802093767, 0.20412044298626544, 0.2123460370105151, 0.0365505218617863, 0.07240417086398246, 0.0009999392565131322], [0.5783617199796183, 0.18619287925705144, 0.14172918313263963, 0.028110784081924578, 0.06460545103755372, 0.0009999825112124408], [0.575173692610575, 0.17036688632515132, 0.15618559136371418, 0.03564855931656452, 0.06162527883456343, 0.0009999915494316885], [0.570013826313648, 0.1782466729810959, 0.15798421463962187, 0.023320044875956212, 0.06943525528871103, 0.000999985900967005], [0.11483111084075179, 0.1645093487652483, 0.16516059302776911, 0.031025264504746207, 0.5234736868480173, 0.0009999960134672728], [0.5829429561751135, 0.17596801327353456, 0.1415793966129106, 0.03932811413835108, 0.05918153534698547, 0.0009999844531049932], [0.47077124620048544, 0.21658757005684237, 0.2122940587053413, 0.03235757469337963, 0.06698961332552508, 0.0009999370184264084], [0.9950224004417905, 0.0009955199116420117, 0.0009955199116420117, 0.0009955199116420117, 0.0009955199116420117, 0.0009955199116420117], [0.6243460069854607, 0.1489096867335624, 0.15226696011755889, 0.03163317331413449, 0.041844181357846455, 0.0009999914914371516], [0.06220634116389511, 0.12980850997189136, 0.1254791669545126, 0.02186553588249042, 0.6596167448546474, 0.00102370117256298], [0.602818302503623, 0.1685234102520958, 0.16435017801588622, 0.022969893626588755, 0.04033822094517228, 0.0009999946566341172], [0.6783761069908688, 0.14471655473025957, 0.11167589506148878, 0.026084750276982527, 0.03812382776132404, 0.0010228651790763228], [0.7107292969199249, 0.1314806750966674, 0.10120549118693702, 0.0234801157946451, 0.03206615601123655, 0.0010382649905891091], [0.699004704110996, 0.13573893422616187, 0.10457821869982309, 0.023881704759595584, 0.03575761604059902, 0.0010388221628242183], [0.6930937688830847, 0.1335181726497234, 0.10279433139977927, 0.02367437488775442, 0.04589490570490818, 0.0010244464747500624], [0.09659553246900814, 0.14923307792857862, 0.12219286830052785, 0.030441499566985032, 0.6005370225465756, 0.0009999991883247999], [0.7098357600402264, 0.1301119474126709, 0.10429530824869004, 0.01819512749308173, 0.03653681948022094, 0.0010250373251099907], [0.7040992437737549, 0.13983618681559185, 0.10037861204574955, 0.024348901037013836, 0.030298504466057946, 0.0010385518618321096], [0.7214629541988676, 0.11689112224169426, 0.10469246036868789, 0.021405625512716197, 0.03452389107830619, 0.0010239465997279125], [0.07129801058030003, 0.14275426007671532, 0.09687020485274682, 0.015136403265321749, 0.672898115766742, 0.0010430054581740112], [0.06127704171261888, 0.14088759661803607, 0.09932731147583215, 0.02825435782950593, 0.6692100892800825, 0.0010436030839244715], [0.6858846019541538, 0.15348502966789948, 0.10543337747069013, 0.025747801023578674, 0.0284244258163029, 0.0010247640673749937], [0.6103893017530763, 0.16725645220452287, 0.14575165885620298, 0.025355267796134638, 0.05024732580277613, 0.0009999935872870667], [0.5843549322333087, 0.17186307595209643, 0.17726010429194877, 0.02533607002255603, 0.04018584018449126, 0.0009999773155989163], [0.9950224004417905, 0.0009955199116420117, 0.0009955199116420117, 0.0009955199116420117, 0.0009955199116420117, 0.0009955199116420117], [0.9950224004417905, 0.0009955199116420117, 0.0009955199116420117, 0.0009955199116420117, 0.0009955199116420117, 0.0009955199116420117], [0.804882436947838, 0.07870482481476845, 0.09579812654635145, 0.006825048139258817, 0.012753537778798093, 0.0010360257729851382], [0.9950224004417905, 0.0009955199116420117, 0.0009955199116420117, 0.0009955199116420117, 0.0009955199116420117, 0.0009955199116420117]], [[0.9950224004417905, 0.0009955199116420117, 0.0009955199116420117, 0.0009955199116420117, 0.0009955199116420117, 0.0009955199116420117], [0.9950224004417905, 0.0009955199116420117, 0.0009955199116420117, 0.0009955199116420117, 0.0009955199116420117, 0.0009955199116420117], [0.3023955218184433, 0.237691475917839, 0.24592195913362408, 0.04027974542554301, 0.17271138772369088, 0.00099990998085966], [0.4086458109189042, 0.45985681760716357, 0.002456200067188744, 0.04683840511572768, 0.08120281798972462, 0.0009999483012912073], [0.14251503673222155, 0.42035431729537126, 0.0015317929777074676, 0.04294507673528355, 0.3916538369551207, 0.0009999393042956404], [0.5678793365067445, 0.3199475704363116, 0.0012962462957648785, 0.0422482488369089, 0.06762860076559223, 0.0009999971586779908], [0.5889826163235143, 0.318981086652536, 0.0012134840449820937, 0.030091916866473414, 0.05972456911873695, 0.0010063269937570533], [0.6025401012502892, 0.16241082205134477, 0.13711018787338106, 0.028878222923197285, 0.06806066938895415, 0.000999996512833746], [0.9950228956748198, 0.0009954208650361537, 0.0009954208650361537, 0.0009954208650361537, 0.0009954208650361537, 0.0009954208650361537], [0.10799341494986736, 0.17763377875018388, 0.25043542678648045, 0.03741630637189873, 0.425521340011025, 0.0009997331305448243], [0.5327898180250948, 0.2756400484107093, 0.0009997616654908797, 0.13653966172744492, 0.05303094850576933, 0.0009997616654908797], [0.45235176939867106, 0.4569814236694866, 0.0009996729064400648, 0.0318272423791483, 0.05684021873981409, 0.0009996729064400648], [0.3535415738343836, 0.5337900751998628, 0.0009996484989715413, 0.03509452789925424, 0.07557452606855626, 0.0009996484989715413], [0.4791246687615251, 0.41374176222136405, 0.0009996681948152017, 0.03556848282561435, 0.06956574980186618, 0.0009996681948152017], [0.45543754159001626, 0.34653952027606943, 0.0009997581789319488, 0.13231972467472947, 0.06370369710132101, 0.0009997581789319488], [0.47688755091583934, 0.31916000150638185, 0.0009996682007717115, 0.13872785736292995, 0.06322525381330553, 0.0009996682007717115], [0.5498225294888162, 0.3565564715954231, 0.000999763305415923, 0.030353270924170617, 0.061268201380758454, 0.000999763305415923], [0.571492385023958, 0.3349059030354817, 0.0009996738655106401, 0.03378699063904628, 0.057815373570492774, 0.0009996738655106401], [0.12738920396756448, 0.33306629063698223, 0.0009997390034688243, 0.13471672689115458, 0.4028283004973612, 0.0009997390034688243], [0.46714332287240373, 0.1803931565679851, 0.16350060142915082, 0.1373084853566813, 0.050654684684649835, 0.000999749089129299], [0.9950228956748198, 0.0009954208650361537, 0.0009954208650361537, 0.0009954208650361537, 0.0009954208650361537, 0.0009954208650361537], [0.5832858364875929, 0.13294664052540722, 0.21434372203218108, 0.02392411383375845, 0.04449989823387917, 0.0009997888871811818], [0.17984209920480482, 0.13515862145129812, 0.10940755929390328, 0.019749358542770046, 0.5548426047709032, 0.0009997567363205708], [0.5999060545566368, 0.3108974341552498, 0.0013526148161694118, 0.03198686573596722, 0.05485103103136092, 0.0010059997046157798], [0.6561517610359181, 0.26844104215256614, 0.0012543875283067708, 0.03535655924178974, 0.03776493421438762, 0.0010313158270316924], [0.6625035564995573, 0.25812642726271473, 0.0012527581501631255, 0.03220525071225146, 0.044882320934748296, 0.0010296864405649941], [0.6057818620092636, 0.3003144116331492, 0.001213209722477855, 0.036907129156887056, 0.05477733481238368, 0.001006052665838715], [0.6177269247197749, 0.2908498902043586, 0.0011988035220489755, 0.032535218821519545, 0.056689164309938006, 0.000999998422360004], [0.6193885664700457, 0.2883932806082677, 0.001213251585559896, 0.029386203438400555, 0.06061260336417508, 0.001006094533551077], [0.6866456157336347, 0.2322804656670388, 0.0012510161060205211, 0.035415641360031704, 0.04337931673352787, 0.0010279443997464172], [0.6385241152277361, 0.28282016675222943, 0.0012133296551985612, 0.025849604179725105, 0.05058661157785745, 0.001006172607253331], [0.683093078539013, 0.24539846357819853, 0.0012535263589408948, 0.029148405249197713, 0.040076071618230555, 0.0010304546564193062], [0.6725509358582291, 0.24299501674860835, 0.0012542644169716657, 0.03060212657749564, 0.05156646368882884, 0.001031192709866555], [0.6048133311936044, 0.3014173919090984, 0.0013530792829723108, 0.03447417081855958, 0.056937002205081605, 0.0010050245906838072], [0.5547592118906133, 0.35214475074538054, 0.0013334525206601924, 0.040260729811607235, 0.050501862142456694, 0.000999992889282094], [0.11065524909369051, 0.44728940820532187, 0.0016156204749528957, 0.040167451873504706, 0.3992723164264231, 0.0009999539261069973], [0.5838957471951364, 0.1837559451802223, 0.15207582475781312, 0.02767620685603351, 0.051596298898551086, 0.0009999771122438078], [0.9950224004417905, 0.0009955199116420117, 0.0009955199116420117, 0.0009955199116420117, 0.0009955199116420117, 0.0009955199116420117], [0.9950224004417905, 0.0009955199116420117, 0.0009955199116420117, 0.0009955199116420117, 0.0009955199116420117, 0.0009955199116420117], [0.9950224004417905, 0.0009955199116420117, 0.0009955199116420117, 0.0009955199116420117, 0.0009955199116420117, 0.0009955199116420117]], [[0.9950224004417905, 0.0009955199116420117, 0.0009955199116420117, 0.0009955199116420117, 0.0009955199116420117, 0.0009955199116420117], [0.48592811808117026, 0.190907567748775, 0.23773344996682283, 0.03069728140989283, 0.05373364942808206, 0.0009999333652570544], [0.4314291208319478, 0.441230394794816, 0.003059525922386372, 0.04418878589263213, 0.07909222314469459, 0.0009999494135232046], [0.13584425511425655, 0.4287197205249389, 0.001535965055135646, 0.05493170333634422, 0.37796841612222565, 0.0009999398470992252], [0.5475499091325051, 0.3142752063757474, 0.001203729113249359, 0.04423817208919855, 0.09172962662051216, 0.0010033566687872933], [0.12102593167275393, 0.3157220372292272, 0.0012122892162162217, 0.04804700083255133, 0.5129872493660126, 0.0010054916832387272], [0.5896313977292175, 0.28946066124266273, 0.0012127607923971084, 0.042207608598293665, 0.07648196789974183, 0.001005603737687269], [0.5868624579075475, 0.2937740464791766, 0.0011971855137280264, 0.044794889745716694, 0.0723714235531208, 0.0009999968007103662], [0.5968093685451165, 0.16824979074410526, 0.12648092582300915, 0.0345126987737, 0.0729474614013055, 0.0009997547127637014], [0.4636168122743433, 0.4352664899649686, 0.0009996478354907278, 0.03501073738476555, 0.06410666470494113, 0.0009996478354907278], [0.1237394879964821, 0.43014307902299903, 0.00099960287338144, 0.1335339516655838, 0.31058427556817236, 0.00099960287338144], [0.5715544384759401, 0.32606009972179906, 0.0009996498673824359, 0.03860764559463283, 0.06177851647286323, 0.0009996498673824359], [0.3680912421341553, 0.34521333351857364, 0.0009995429846830772, 0.13685038370227806, 0.1478459546756269, 0.0009995429846830772], [0.48788774190036294, 0.40336995259113245, 0.0009996478866514749, 0.03792241540972999, 0.06882059432547181, 0.0009996478866514749], [0.397693388261496, 0.29466719587549967, 0.0009996830494539107, 0.23178475877130092, 0.07385529099279572, 0.0009996830494539107], [0.4726226178342037, 0.3096423295194084, 0.0009996492449471425, 0.1437439673444755, 0.07199178681201805, 0.0009996492449471425], [0.3824493964549834, 0.40714919882238254, 0.000999688367452646, 0.14068935982045183, 0.06771266816727707, 0.000999688367452646], [0.5685947235486187, 0.33142565433901827, 0.0009996500463945184, 0.03270158484181053, 0.06527873717776347, 0.0009996500463945184], [0.3354584062869731, 0.4896620927146527, 0.0009995321927563465, 0.044907976659204554, 0.12797245995365705, 0.0009995321927563465], [0.47178142829515196, 0.4301258622040628, 0.0009996562216124621, 0.03267382262568185, 0.06341957443187858, 0.0009996562216124621], [0.5838461385712588, 0.17039769238016084, 0.15411458108458587, 0.027309919321087832, 0.06333191423885896, 0.0009997544040477712], [0.9950228956748198, 0.0009954208650361537, 0.0009954208650361537, 0.0009954208650361537, 0.0009954208650361537, 0.0009954208650361537], [0.9950228956748198, 0.0009954208650361537, 0.0009954208650361537, 0.0009954208650361537, 0.0009954208650361537, 0.0009954208650361537], [0.609005555462163, 0.17593072551742422, 0.1232186718885076, 0.03299903117046038, 0.05784602801203923, 0.0009999879494057304], [0.12007401015756147, 0.29105527348932037, 0.0012132773565580043, 0.03819366924644519, 0.5484572899269197, 0.001006479823195319], [0.5933406411682103, 0.2985795581608937, 0.0013159443989729487, 0.04600474154380254, 0.05975383271033105, 0.0010052820177895699], [0.12444284495494841, 0.3194084148852273, 0.0011302211270926294, 0.0367137398631593, 0.5173048208467097, 0.0009999583228626732], [0.47295489062732254, 0.40368510670182184, 0.0011350994050039755, 0.0422820478544269, 0.07894289749211383, 0.0009999579193111956], [0.5915273823525731, 0.30492358852546264, 0.0011945995708196606, 0.03461017654562528, 0.0667442587913723, 0.0009999942141470702], [0.6203938572199965, 0.27113725337532674, 0.001212691203073942, 0.03920700645419883, 0.06704365759092469, 0.001005534156479222], [0.6041020506649047, 0.2958003844727806, 0.00119701331550542, 0.032221006374987655, 0.06567954849467429, 0.0009999966771472876], [0.12046289923707418, 0.28732910141556367, 0.0012124098340528166, 0.03204738051281182, 0.5579425966982665, 0.001005612302230893], [0.6111431854045636, 0.2876781422965696, 0.0012133220755692238, 0.03897246295646323, 0.059986722239403344, 0.0010061650274310636], [0.5829711909267651, 0.31491106972116834, 0.0011994097105898459, 0.035744329023075144, 0.0641740015495927, 0.0009999990688089211], [0.4546205299387089, 0.4244245847824763, 0.00113751898269705, 0.04614024809251693, 0.07267715786755714, 0.0009999603360438393], [0.415025329642479, 0.46267163778747245, 0.001442038513301238, 0.04622530751584536, 0.07363573835221411, 0.0009999481886879646], [0.11196576504339338, 0.23976562470211815, 0.21966790962730376, 0.04572869876353322, 0.38187206764236514, 0.000999934221286403], [0.9950224004417905, 0.0009955199116420117, 0.0009955199116420117, 0.0009955199116420117, 0.0009955199116420117, 0.0009955199116420117], [0.6501751886421036, 0.1481093314235363, 0.14118083455465313, 0.02446869164627138, 0.035065958627362226, 0.00099999510607366], [0.9950224004417905, 0.0009955199116420117, 0.0009955199116420117, 0.0009955199116420117, 0.0009955199116420117, 0.0009955199116420117]], [[0.9950224004417905, 0.0009955199116420117, 0.0009955199116420117, 0.0009955199116420117, 0.0009955199116420117, 0.0009955199116420117], [0.10349811017034993, 0.19137674926509718, 0.15757177792197663, 0.024710578460203653, 0.5218428404639431, 0.0009999437184296488], [0.4444736620530552, 0.4342564666997708, 0.001487070710347289, 0.046203154111842705, 0.0725796881397735, 0.0009999582852103987], [0.5492723029744079, 0.32384707571791055, 0.0012029808110608406, 0.036969007740089065, 0.08770602437909797, 0.0010026083774338978], [0.47518257486020055, 0.38614749583383084, 0.001137495117591462, 0.047117791857075236, 0.0894146819762482, 0.0009999603550537], [0.153960996946602, 0.2937752664022303, 0.0011245180025773716, 0.043804986535987175, 0.5063342794861893, 0.0009999526264140946], [0.5977844044618994, 0.2863366000892247, 0.0011967241693731066, 0.04024956865569318, 0.07343270629319264, 0.0009999963306171144], [0.5035810560025455, 0.37616386076949393, 0.0011324130642556898, 0.03600349899111337, 0.08211921590105702, 0.0009999552715343682], [0.4941828768830663, 0.40996075688384614, 0.0009996471747646762, 0.028329462615821414, 0.06552760926773692, 0.0009996471747646762], [0.24419330932723685, 0.5696938091403112, 0.0009995335610191365, 0.03548292273549515, 0.14863089167491864, 0.0009995335610191365], [0.47936931074263694, 0.4069284671933158, 0.0009996513814125704, 0.03354249203981677, 0.07816042726140544, 0.0009996513814125704], [0.41073543963858616, 0.46054930565512436, 0.000999687329540815, 0.03622834728437978, 0.09048753276282803, 0.000999687329540815], [0.4788396654614675, 0.30140131886482663, 0.0009996491099286554, 0.03492065167834228, 0.18283906577550638, 0.0009996491099286554], [0.6018548458830354, 0.27609466768228097, 0.0009996884820085877, 0.033892152207250795, 0.0861589572634157, 0.0009996884820085877], [0.25656252893668813, 0.2942191648697693, 0.0009995805828081836, 0.0319378810439617, 0.4152812639839646, 0.0009995805828081836], [0.2623851212018322, 0.5551888426054975, 0.000999541730472203, 0.033823944879437295, 0.14660300785228875, 0.000999541730472203], [0.4668353765986551, 0.4147700528162072, 0.0009996493897510522, 0.041180853059018835, 0.07521441874661686, 0.0009996493897510522], [0.3756826847710324, 0.5095345636759206, 0.0009996940727970203, 0.04227671087499777, 0.07050665253245525, 0.0009996940727970203], [0.371148243115013, 0.41921925818997585, 0.000999651758012509, 0.03845916356331522, 0.16917403161567104, 0.000999651758012509], [0.1217770380457524, 0.4193543775992262, 0.0009996158248055825, 0.03370781290985298, 0.42316153979555715, 0.0009996158248055825], [0.6682875875764064, 0.1363115051944032, 0.10421157299655501, 0.02284406558237652, 0.06734547581494821, 0.000999792835310718], [0.9950228956748198, 0.0009954208650361537, 0.0009954208650361537, 0.0009954208650361537, 0.0009954208650361537, 0.0009954208650361537], [0.9950228956748198, 0.0009954208650361537, 0.0009954208650361537, 0.0009954208650361537, 0.0009954208650361537, 0.0009954208650361537], [0.14357564662621336, 0.20547445905957248, 0.18379660124081462, 0.03808230450987362, 0.4280710662973717, 0.0009999222661544618], [0.13724869013050178, 0.2875277168570652, 0.000998934119498158, 0.019122236830639936, 0.554103487942797, 0.000998934119498158], [0.05863678665953693, 0.30010283986770675, 0.0009989349591838375, 0.016975934636875384, 0.6222865689175133, 0.0009989349591838375], [0.06288243089979319, 0.33653304191244976, 0.000998916076634442, 0.020427360195310468, 0.5781593348391779, 0.000998916076634442], [0.23012978625178482, 0.17744353956906098, 0.0009989122476071882, 0.09736542599265828, 0.49306342369128164, 0.0009989122476071882], [0.5333466875398173, 0.4097506258235347, 0.000998943582158415, 0.017823021398564513, 0.03708177807376683, 0.000998943582158415], [0.14005819657192006, 0.28867332085322184, 0.0009989361567570275, 0.016885689270883002, 0.5523849209904612, 0.0009989361567570275], [0.22883138821619178, 0.39458607255828104, 0.0009989133478924615, 0.014549016474089415, 0.3600356960556529, 0.0009989133478924615], [0.589871304579442, 0.3587942801214875, 0.000998984222785809, 0.018320793166252982, 0.031015653687246025, 0.000998984222785809], [0.05736681506790147, 0.2881159846860248, 0.0009989348473200183, 0.019511225694646393, 0.6330081048567874, 0.0009989348473200183], [0.22663599977073748, 0.4697510965039235, 0.0009989160048637607, 0.0943102145098877, 0.20730485720572414, 0.0009989160048637607], [0.15061368508215328, 0.49866738096575586, 0.0009989199436177434, 0.017667422439930955, 0.33105367162492455, 0.0009989199436177434], [0.27949959542225405, 0.5473663035787157, 0.000998864253930001, 0.02205903849233203, 0.14907733399883816, 0.000998864253930001], [0.5011956662880596, 0.28110457034754976, 0.0009992876675475938, 0.022091772425383033, 0.19360941560391257, 0.0009992876675475938], [0.44195870034276535, 0.18080301529787526, 0.2499314592755701, 0.01755837101534231, 0.10874902858541409, 0.0009994254830329825], [0.6647730637896396, 0.23539731865486965, 0.06964044657782494, 0.01363928890983997, 0.01555043957849564, 0.0009994424893301791], [0.9950224004417905, 0.0009955199116420117, 0.0009955199116420117, 0.0009955199116420117, 0.0009955199116420117, 0.0009955199116420117]], [[0.9950224004417905, 0.0009955199116420117, 0.0009955199116420117, 0.0009955199116420117, 0.0009955199116420117, 0.0009955199116420117], [0.5792506557756371, 0.16993980558394986, 0.17451891346640286, 0.028466460800631133, 0.046824173247266676, 0.000999991126112352], [0.5375493009969797, 0.3487797945370647, 0.0012000311110877968, 0.038465321479785715, 0.07300555223218594, 0.0009999996428959985], [0.48045154129309764, 0.39707308060940494, 0.00113512558149881, 0.04315455219133757, 0.07718574237176279, 0.0009999579528984178], [0.4712370947999987, 0.3943040246201839, 0.001124193964062032, 0.04371612851970864, 0.08861860603459555, 0.0009999520614513487], [0.5053354302442917, 0.3617207052622669, 0.0011361223561853725, 0.039446060229352334, 0.09136172291841613, 0.0009999589894875266], [0.6073890008115951, 0.26740976029900737, 0.0011944724353816151, 0.03747668020988685, 0.0855300921402214, 0.0009999941039076702], [0.14230922323562611, 0.2867098221478668, 0.0011230113169473882, 0.032109805324757185, 0.5367481868384274, 0.0009999511363751445], [0.13200579750358044, 0.2889650441672411, 0.0009996246777107044, 0.12945591643094218, 0.44757399254281494, 0.0009996246777107044], [0.12922938916372154, 0.3158277577738841, 0.0009996038425025113, 0.13014819744829048, 0.42279544792909884, 0.0009996038425025113], [0.6025862422537762, 0.2851107044094523, 0.0009996718984871809, 0.02697243265046261, 0.08333127688933469, 0.0009996718984871809], [0.5859217020581388, 0.31628560729166966, 0.0009997585034984306, 0.027352694069763036, 0.0684404795734318, 0.0009997585034984306], [0.5221047180341742, 0.37610761636174944, 0.0009996681964668966, 0.027410819738280454, 0.07237750947286205, 0.0009996681964668966], [0.25248972748195525, 0.2746610758179163, 0.0009996068224833437, 0.027350467940321657, 0.4434995151148401, 0.0009996068224833437], [0.5937721801496663, 0.2928588013841734, 0.0009996692410142289, 0.034992169503897975, 0.0763775104802339, 0.0009996692410142289], [0.14518911985285995, 0.3882865834982279, 0.000999599022762486, 0.02765941470034126, 0.4368656839030459, 0.000999599022762486], [0.5067371182607046, 0.3907335385326885, 0.0009996711724404627, 0.028401601317506197, 0.07212839954421998, 0.0009996711724404627], [0.5675421313298598, 0.3193240923197358, 0.0009997597613650429, 0.030969799006863998, 0.08016445782081046, 0.0009997597613650429], [0.5083652018448876, 0.28866056369502074, 0.0009996674883671966, 0.13292624943615128, 0.06804865004720613, 0.0009996674883671966], [0.6637720520841842, 0.23603858826681315, 0.000999759736789864, 0.029846566463927523, 0.06834327371149555, 0.000999759736789864], [0.37855197084201775, 0.41221231234203876, 0.0009996720734513837, 0.1360931116026145, 0.07114326106642632, 0.0009996720734513837], [0.5898120184682583, 0.16254993692044412, 0.14055153261420658, 0.03340042018805959, 0.07268634074637151, 0.0009997510626600344], [0.39760662335040725, 0.23984239047701433, 0.15442721992083144, 0.02875658260161519, 0.17836745325015585, 0.0009997303999758785], [0.9950224004417905, 0.0009955199116420117, 0.0009955199116420117, 0.0009955199116420117, 0.0009955199116420117, 0.0009955199116420117], [0.06596765703873377, 0.10106929098248454, 0.08600113545633334, 0.09416280580681943, 0.6517997000808157, 0.0009994106348133723], [0.14875775940324237, 0.24628356731735987, 0.00099891205356043, 0.09361232149298734, 0.5093485276792897, 0.00099891205356043], [0.15248127785674834, 0.17725943068447858, 0.0009989122901345369, 0.02024737869039823, 0.6480140881881058, 0.0009989122901345369], [0.3829262170720848, 0.44064194290513065, 0.0009988756952699542, 0.017746057229188362, 0.15668803140305634, 0.0009988756952699542], [0.6807874348761606, 0.2547921682937399, 0.000998942674652132, 0.02150234935019967, 0.040920162130595794, 0.000998942674652132], [0.40194490413035944, 0.319103891374031, 0.0009989038576271316, 0.09978426524382043, 0.17716913153653482, 0.0009989038576271316], [0.6125105712071518, 0.16647710269592886, 0.0009989293287624515, 0.09817826561583687, 0.12083620182355777, 0.0009989293287624515], [0.5410915397714752, 0.4006563386071357, 0.0009989421644135547, 0.0199418640515376, 0.03631237324102451, 0.0009989421644135547], [0.06082281767681473, 0.3611729307830112, 0.0009989339391762294, 0.015637523272946312, 0.5603688603888755, 0.0009989339391762294], [0.6673384901265998, 0.19950939533802256, 0.0009989850899758043, 0.012934752934686319, 0.11821939142073967, 0.0009989850899758043], [0.5413301028238783, 0.3994804375005019, 0.0009989445513217995, 0.021333872861090068, 0.03585769771188631, 0.0009989445513217995], [0.06840691949017746, 0.4105172319826055, 0.000998907454470308, 0.018901509998831268, 0.5001765236194452, 0.000998907454470308], [0.4422945798128755, 0.4225357230817474, 0.0009989468191369771, 0.09565623063854868, 0.037515572828554444, 0.0009989468191369771], [0.49735164060605136, 0.4547107472059461, 0.0009991024695620379, 0.019235983740367033, 0.026703423508511494, 0.0009991024695620379], [0.8185884493585968, 0.07402994831706418, 0.07227179130139401, 0.013191562464865893, 0.02091880121105495, 0.0009994473470244058], [0.9950224004417905, 0.0009955199116420117, 0.0009955199116420117, 0.0009955199116420117, 0.0009955199116420117, 0.0009955199116420117]], [[0.9950224004417905, 0.0009955199116420117, 0.0009955199116420117, 0.0009955199116420117, 0.0009955199116420117, 0.0009955199116420117], [0.5931362114796315, 0.16145259685093863, 0.16058556496356832, 0.036106353410431745, 0.04771929166004323, 0.0009999816353866242], [0.4505701358640563, 0.4131601287386923, 0.0011324314166584267, 0.05265310891857128, 0.08148423977215657, 0.0009999552898651923], [0.15853873713144687, 0.4103663639043663, 0.001094209014553572, 0.04243383479240213, 0.3865669141853011, 0.0009999409719301353], [0.3192112126187495, 0.4628069759255416, 0.0010123182094519633, 0.041911478533991145, 0.17405809715659956, 0.0009999175556662052], [0.49486931170132553, 0.37424598562574257, 0.0011217143611983557, 0.038867880205380845, 0.08989515851974085, 0.000999949586612015], [0.5210481062251042, 0.354690465568643, 0.0011358018285353825, 0.0353004176720691, 0.08682525008846037, 0.0009999586171880294], [0.6206001642773322, 0.26771217136279357, 0.0011946670615925851, 0.037363285475855074, 0.07212971753528857, 0.000999994287138129], [0.5810474255409074, 0.3232231791656644, 0.0009997498160567127, 0.02970753310990599, 0.06402236255140893, 0.0009997498160567127], [0.4097592541370005, 0.3840694363910837, 0.0009996696833199318, 0.027559248172013162, 0.17661272193326297, 0.0009996696833199318], [0.5797217240384056, 0.22974457460055134, 0.0009997499261844031, 0.1223537792196788, 0.06618042228899554, 0.0009997499261844031], [0.6872868216022624, 0.21032656377171385, 0.0009997498859713894, 0.03068010530895875, 0.0697070095451223, 0.0009997498859713894], [0.39664163617328346, 0.49111816946948483, 0.0009996653683880976, 0.03168585502917355, 0.07855500859128212, 0.0009996653683880976], [0.5909811649472411, 0.28808118207842076, 0.000999651992578501, 0.03345456447325108, 0.08548378451593, 0.000999651992578501], [0.504669673953888, 0.2871997926445059, 0.0009996664056476144, 0.13036903225401927, 0.07576216833629175, 0.0009996664056476144], [0.4989312097546871, 0.3918333445317657, 0.0009996713816961768, 0.030470595936090937, 0.07676550701406396, 0.0009996713816961768], [0.5858036354245936, 0.32460499411967475, 0.000999746498625134, 0.034606460875545676, 0.05298541658293582, 0.000999746498625134], [0.4959868537865556, 0.40853771470803396, 0.0009997693838854228, 0.02936430701531006, 0.06411158572232947, 0.0009997693838854228], [0.6794670846370643, 0.21968445128257186, 0.0009997467333761206, 0.030722095149225397, 0.0681268754643863, 0.0009997467333761206], [0.12019984215264705, 0.24334377350663156, 0.0009996591983803184, 0.1275983716782753, 0.5068586942656854, 0.0009996591983803184], [0.12688167012017484, 0.2454256843785172, 0.0009996601786003872, 0.028276365581972544, 0.5974169595621347, 0.0009996601786003872], [0.3804930207769247, 0.4016783972474782, 0.0009996733880885183, 0.13855978713404396, 0.07726944806537611, 0.0009996733880885183], [0.49688854445179065, 0.3973976601246954, 0.000999650173969646, 0.03936308868841956, 0.06435140638715516, 0.000999650173969646], [0.4856956892103936, 0.2133087781179048, 0.17435865430874425, 0.04900846093307977, 0.07662847091848515, 0.0009999465113925275], [0.9950237620955412, 0.0009952475808918438, 0.0009952475808918438, 0.0009952475808918438, 0.0009952475808918438, 0.0009952475808918438], [0.5816603572029131, 0.2298460861259703, 0.06082931682954029, 0.01334448696375386, 0.11332030879728101, 0.0009994440805417095], [0.4639613520223536, 0.31918943190971955, 0.16085376527951378, 0.01570269663149554, 0.039293330477076054, 0.0009994236798413693], [0.5212144479636733, 0.3418369037701785, 0.0009989391127787424, 0.09686914441040023, 0.03808162563019044, 0.0009989391127787424], [0.6041049862556473, 0.25212380543381346, 0.000998937151767332, 0.016072894963240433, 0.12570043904376418, 0.000998937151767332], [0.2439174453940646, 0.24593758780668284, 0.0009988952657289875, 0.019861511054154225, 0.48828566521364064, 0.0009988952657289875], [0.23484295753805848, 0.5069010433195723, 0.00099887182192402, 0.019912514308207896, 0.23634574119031318, 0.00099887182192402], [0.6850352557799259, 0.2549506316089752, 0.0009989323332728905, 0.01813050604839163, 0.039885741896161765, 0.0009989323332728905], [0.4665790197927917, 0.31744301656585033, 0.0009989460747602745, 0.09518138975813807, 0.11879868173369951, 0.0009989460747602745], [0.2234701607581613, 0.27695377073941585, 0.0009989356747897062, 0.09507334049513172, 0.40250485665771174, 0.0009989356747897062], [0.5872820965838028, 0.12524363691406165, 0.0009989847838289875, 0.01724234330940133, 0.26823395362507635, 0.0009989847838289875], [0.3802598766250976, 0.331902266366208, 0.000998944550326818, 0.09796060173983318, 0.18787936616820763, 0.000998944550326818], [0.6548661786938187, 0.2196187349969596, 0.000998990184322527, 0.0952710822503515, 0.02824602369022531, 0.000998990184322527], [0.5858498979743617, 0.2942969323417453, 0.0009989999366003866, 0.017837892216183548, 0.10001727759450892, 0.0009989999366003866], [0.18771241911760683, 0.14559341491609076, 0.04814315741933775, 0.013708839786553484, 0.603842708506028, 0.0009994602543832681], [0.9950224004417905, 0.0009955199116420117, 0.0009955199116420117, 0.0009955199116420117, 0.0009955199116420117, 0.0009955199116420117]], [[0.9950224004417905, 0.0009955199116420117, 0.0009955199116420117, 0.0009955199116420117, 0.0009955199116420117, 0.0009955199116420117], [0.6122310823762932, 0.16852802447578533, 0.13849360808850708, 0.01986811704197336, 0.05987917388513259, 0.0009999941323084183], [0.11855731194944026, 0.3080610654029392, 0.0011253372818677875, 0.03546501244216435, 0.5357913194267053, 0.0009999534968830848], [0.4824855390274502, 0.3990982582151002, 0.0011346956618653056, 0.035849445815411926, 0.08043210371384137, 0.0009999575663310856], [0.483662936947721, 0.3958506711571959, 0.0011211101665188777, 0.0365033763362276, 0.08186195646322085, 0.0009999489291158885], [0.5052736788482337, 0.36615380407332565, 0.001135858875286763, 0.03851604521202269, 0.08792065430766173, 0.0009999586834695928], [0.6320897655173094, 0.26072158264983786, 0.001196508354880388, 0.03224054018743525, 0.07275160716431339, 0.0009999961262238026], [0.6542078152150813, 0.2589604562663219, 0.0012123391512885043, 0.02295577959334215, 0.061658427672359205, 0.001005182101606904], [0.6049338854217458, 0.3078506095191818, 0.0009997700622711044, 0.024086012812718573, 0.06112995212181166, 0.0009997700622711044], [0.5908483417230664, 0.21303645504337093, 0.0009997524361010988, 0.1340313752145035, 0.060084323146856876, 0.0009997524361010988], [0.5900194512171543, 0.31588899036876644, 0.000999749402136319, 0.029389140919494527, 0.06270291869031232, 0.000999749402136319], [0.4001547387174458, 0.3921272974570331, 0.0009996639764840273, 0.03136318068965052, 0.1743554551829025, 0.0009996639764840273], [0.5754191018257302, 0.30391986384108705, 0.0009996519420094883, 0.03349297303980175, 0.08516875740936211, 0.0009996519420094883], [0.38116211153210666, 0.43015280691900437, 0.0009995479450241246, 0.0374758253104358, 0.1492101603484051, 0.0009995479450241246], [0.5007826774114521, 0.37982823416191, 0.0009996761442552407, 0.03699517645947209, 0.08039455967865537, 0.0009996761442552407], [0.3902531530306669, 0.49911042014029267, 0.0009996697563657744, 0.0298179193175203, 0.07881916799878866, 0.0009996697563657744], [0.12161331905964853, 0.3324596023570917, 0.0009996563750368872, 0.027827021149889483, 0.5161007446832967, 0.0009996563750368872], [0.12224215297323672, 0.3241525821920349, 0.0009996517432746686, 0.031611178920131995, 0.5199947824280472, 0.0009996517432746686], [0.5805822197372226, 0.2207296065833061, 0.0009997493663914552, 0.026834892676214375, 0.16985378227047435, 0.0009997493663914552], [0.6177276541437409, 0.2806058622984312, 0.00099966940550315, 0.03399530070381255, 0.06567184404300908, 0.00099966940550315], [0.10782635858494476, 0.33780207401777773, 0.0009996589684046274, 0.026132063842152154, 0.5262401856183162, 0.0009996589684046274], [0.5715214692946675, 0.23114450673010103, 0.0009997522493604908, 0.12337058017893594, 0.07196393929757473, 0.0009997522493604908], [0.477408703941355, 0.4204748534590895, 0.0009996703816621004, 0.03849235778920277, 0.06162474404702872, 0.0009996703816621004], [0.60060602265681, 0.29392363746690336, 0.0011961415283734123, 0.030867038226726602, 0.0724071643613498, 0.0009999957598371015], [