{"prediction": [[[0.9950224004417905, 0.0009955199116420117, 0.0009955199116420117, 0.0009955199116420117, 0.0009955199116420117, 0.0009955199116420117], [0.9950224004417905, 0.0009955199116420117, 0.0009955199116420117, 0.0009955199116420117, 0.0009955199116420117, 0.0009955199116420117], [0.9950224004417905, 0.0009955199116420117, 0.0009955199116420117, 0.0009955199116420117, 0.0009955199116420117, 0.0009955199116420117], [0.9950224004417905, 0.0009955199116420117, 0.0009955199116420117, 0.0009955199116420117, 0.0009955199116420117, 0.0009955199116420117], [0.9950224004417905, 0.0009955199116420117, 0.0009955199116420117, 0.0009955199116420117, 0.0009955199116420117, 0.0009955199116420117], [0.9950224004417905, 0.0009955199116420117, 0.0009955199116420117, 0.0009955199116420117, 0.0009955199116420117, 0.0009955199116420117], [0.9950224004417905, 0.0009955199116420117, 0.0009955199116420117, 0.0009955199116420117, 0.0009955199116420117, 0.0009955199116420117], [0.9950224004417905, 0.0009955199116420117, 0.0009955199116420117, 0.0009955199116420117, 0.0009955199116420117, 0.0009955199116420117], [0.9950224004417905, 0.0009955199116420117, 0.0009955199116420117, 0.0009955199116420117, 0.0009955199116420117, 0.0009955199116420117], [0.9950224004417905, 0.0009955199116420117, 0.0009955199116420117, 0.0009955199116420117, 0.0009955199116420117, 0.0009955199116420117], [0.9950224004417905, 0.0009955199116420117, 0.0009955199116420117, 0.0009955199116420117, 0.0009955199116420117, 0.0009955199116420117], [0.9950224004417905, 0.0009955199116420117, 0.0009955199116420117, 0.0009955199116420117, 0.0009955199116420117, 0.0009955199116420117], [0.9950224004417905, 0.0009955199116420117, 0.0009955199116420117, 0.0009955199116420117, 0.0009955199116420117, 0.0009955199116420117], [0.9950224004417905, 0.0009955199116420117, 0.0009955199116420117, 0.0009955199116420117, 0.0009955199116420117, 0.0009955199116420117], [0.9950224004417905, 0.0009955199116420117, 0.0009955199116420117, 0.0009955199116420117, 0.0009955199116420117, 0.0009955199116420117], [0.9950224004417905, 0.0009955199116420117, 0.0009955199116420117, 0.0009955199116420117, 0.0009955199116420117, 0.0009955199116420117], [0.9950224004417905, 0.0009955199116420117, 0.0009955199116420117, 0.0009955199116420117, 0.0009955199116420117, 0.0009955199116420117], [0.9950224004417905, 0.0009955199116420117, 0.0009955199116420117, 0.0009955199116420117, 0.0009955199116420117, 0.0009955199116420117], [0.9950224004417905, 0.0009955199116420117, 0.0009955199116420117, 0.0009955199116420117, 0.0009955199116420117, 0.0009955199116420117], [0.9950224004417905, 0.0009955199116420117, 0.0009955199116420117, 0.0009955199116420117, 0.0009955199116420117, 0.0009955199116420117], [0.9950224004417905, 0.0009955199116420117, 0.0009955199116420117, 0.0009955199116420117, 0.0009955199116420117, 0.0009955199116420117], [0.9950224004417905, 0.0009955199116420117, 0.0009955199116420117, 0.0009955199116420117, 0.0009955199116420117, 0.0009955199116420117], [0.9950224004417905, 0.0009955199116420117, 0.0009955199116420117, 0.0009955199116420117, 0.0009955199116420117, 0.0009955199116420117], [0.9950224004417905, 0.0009955199116420117, 0.0009955199116420117, 0.0009955199116420117, 0.0009955199116420117, 0.0009955199116420117], [0.9950224004417905, 0.0009955199116420117, 0.0009955199116420117, 0.0009955199116420117, 0.0009955199116420117, 0.0009955199116420117], [0.9950224004417905, 0.0009955199116420117, 0.0009955199116420117, 0.0009955199116420117, 0.0009955199116420117, 0.0009955199116420117], [0.9950224004417905, 0.0009955199116420117, 0.0009955199116420117, 0.0009955199116420117, 0.0009955199116420117, 0.0009955199116420117], [0.9950224004417905, 0.0009955199116420117, 0.0009955199116420117, 0.0009955199116420117, 0.0009955199116420117, 0.0009955199116420117], [0.9950224004417905, 0.0009955199116420117, 0.0009955199116420117, 0.0009955199116420117, 0.0009955199116420117, 0.0009955199116420117], [0.9950224004417905, 0.0009955199116420117, 0.0009955199116420117, 0.0009955199116420117, 0.0009955199116420117, 0.0009955199116420117], [0.9950224004417905, 0.0009955199116420117, 0.0009955199116420117, 0.0009955199116420117, 0.0009955199116420117, 0.0009955199116420117], [0.9950224004417905, 0.0009955199116420117, 0.0009955199116420117, 0.0009955199116420117, 0.0009955199116420117, 0.0009955199116420117], [0.9950224004417905, 0.0009955199116420117, 0.0009955199116420117, 0.0009955199116420117, 0.0009955199116420117, 0.0009955199116420117], [0.9950224004417905, 0.0009955199116420117, 0.0009955199116420117, 0.0009955199116420117, 0.0009955199116420117, 0.0009955199116420117], [0.9950224004417905, 0.0009955199116420117, 0.0009955199116420117, 0.0009955199116420117, 0.0009955199116420117, 0.0009955199116420117], [0.9950224004417905, 0.0009955199116420117, 0.0009955199116420117, 0.0009955199116420117, 0.0009955199116420117, 0.0009955199116420117], [0.9950224004417905, 0.0009955199116420117, 0.0009955199116420117, 0.0009955199116420117, 0.0009955199116420117, 0.0009955199116420117], [0.9950224004417905, 0.0009955199116420117, 0.0009955199116420117, 0.0009955199116420117, 0.0009955199116420117, 0.0009955199116420117], [0.9950224004417905, 0.0009955199116420117, 0.0009955199116420117, 0.0009955199116420117, 0.0009955199116420117, 0.0009955199116420117], [0.9950224004417905, 0.0009955199116420117, 0.0009955199116420117, 0.0009955199116420117, 0.0009955199116420117, 0.0009955199116420117]], [[0.9950224004417905, 0.0009955199116420117, 0.0009955199116420117, 0.0009955199116420117, 0.0009955199116420117, 0.0009955199116420117], [0.7806519702911571, 0.11112569492956989, 0.08406870380478493, 0.01513702423077845, 0.007927649204254308, 0.0010889575394553888], [0.7555040215025496, 0.11740753062489627, 0.09072529042368509, 0.01560737848362875, 0.01973013496412361, 0.0010256440011166379], [0.7327288227975977, 0.12932113940171933, 0.09777059979639649, 0.017712432238672957, 0.02146006004044781, 0.0010069457251656918], [0.6458726423078639, 0.15288366599966807, 0.14567504879994264, 0.02654610252351628, 0.028022593804159078, 0.0009999465648500743], [0.6254585065306749, 0.1664137971343612, 0.1527906440285024, 0.023328611441484223, 0.03100850784792956, 0.0009999330170478934], [0.6560046485893917, 0.14680608476338267, 0.14345037059735566, 0.02173923160509116, 0.03099971928987645, 0.0009999451549024948], [0.7491947878587921, 0.11644378080534955, 0.09237569867834723, 0.018108694819196716, 0.022870183650047185, 0.0010068541882671843], [0.7680243015979189, 0.10753769027445853, 0.08697911281927796, 0.015282119795789986, 0.021151427148207193, 0.0010253483643476167], [0.012601216612683, 0.10951100983910726, 0.08399967854032302, 0.013103013922724479, 0.779690956008005, 0.0010941250771571466], [0.000998062443067159, 0.04763557754216291, 0.021732247739951884, 0.004602123050813338, 0.9238364343395661, 0.0011955548844385753], [0.9205961570608259, 0.04868714049924875, 0.023941700201375062, 0.004584580889625011, 0.0009994236256623415, 0.0011909977232630157], [0.9205961570608259, 0.04868714049924875, 0.023941700201375062, 0.004584580889625011, 0.0009994236256623415, 0.0011909977232630157], [0.0026253922993418476, 0.042632752438552565, 0.02177443695122544, 0.004611057236730092, 0.9271584852370787, 0.0011978758370713757], [0.9173306040355586, 0.05198351995172507, 0.023917672977751, 0.004579979931909765, 0.0009984206319423056, 0.0011898024711133397], [0.9156559953333965, 0.053673936758321925, 0.023905351573854528, 0.0045776205141423556, 0.0009979062865928992, 0.0011891895336918253], [0.7781057640561033, 0.1147631324082182, 0.08406870380478493, 0.01513702423077845, 0.006836417960659815, 0.0010889575394553888], [0.7622185759728465, 0.11244104398217208, 0.0884509716743371, 0.017314545280117413, 0.01855013132764795, 0.001024731762878935], [0.04071711810813487, 0.12307450281030365, 0.09381041533728571, 0.016282046296939766, 0.7250982226227576, 0.0010176948245783888], [0.06753780755252738, 0.15153492525219456, 0.14315926981409915, 0.023635956021363886, 0.6131320852545875, 0.0009999561052275432], [0.07142763230388913, 0.16758800080712966, 0.15599188976372705, 0.027576204418059858, 0.5764163848889602, 0.0009998878182342363], [0.6535915027171108, 0.1478494484451931, 0.14609921143812188, 0.022916570740510095, 0.028543323984687223, 0.0009999426743768657], [0.7456553792253503, 0.11646596505898267, 0.09431179788744133, 0.016508570193385474, 0.026051786450708422, 0.0010065011841317384], [0.7578504071091666, 0.11197793944330818, 0.09528415876426655, 0.012888852703956597, 0.02097292995310109, 0.0010257120262008926], [0.7783034280936859, 0.11448075521167142, 0.08406870380478493, 0.015137024230778449, 0.0069211311196238435, 0.0010889575394553888], [0.000996789297480309, 0.04939712302127954, 0.021704525711641286, 0.004596252503641683, 0.9221112796518542, 0.0011940298141030136], [0.012002099123765837, 0.11036689196613178, 0.08399967854032302, 0.013103013922724479, 0.7794341913698977, 0.0010941250771571466], [0.04348038032354006, 0.1162626378855845, 0.07927224982764429, 0.01837470796498122, 0.7415770245164847, 0.0010329994817652299], [0.7328152846368091, 0.12323298912156776, 0.10048744373610947, 0.018163306999173144, 0.02429465932992431, 0.001006316176416297], [0.08008518875419432, 0.1526019776538687, 0.14911850091514237, 0.02665427125524308, 0.5905401046244946, 0.0009999567970569868], [0.08800330200428395, 0.17306403828347242, 0.1630589629778076, 0.033688980736950966, 0.541184828323405, 0.0009998876740802173], [0.07495483102009648, 0.22548690632709467, 0.2649743926779329, 0.034406822966738734, 0.39917723152749385, 0.0009998154806433598], [0.10145158143776489, 0.2029880964323734, 0.2700979028884124, 0.0358560867852393, 0.3886065269189144, 0.0009998055372955456], [0.9950224004417905, 0.0009955199116420117, 0.0009955199116420117, 0.0009955199116420117, 0.0009955199116420117, 0.0009955199116420117], [0.08003501470342271, 0.16434991244202166, 0.16478484499701793, 0.02493697048804087, 0.5648933656651277, 0.000999891704369325], [0.632891973451835, 0.16625585435316897, 0.14889443072972058, 0.022860992645495237, 0.02809680396150119, 0.0009999448582789486], [0.7274701956669671, 0.12593296838153561, 0.10511110588412638, 0.016495826955491205, 0.023982334483439803, 0.0010075686284398795], [0.7502315213126701, 0.11949159648667365, 0.09120785598677329, 0.017284785743361463, 0.020758445363735428, 0.0010257951067860333], [0.7804029252612845, 0.1114814735436734, 0.08406870380478493, 0.015137024230778449, 0.007820915620023254, 0.0010889575394553888], [0.9950224004417905, 0.0009955199116420117, 0.0009955199116420117, 0.0009955199116420117, 0.0009955199116420117, 0.0009955199116420117]], [[0.9950224004417905, 0.0009955199116420117, 0.0009955199116420117, 0.0009955199116420117, 0.0009955199116420117, 0.0009955199116420117], [0.029424048277197825, 0.11070369900072566, 0.09089015507658219, 0.016914378559034254, 0.7510339276767319, 0.0010337914097281935], [0.7269278298849354, 0.22705671268045532, 0.0019397259683321838, 0.024677469588927938, 0.01839050340205291, 0.0010077584752962918], [0.06659036117586495, 0.3113331116448606, 0.0018012939565403322, 0.028479376698437687, 0.5907958992923096, 0.000999957231986836], [0.6059608688717169, 0.32624276417496295, 0.0017189142752880029, 0.03270654443541831, 0.032370972496018856, 0.0009999357465951169], [0.45633123046291524, 0.4577755122173896, 0.0014744618885859468, 0.03524547758071924, 0.04817347701227607, 0.0009998408381139507], [0.603680790492535, 0.3319445144558443, 0.0016994271176944654, 0.02988526047412237, 0.031790073927210234, 0.0009999335325938177], [0.6371849247208111, 0.29765022141540076, 0.0018288721642133697, 0.030011610769039868, 0.03232441893177721, 0.0009999519987575274], [0.7514909626388452, 0.20716750356192326, 0.0018635627937603231, 0.01829077648595062, 0.020178843125980613, 0.0010083513935400254], [0.771705746445604, 0.18917358177645913, 0.0019253455002115171, 0.017651152260013077, 0.018518939200939513, 0.0010252348167728836], [0.7814673727053405, 0.18740289698046905, 0.002924364094006228, 0.018949879329160358, 0.00816151735945707, 0.0010939695315667793], [0.0009953351796050825, 0.0853942016704341, 0.0031486287139038025, 0.006297257427807605, 0.9029867127722991, 0.0011778642359502713], [0.0010825533991136607, 0.07898122246315102, 0.003163385338347107, 0.006326770676694214, 0.9092626836105364, 0.0011833845121576138], [0.9160094768884114, 0.07429659011682646, 0.003180997134965241, 0.004326156103552727, 0.0009968068822147889, 0.0011899728740294745], [0.01822656452156205, 0.19712896692077891, 0.0029043753592344827, 0.019052702356578206, 0.7616008988562047, 0.001086491985641606], [0.77854057344848, 0.19158403877598407, 0.002924364094006228, 0.018949879329160358, 0.006907174820802564, 0.0010939695315667793], [0.7589665470877901, 0.1997150640084836, 0.00191214720940723, 0.02007977926965779, 0.018301883182450813, 0.0010245792422103458], [0.04829071623091674, 0.21453326273706932, 0.0018560287421050309, 0.023436957264268008, 0.7108759747102635, 0.0010070603153773726], [0.6417284858762254, 0.2942768632937445, 0.0017188266796745017, 0.029289484756140956, 0.03198638658296461, 0.0009999528112499512], [0.614552338614714, 0.3167197673255657, 0.001690275912745407, 0.03153941505258847, 0.03449826485786991, 0.0009999382365164745], [0.08595539084085256, 0.45212719122709294, 0.0014191309533131216, 0.030329491496972814, 0.4291689648097024, 0.0009998306720663183], [0.06899138940930422, 0.3432520943454444, 0.001675980761534564, 0.03179931534948172, 0.553281332861677, 0.0009998872725581877], [0.6402228899002261, 0.2939820231312402, 0.001748178732735956, 0.027613624897545187, 0.03543333163785512, 0.0009999517003975995], [0.7449503949158911, 0.20770044917354538, 0.0018751109525836308, 0.02074354244356647, 0.023722099720140354, 0.0010084027942730777], [0.7587163599069806, 0.19580527741429957, 0.0019257147155656896, 0.020841792617661264, 0.021686617512730842, 0.001024237832762006], [0.7784341820130941, 0.19173602654082111, 0.002924364094006228, 0.018949879329160358, 0.006861578491351451, 0.0010939695315667793], [0.03897871108494809, 0.20937399021839098, 0.0019021029553163266, 0.020334040522910306, 0.7283862258693893, 0.0010249293490450036], [0.7373591276863968, 0.20994580454367562, 0.0018677523919461226, 0.02433135308860587, 0.025488401100544428, 0.0010075611888311952], [0.6315275705104416, 0.29359565540611365, 0.0017550180707426005, 0.031287981072803034, 0.040833821870617196, 0.000999953069281814], [0.6027423739180796, 0.3249677439161877, 0.0017265679947080332, 0.03483830975251415, 0.034725067186395134, 0.0009999372321152754], [0.09133606439083218, 0.45115961157405987, 0.0014965860562863795, 0.0385614276714776, 0.41644647759408193, 0.0009998327132622305], [0.10326142042581982, 0.463261121003307, 0.0014865359979441845, 0.036212548676018794, 0.394778550368665, 0.000999823528245327], [0.32161404447907926, 0.20561508404022763, 0.24007480635322231, 0.04412061928643675, 0.18757549267028154, 0.0009999531707526681], [0.9950224004417905, 0.0009955199116420117, 0.0009955199116420117, 0.0009955199116420117, 0.0009955199116420117, 0.0009955199116420117], [0.46204010949442226, 0.21864463203661838, 0.24047535430881378, 0.03169971122924019, 0.046140353598861684, 0.0009998393320437655], [0.06488290018276865, 0.34454612335343726, 0.0016820810659183287, 0.03091725231229659, 0.5569717560674281, 0.000999887018151009], [0.6267507161764393, 0.3047033317773123, 0.001752156707035424, 0.03313050687805315, 0.032663336372442016, 0.000999952088717915], [0.7324412225898863, 0.21999089453264603, 0.0018612416446897942, 0.024659563579939755, 0.020038823795016893, 0.0010082538578210717], [0.7511321958847855, 0.12014583192180613, 0.09320586034763217, 0.016885185168968177, 0.017605131561423813, 0.0010257951153841486], [0.9950224004417905, 0.0009955199116420117, 0.0009955199116420117, 0.0009955199116420117, 0.0009955199116420117, 0.0009955199116420117]], [[0.9950224004417905, 0.0009955199116420117, 0.0009955199116420117, 0.0009955199116420117, 0.0009955199116420117, 0.0009955199116420117], [0.7446636563562714, 0.1176374404689333, 0.09856980195892373, 0.017312831653601115, 0.02080932382960253, 0.0010069457326680221], [0.6398130279650622, 0.2969965456668583, 0.0017961471385998507, 0.03280100036615148, 0.0275933273921883, 0.0009999514711398398], [0.6065699746546941, 0.3305160709161691, 0.0017190761921759233, 0.03151071681635235, 0.028684225523813774, 0.0009999358967948744], [0.45709580810547495, 0.4576701777312162, 0.0014627094969918751, 0.033508659604581555, 0.04926280099961551, 0.0009998440621198205], [0.43677013063826814, 0.479212850721622, 0.0014409926125094406, 0.034375544910452416, 0.047200640234258975, 0.0009998408828889708], [0.09290562234511145, 0.4520197035142504, 0.0014113902126493597, 0.03391635154886184, 0.4187471042563056, 0.0009998281228212596], [0.604526774926744, 0.3267791411502637, 0.0017003150222973129, 0.03193346146011058, 0.034060373107088315, 0.000999934333496172], [0.07001483192124126, 0.28513391300744045, 0.0018353784265692783, 0.027727239924523334, 0.6142886785826329, 0.0009999581375928373], [0.7514973558771783, 0.20098945226980872, 0.0018633453735000917, 0.021526135409839917, 0.023115575465916634, 0.0010081356037565305], [0.7774767066130784, 0.18504511865982884, 0.0019127830637423926, 0.014896791605083776, 0.019643931986027558, 0.0010246680722389879], [0.7810604269198299, 0.1879842481026271, 0.002924364094006228, 0.018949879329160358, 0.007987112022809663, 0.0010939695315667793], [0.9123292783765394, 0.07798776795586257, 0.003177394344614669, 0.004321256308675949, 0.0009956779009349407, 0.0011886251133726444], [0.7812146553883969, 0.18776392171896006, 0.002924364094006228, 0.018949879329160358, 0.008053209937909773, 0.0010939695315667793], [0.7642221964821413, 0.19515750355886863, 0.0019073764307477989, 0.01846955586406101, 0.01921898941516945, 0.0010243782490117603], [0.7553104691482507, 0.19813661527103263, 0.0019073763978847192, 0.023659176835009996, 0.019961984116459743, 0.0010243782313622688], [0.05434548937476345, 0.21361719587970274, 0.0018532391112234016, 0.0223894322910355, 0.7067889554067234, 0.0010056879365516528], [0.6449645237962572, 0.2809385197850562, 0.001708814870682035, 0.029441699415167097, 0.04194649027105117, 0.0009999518617863994], [0.08231917535829554, 0.3259563543539311, 0.0015349082866193073, 0.03035562419739912, 0.5588340509079286, 0.0009998868958264481], [0.09208706077771919, 0.43349154361422854, 0.0013767426486660612, 0.0327722626642549, 0.4392725589352734, 0.0009998313598578194], [0.44500011353030083, 0.47035377350233576, 0.0014191343214657514, 0.032740615507998116, 0.04948652063109603, 0.0009998425068035782], [0.45577711470378246, 0.4590785467176528, 0.0014358025420172134, 0.03343757148455286, 0.04927111893129728, 0.0009998456206973393], [0.6070064058340302, 0.3159881113439363, 0.0017053947728875622, 0.03630969388376451, 0.037990460997941185, 0.0009999331674404612], [0.6489740243465307, 0.28141272981878035, 0.0017389331801268217, 0.02845848417076781, 0.03841587645790947, 0.000999952025884917], [0.7402753661674016, 0.20469673521159057, 0.0018663527768884114, 0.02058561023778418, 0.031570060888475755, 0.001005874717859454], [0.7492046224877833, 0.2052591752217558, 0.001907353882116359, 0.020276642640800112, 0.02232785006677854, 0.0010243557007658002], [0.775586876556443, 0.1958036057646085, 0.002924364094006228, 0.018949879329160358, 0.005641304724215233, 0.0010939695315667793], [0.7493432055305543, 0.20402477282196185, 0.0019073515912848046, 0.021805198960874603, 0.02189511768703498, 0.001024353408289533], [0.05654521545511471, 0.21652938544949055, 0.0018529496986703145, 0.031181557564720228, 0.6928854933119523, 0.0010053985200518482], [0.6175473075714597, 0.29123221371203595, 0.0017090541028167673, 0.03185304992378457, 0.056658422619081696, 0.0009999520708212555], [0.589110898455617, 0.33351982559998994, 0.0017273532353339522, 0.03429460527981272, 0.04034737954733305, 0.000999937881913259], [0.4526673397721837, 0.45482414608803545, 0.0014832607149331883, 0.03717566871419861, 0.05284973714848913, 0.000999847562160122], [0.4434713188600615, 0.229984956276592, 0.23768432829600417, 0.030817411593637486, 0.057042146508047654, 0.0009998384656572242], [0.9950224004417905, 0.0009955199116420117, 0.0009955199116420117, 0.0009955199116420117, 0.0009955199116420117, 0.0009955199116420117], [0.0937328795995339, 0.16461659654954258, 0.14188002390557777, 0.02922339000337458, 0.5695472178566581, 0.0009998920853132001], [0.6380974596066125, 0.29460845145645986, 0.0017231885397644322, 0.02962643405296478, 0.03494451216868788, 0.0009999541755107179], [0.7107527532149754, 0.2348954700699954, 0.001861659370266622, 0.025841891252454008, 0.025642139906952365, 0.001006086185356431], [0.051384802628018963, 0.21754546630646152, 0.0019758294567728935, 0.024854491081741575, 0.7032131603695916, 0.0010262501574134452], [0.7760739993177951, 0.11766565346294425, 0.08406870380478493, 0.01513702423077845, 0.005965661644242002, 0.0010889575394553888], [0.9950224004417905, 0.0009955199116420117, 0.0009955199116420117, 0.0009955199116420117, 0.0009955199116420117, 0.0009955199116420117]], [[0.9950224004417905, 0.0009955199116420117, 0.0009955199116420117, 0.0009955199116420117, 0.0009955199116420117, 0.0009955199116420117], [0.6444618238652524, 0.15449954515496436, 0.14687378343357363, 0.023749048898248394, 0.029415852081248747, 0.0009999465667125203], [0.6181591787743385, 0.31218108585049215, 0.0017189142720864812, 0.033105722694572, 0.03383516266377829, 0.000999935744732711], [0.4651206883707426, 0.45504414880098365, 0.0014627094733830654, 0.033508660592778544, 0.04386394872607575, 0.000999844036036374], [0.4377168300056584, 0.4672388167635135, 0.0014451988668187123, 0.03529831191319061, 0.057301003258519626, 0.0009998391922991946], [0.2941825377853404, 0.5207283469477072, 0.001182054791088355, 0.03168400997924545, 0.15122322316393727, 0.000999827332681359], [0.4452728783161583, 0.4695490908633149, 0.0014402247534388583, 0.033887943942185826, 0.048850021944032825, 0.0009998401808693589], [0.46288061464747265, 0.4530114824822882, 0.0014660652848996222, 0.034200661636658664, 0.04744133602623567, 0.000999839922445323], [0.6196251866765495, 0.3107135494904866, 0.0016981352242470625, 0.030498804476665902, 0.036464391772624345, 0.0009999323594266953], [0.6578047547014364, 0.2738028861504808, 0.0018273929279281661, 0.028262783806648425, 0.03730223149890257, 0.0009999509146038333], [0.7761074839007471, 0.17972952840417103, 0.0018676309701723328, 0.021334388783234723, 0.019953846530434537, 0.0010071214112403286], [0.03318882185868526, 0.1875955848504998, 0.0019147722222151507, 0.01733320189322148, 0.7589421261200653, 0.0010254930553129685], [0.7789276593716546, 0.1910310588857347, 0.002924364094006228, 0.018949879329160358, 0.007073068787877373, 0.0010939695315667793], [0.7731266721192639, 0.18303037264007962, 0.001906384517233951, 0.017998352651598194, 0.02291483173552993, 0.00102338633629457], [0.7539588017144265, 0.20197943543048863, 0.0018783958497504325, 0.018378876376098596, 0.02279715227769463, 0.0010073383515413518], [0.7402600362174669, 0.20929408377581551, 0.001858598741724495, 0.019802443717797304, 0.027779226591545466, 0.0010056109556501789], [0.6435289430408874, 0.2790042112954887, 0.001707473556507926, 0.02884334482909064, 0.045916076761708086, 0.0009999505163173297], [0.08671549804395419, 0.3187492515675892, 0.0015318245878754677, 0.03406870712700098, 0.5579348257166422, 0.0009998929569380356], [0.4809736353861704, 0.42312620846989485, 0.0014375018936954474, 0.033751739211976266, 0.059711067736746545, 0.0009998473015166312], [0.4520770429967075, 0.4552318519088584, 0.0014229997529117359, 0.031405631830741895, 0.05886262713626374, 0.0009998463745167362], [0.3091441118750607, 0.5034419576646454, 0.0011455645476272334, 0.03454592498168039, 0.15072260421890973, 0.0009998367120767678], [0.09862776966033628, 0.45140245855631583, 0.0013526977836981684, 0.032357868216927745, 0.4152593868451608, 0.0009998189375613356], [0.4774038589741268, 0.43991068448228665, 0.0014390096076051133, 0.03315483976162206, 0.047091758362874575, 0.0009998488114849307], [0.6203698467472386, 0.3027167779755448, 0.0016799331556801537, 0.030267093580090408, 0.04396641233744883, 0.000999936203997167], [0.08090591869420376, 0.2846615320750896, 0.00170947488720912, 0.028496049581517583, 0.6032270694871278, 0.0009999552748522563], [0.745543869686226, 0.19998550520751648, 0.001857585806021875, 0.02166895285420393, 0.02993948840619937, 0.0010045980398325537], [0.7552177855169256, 0.1883590478453665, 0.0019060589714301537, 0.020012504671793226, 0.03348154218957671, 0.0010230608049077035], [0.7477717988911227, 0.19523220809651576, 0.0018601987628189813, 0.022492197050176497, 0.03163638622103269, 0.001007210978333479], [0.6526969857936928, 0.271499287396724, 0.0017105940429580995, 0.028542530618259745, 0.044550648520753425, 0.0009999536276119802], [0.6231659922591984, 0.29884023723153397, 0.001673303752434928, 0.03130532366822471, 0.044015204557344735, 0.0009999385312633102], [0.4640316924892074, 0.4446335021629968, 0.0014391240440896436, 0.037307928330404395, 0.051587904051280865, 0.000999848922020887], [0.5890428520706659, 0.32719669928811895, 0.0016895753219506448, 0.0335567441198742, 0.047514192459948146, 0.0009999367394421515], [0.4713772916862288, 0.21382398045417791, 0.2296055671698574, 0.029385873040546243, 0.054807444558653204, 0.0009998430905364358], [0.9950224004417905, 0.0009955199116420117, 0.0009955199116420117, 0.0009955199116420117, 0.0009955199116420117, 0.0009955199116420117], [0.643323612362524, 0.14671655963831176, 0.13579114658214178, 0.025131164867531162, 0.04803757018415789, 0.0009999463653336948], [0.7240121106654379, 0.12713175089315212, 0.08990204417591655, 0.02258881216761516, 0.03535767217840118, 0.0010076099194771043], [0.08324260855794874, 0.2919652919845342, 0.0017234899032537525, 0.0327538596215411, 0.5893147928440933, 0.0009999570886289448], [0.050260687471882795, 0.2313936520382687, 0.0019232643417679395, 0.02549866760067714, 0.6899125311655042, 0.0010111973818992068], [0.044543316050051636, 0.1303065464375408, 0.08810643096785059, 0.015793641428691198, 0.7202168425268302, 0.0010332225890356322], [0.9950224004417905, 0.0009955199116420117, 0.0009955199116420117, 0.0009955199116420117, 0.0009955199116420117, 0.0009955199116420117]], [[0.9950224004417905, 0.0009955199116420117, 0.0009955199116420117, 0.0009955199116420117, 0.0009955199116420117, 0.0009955199116420117], [0.7405338706375659, 0.1154188357971613, 0.10033021270283346, 0.01857145007368461, 0.02413763112695402, 0.0010079996618007115], [0.07616024100401518, 0.29663060948952147, 0.001755697175603073, 0.031749701837079286, 0.5927037976676307, 0.0009999528261503147], [0.597477139668543, 0.32436707610590365, 0.0016890471116576566, 0.034494661328577036, 0.040972144357670125, 0.000999931427648585], [0.45538271041928374, 0.4498570249891005, 0.0014561126506392435, 0.03735891136017935, 0.054945397346531547, 0.0009998432342658463], [0.10133765443628327, 0.45161335848876055, 0.0013881011994161586, 0.03373078616515582, 0.41093027583345876, 0.0009998238769254836], [0.45968068903906745, 0.4537376976153348, 0.0014579411272756166, 0.036107972207652696, 0.048015855056773984, 0.0009998449538955604], [0.6214016479136321, 0.3101832940115476, 0.0017020249758916588, 0.026992058303045442, 0.03872103734971057, 0.0009999374461727596], [0.6567667080802465, 0.2768393014670512, 0.0017127301407465355, 0.02750958377450536, 0.03617172415017662, 0.0009999523872737525], [0.7649803610059172, 0.19033344225441762, 0.0018739282720313347, 0.019051631366827484, 0.022752775502604992, 0.0010078615982012252], [0.7661879382812452, 0.18744629058693202, 0.0019117095221048528, 0.02398743350089635, 0.01944396252016635, 0.0010226655886552672], [0.7761739745372992, 0.1949648943633852, 0.002924364094006228, 0.018949879329160358, 0.005892918144582222, 0.0010939695315667793], [0.7595414740282332, 0.1968400849720616, 0.001905675732179676, 0.01749599132526563, 0.023195005476553284, 0.0010217684657064757], [0.7643213931993135, 0.188647577993108, 0.0018611165142895928, 0.02093226061285181, 0.02322952292677613, 0.0010081287536611184], [0.6643118215706227, 0.2655856762458265, 0.001709652273651642, 0.02969576677991828, 0.03769713043969765, 0.0009999526902834406], [0.6486853418366147, 0.27569813072963745, 0.0017091073894699236, 0.029290484274413997, 0.04361698364863833, 0.000999952121225511], [0.09655887693348005, 0.30441368663548624, 0.001527522256977357, 0.03254730528834645, 0.5639527202240626, 0.0009998886616473042], [0.4824166244986629, 0.4153014098908027, 0.0014384037724932484, 0.03459753162860618, 0.06524618197862171, 0.0009998482308131529], [0.0954421458198768, 0.3097104468337415, 0.0015229792157172052, 0.03475319576860545, 0.5575713482136774, 0.0009998841483817335], [0.47640009672923583, 0.4219512393513285, 0.0014388780512065412, 0.03300879121139922, 0.0662011459859896, 0.0009998486708404023], [0.46006566974665275, 0.4372653168338198, 0.0014270868664267877, 0.03749767317317546, 0.06274440290424681, 0.0009998504756783952], [0.480329782862489, 0.42409821520121965, 0.00144066615804535, 0.03639584662311096, 0.05673563869902728, 0.0009998504561078664], [0.6360325263389006, 0.28935837621342775, 0.0016736501178142627, 0.02832672219400219, 0.0436087862755891, 0.000999938860266026], [0.6507419855038881, 0.2734916924439322, 0.001709415820776366, 0.02929393811403713, 0.04376301568825055, 0.0009999524291158324], [0.6312975709069759, 0.289736843062298, 0.0016733100520287779, 0.02632626611495488, 0.04996607134341792, 0.0009999385203243716], [0.08591935174491624, 0.27314674340805184, 0.0017134070885753776, 0.03160997458231377, 0.6066105639713272, 0.000999959204815795], [0.7489549833085843, 0.19177213596351395, 0.001857901361670118, 0.023019698333599424, 0.03339036745862513, 0.0010049135740069885], [0.6535328664288831, 0.2710904182711478, 0.0017116387404705405, 0.02919914022129121, 0.04346598167330823, 0.000999954664899247], [0.6244252565597908, 0.2936293506180862, 0.0016738298473955892, 0.025312822176028267, 0.05395880174178725, 0.000999939056911967], [0.477594221251194, 0.4246495130537481, 0.0014403536576736275, 0.03677177582795853, 0.05854428603926133, 0.000999850170164497], [0.461947547836948, 0.44880124389148385, 0.00142650598868849, 0.036943401510647345, 0.049881450872798286, 0.0009998498994340374], [0.4686659072102242, 0.43604878162913724, 0.001441378816279039, 0.032500589927004504, 0.060343491249720604, 0.000999851167634454], [0.47871042114783574, 0.20955763248849088, 0.22411405026186526, 0.028184545624334846, 0.05843350650750063, 0.0009998439699725652], [0.9950224004417905, 0.0009955199116420117, 0.0009955199116420117, 0.0009955199116420117, 0.0009955199116420117, 0.0009955199116420117], [0.9950224004417905, 0.0009955199116420117, 0.0009955199116420117, 0.0009955199116420117, 0.0009955199116420117, 0.0009955199116420117], [0.9950224004417905, 0.0009955199116420117, 0.0009955199116420117, 0.0009955199116420117, 0.0009955199116420117, 0.0009955199116420117], [0.6271902635481773, 0.16965034434716358, 0.13951285892356394, 0.03175162185032143, 0.03089497551078533, 0.0009999358199885178], [0.6319282279183311, 0.2995300271218816, 0.0017107017173175873, 0.02722684395902846, 0.0386042455660362, 0.0009999537174051562], [0.03727789959221499, 0.14328770507652117, 0.10003437055993948, 0.02112592605804334, 0.6972566094728645, 0.0010174892404166476], [0.9950224004417905, 0.0009955199116420117, 0.0009955199116420117, 0.0009955199116420117, 0.0009955199116420117, 0.0009955199116420117]], [[0.9950224004417905, 0.0009955199116420117, 0.0009955199116420117, 0.0009955199116420117, 0.0009955199116420117, 0.0009955199116420117], [0.7361280170819637, 0.11803740848686337, 0.09516709303542845, 0.0201740246623485, 0.029484634850072935, 0.001008821883322889], [0.6313675645972086, 0.3021093230116577, 0.001729544302138622, 0.029305663640564597, 0.03448795508193908, 0.0009999493664915459], [0.08732180196811407, 0.336273289673004, 0.0015531740564687297, 0.03513022260052923, 0.5387216275637146, 0.0009998841381693236], [0.4588817152243079, 0.4530939077331602, 0.0014550703883730329, 0.03707368193055418, 0.0484957824472628, 0.0009998422763419657], [0.4647122948762979, 0.44423391457355993, 0.0014578482071176302, 0.03394404317633409, 0.05465205430350808, 0.0009998448631823537], [0.6130787999677009, 0.3106194411289488, 0.0016968910168036837, 0.027422843576301356, 0.04618209150247053, 0.0009999328077747263], [0.6421050161000083, 0.2833928795307022, 0.0017312388033188676, 0.029571119680702404, 0.04219979492253975, 0.0009999509627285606], [0.056057043567997386, 0.2082266895120247, 0.0018910423108614693, 0.020538007609205024, 0.7122743264013242, 0.0010128905985872275], [0.7587220977493061, 0.19505734155918913, 0.0019062405726394363, 0.022659147100897, 0.020631930609384324, 0.0010232424085840546], [0.012934464964387668, 0.20468910914531377, 0.0029043753592344827, 0.019052702356578206, 0.7593328561888443, 0.001086491985641606], [0.036435764884922735, 0.20827496429613318, 0.0019009995783311627, 0.021196579147341476, 0.7311678661252964, 0.001023825967975182], [0.763131582443154, 0.19536366954064405, 0.0018683512356138649, 0.01876382625082727, 0.01986614366479143, 0.0010064268649694146], [0.000995519911642011, 0.000995519911642011, 0.000995519911642011, 0.000995519911642011, 0.000995519911642011, 0.99502240044179], [0.000995519911642011, 0.000995519911642011, 0.000995519911642011, 0.000995519911642011, 0.000995519911642011, 0.99502240044179], [0.6316389857001553, 0.2829542213575162, 0.0016708998003441937, 0.029469600981317477, 0.053266356026403325, 0.0009999361342635138], [0.11005735188530404, 0.4033700076605171, 0.0013760884090815758, 0.03386541745462483, 0.45033130390153847, 0.0009998306889340122], [0.46391398865737843, 0.4378144736481616, 0.0014248380933041273, 0.03545903154640871, 0.060387819824301546, 0.0009998482304456613], [0.48169348761803255, 0.4204996316274434, 0.0014384529996178115, 0.03158833767799125, 0.06378024182859182, 0.0009998482483231676], [0.6122902600851776, 0.3051317385764062, 0.0016705792002832264, 0.028921221913507884, 0.050986264412265975, 0.0009999358123593913], [0.4859794100268543, 0.4137065004096312, 0.001436810958878776, 0.03254664057464108, 0.06533079141552678, 0.0009998466144680654], [0.6194318820391523, 0.29317023435952927, 0.0016728218306729266, 0.03229123484614981, 0.052433888868741695, 0.000999938055754089], [0.647957981611216, 0.2725575976131816, 0.0017086265112168778, 0.03043891140847835, 0.0463369311942352, 0.0009999516616719345], [0.6305943945220647, 0.2893974247164612, 0.001672939585830444, 0.02827986981655741, 0.04905543320626253, 0.000999938152823911], [0.10088217891963713, 0.4081728028307534, 0.0013768254260146428, 0.03125750604067846, 0.45731085534319826, 0.0009998314397182356], [0.6290640507907377, 0.2897110062947536, 0.0016723218862701556, 0.02946917518418707, 0.04908350831436507, 0.0009999375296865772], [0.0969493693727028, 0.2776188593215144, 0.001709789755228697, 0.030861216131188002, 0.591860809806927, 0.000999955612439188], [0.6312784109447322, 0.29181435914229537, 0.001672950695846458, 0.02950511475170263, 0.04472922629311283, 0.0009999381723106065], [0.47848897526712714, 0.42352393320645315, 0.001439194980293282, 0.03458776448300569, 0.06096028303863749, 0.0009998490244834163], [0.46206767909000435, 0.4412575304862463, 0.0014248039750513262, 0.03264144268962084, 0.061608695555258296, 0.0009998482038188442], [0.32472817763762535, 0.4909650968288662, 0.0011547175554407802, 0.03134563220570685, 0.15080653347102732, 0.0009998423013334026], [0.47643421261542435, 0.4229316941972556, 0.0014682452321676017, 0.03684346298530695, 0.061322521268129614, 0.0009998637017160324], [0.47615376490154027, 0.4206990500294497, 0.0014668772520267021, 0.037617694878425256, 0.0630627506240428, 0.0009998623145154489], [0.4768696620372899, 0.20806750747047068, 0.22514619397552824, 0.032881840235499185, 0.05603495587423209, 0.0009998404069799425], [0.6137213726004764, 0.1648540733016455, 0.14322078760399237, 0.026875210574807705, 0.05032862212620845, 0.0009999337928697065], [0.9950224004417905, 0.0009955199116420117, 0.0009955199116420117, 0.0009955199116420117, 0.0009955199116420117, 0.0009955199116420117], [0.47232913894191847, 0.21099696492083037, 0.23145628234676066, 0.03375984000827595, 0.05045793117196469, 0.0009998426102498985], [0.5990295182339135, 0.18307814775029863, 0.1532185135994252, 0.03091931021143414, 0.03275457331153667, 0.000999936893391784], [0.06241529658588182, 0.1574190328161159, 0.15741666789101597, 0.02393856695229474, 0.5978104775331113, 0.000999958221580345], [0.9950224004417905, 0.0009955199116420117, 0.0009955199116420117, 0.0009955199116420117, 0.0009955199116420117, 0.0009955199116420117]], [[0.9950224004417905, 0.0009955199116420117, 0.0009955199116420117, 0.0009955199116420117, 0.0009955199116420117, 0.0009955199116420117], [0.654338564650041, 0.15117854928399388, 0.1448758877680586, 0.02055241742067035, 0.02805463430260824, 0.0009999465746279163], [0.6029040034508161, 0.3286532767039551, 0.0016981958256434664, 0.02791467557204149, 0.03782991285414074, 0.0009999355934031497], [0.44439299711376185, 0.46437546503666427, 0.001456345700350122, 0.03394041213253893, 0.054834936558196185, 0.0009998434584886579], [0.43753295592764246, 0.46940776052010735, 0.001444256123083871, 0.033679324137746804, 0.05693586498483661, 0.000999838306583129], [0.44730591614470566, 0.4510481691624837, 0.0014641133604213492, 0.04073754675886535, 0.05844440925672569, 0.0009998453167984912], [0.6113710817284176, 0.30958051333245235, 0.0016968910199641773, 0.03221294147000081, 0.04413863963952795, 0.000999932809637121], [0.6484109422864237, 0.27833786452620085, 0.0017312540506008865, 0.026762807353967497, 0.04375718082551071, 0.0009999509572962866], [0.7429356197875436, 0.19948737827017846, 0.0018683725046695927, 0.021544285798823757, 0.033157896106749914, 0.0010064475320346997], [0.05362004587973499, 0.19491888574883556, 0.0019011071694612638, 0.016515408376625487, 0.7320206192625612, 0.001023933562781475], [0.7500800130128252, 0.19878793682088797, 0.001906581013490479, 0.019974265881815504, 0.028227620424012848, 0.0010235828469680288], [0.04579269077839064, 0.21174013965575617, 0.0018574808544642293, 0.022010384692413672, 0.7175893743620985, 0.0010099296568768501], [0.09310047125901998, 0.27418139372394434, 0.0017092803178836132, 0.029643590759129194, 0.600365308854751, 0.0009999550852719113], [0.000995519911642011, 0.000995519911642011, 0.000995519911642011, 0.000995519911642011, 0.000995519911642011, 0.99502240044179], [0.12409041646796277, 0.39994973234721065, 0.0013740139242832037, 0.03042772086021582, 0.44315828776777216, 0.000999828632555385], [0.1039251255997893, 0.41895079321539247, 0.0013717884070121242, 0.034808242636537694, 0.4399442237466301, 0.0009998263946383078], [0.4635317673117994, 0.44185192827912234, 0.0014243995331540281, 0.035009352725890557, 0.057182704364895545, 0.0009998477851382462], [0.33063469056339395, 0.4783440241628285, 0.0011531890179514717, 0.026937471377450256, 0.16193078411941456, 0.000999840758961405], [0.4938730340506129, 0.4028241326496427, 0.0014703992146977557, 0.03510764313791247, 0.06572492512094757, 0.000999865826186659], [0.48318119462228243, 0.4167937333410584, 0.0014368934452973108, 0.03313796304766609, 0.06445036882360067, 0.000999846720095085], [0.6124186846766716, 0.30167757477309837, 0.001670971243716556, 0.029711034727093716, 0.05352179837383656, 0.0009999362055831554], [0.6431915656495036, 0.275279022119383, 0.0017077308570396543, 0.03164626335196836, 0.047175467272208844, 0.0009999507498964324], [0.6350906363562479, 0.28693982888890884, 0.001672991415917318, 0.02749556070165176, 0.04780104441780655, 0.0009999382194677204], [0.4792438229367387, 0.418998